Table,Year, Month, Day,Extent, Missing, Source
North,1978,10,26,10.231,0, ['/ecs/DP1/PM/NSIDC-0051.001/1978.10.26/nt_19781026_n07_v1.1_n.bin']
North,1978,10,28,10.42,0, ['/ecs/DP1/PM/NSIDC-0051.001/1978.10.28/nt_19781028_n07_v1.1_n.bin']
North,1978,10,30,10.557,0, ['/ecs/DP1/PM/NSIDC-0051.001/1978.10.30/nt_19781030_n07_v1.1_n.bin']
North,1978,11,1,10.67,0, ['/ecs/DP1/PM/NSIDC-0051.001/1978.11.01/nt_19781101_n07_v1.1_n.bin']
North,1978,11,3,10.777,0, ['/ecs/DP1/PM/NSIDC-0051.001/1978.11.03/nt_19781103_n07_v1.1_n.bin']
North,1978,11,5,10.968,0, ['/ecs/DP1/PM/NSIDC-0051.001/1978.11.05/nt_19781105_n07_v1.1_n.bin']
North,1978,11,7,11.08,0, ['/ecs/DP1/PM/NSIDC-0051.001/1978.11.07/nt_19781107_n07_v1.1_n.bin']
North,1978,11,9,11.189,0, ['/ecs/DP1/PM/NSIDC-0051.001/1978.11.09/nt_19781109_n07_v1.1_n.bin']
North,1978,11,11,11.314,0, ['/ecs/DP1/PM/NSIDC-0051.001/1978.11.11/nt_19781111_n07_v1.1_n.bin']
North,1978,11,13,11.46,0, ['/ecs/DP1/PM/NSIDC-0051.001/1978.11.13/nt_19781113_n07_v1.1_n.bin']
North,1978,11,15,11.539,0, ['/ecs/DP1/PM/NSIDC-0051.001/1978.11.15/nt_19781115_n07_v1.1_n.bin']
North,1978,11,17,11.696,0, ['/ecs/DP1/PM/NSIDC-0051.001/1978.11.17/nt_19781117_n07_v1.1_n.bin']
North,1978,11,19,11.87,0, ['/ecs/DP1/PM/NSIDC-0051.001/1978.11.19/nt_19781119_n07_v1.1_n.bin']
North,1978,11,21,12.053,0, ['/ecs/DP1/PM/NSIDC-0051.001/1978.11.21/nt_19781121_n07_v1.1_n.bin']
North,1978,11,23,12.274,0, ['/ecs/DP1/PM/NSIDC-0051.001/1978.11.23/nt_19781123_n07_v1.1_n.bin']
North,1978,11,25,12.441,0, ['/ecs/DP1/PM/NSIDC-0051.001/1978.11.25/nt_19781125_n07_v1.1_n.bin']
North,1978,11,27,12.662,0, ['/ecs/DP1/PM/NSIDC-0051.001/1978.11.27/nt_19781127_n07_v1.1_n.bin']
North,1978,11,29,12.684,0, ['/ecs/DP1/PM/NSIDC-0051.001/1978.11.29/nt_19781129_n07_v1.1_n.bin']
North,1978,12,1,12.725,0, ['/ecs/DP1/PM/NSIDC-0051.001/1978.12.01/nt_19781201_n07_v1.1_n.bin']
North,1978,12,3,12.66,0, ['/ecs/DP1/PM/NSIDC-0051.001/1978.12.03/nt_19781203_n07_v1.1_n.bin']
North,1978,12,5,12.785,0, ['/ecs/DP1/PM/NSIDC-0051.001/1978.12.05/nt_19781205_n07_v1.1_n.bin']
North,1978,12,7,13.051,0, ['/ecs/DP1/PM/NSIDC-0051.001/1978.12.07/nt_19781207_n07_v1.1_n.bin']
North,1978,12,9,13.143,0, ['/ecs/DP1/PM/NSIDC-0051.001/1978.12.09/nt_19781209_n07_v1.1_n.bin']
North,1978,12,11,13.437,0, ['/ecs/DP1/PM/NSIDC-0051.001/1978.12.11/nt_19781211_n07_v1.1_n.bin']
North,1978,12,13,13.603,0, ['/ecs/DP1/PM/NSIDC-0051.001/1978.12.13/nt_19781213_n07_v1.1_n.bin']
North,1978,12,15,13.649,0, ['/ecs/DP1/PM/NSIDC-0051.001/1978.12.15/nt_19781215_n07_v1.1_n.bin']
North,1978,12,17,13.807,0, ['/ecs/DP1/PM/NSIDC-0051.001/1978.12.17/nt_19781217_n07_v1.1_n.bin']
North,1978,12,19,13.892,0, ['/ecs/DP1/PM/NSIDC-0051.001/1978.12.19/nt_19781219_n07_v1.1_n.bin']
North,1978,12,21,13.996,0, ['/ecs/DP1/PM/NSIDC-0051.001/1978.12.21/nt_19781221_n07_v1.1_n.bin']
North,1978,12,23,14.189,0, ['/ecs/DP1/PM/NSIDC-0051.001/1978.12.23/nt_19781223_n07_v1.1_n.bin']
North,1978,12,25,14.268,0, ['/ecs/DP1/PM/NSIDC-0051.001/1978.12.25/nt_19781225_n07_v1.1_n.bin']
North,1978,12,27,14.383,0, ['/ecs/DP1/PM/NSIDC-0051.001/1978.12.27/nt_19781227_n07_v1.1_n.bin']
North,1978,12,29,14.5,0, ['/ecs/DP1/PM/NSIDC-0051.001/1978.12.29/nt_19781229_n07_v1.1_n.bin']
North,1978,12,31,14.585,0, ['/ecs/DP1/PM/NSIDC-0051.001/1978.12.31/nt_19781231_n07_v1.1_n.bin']
North,1979,1,2,14.997,0, ['/ecs/DP1/PM/NSIDC-0051.001/1979.01.02/nt_19790102_n07_v1.1_n.bin']
North,1979,1,4,14.922,0, ['/ecs/DP1/PM/NSIDC-0051.001/1979.01.04/nt_19790104_n07_v1.1_n.bin']
North,1979,1,6,14.929,0, ['/ecs/DP1/PM/NSIDC-0051.001/1979.01.06/nt_19790106_n07_v1.1_n.bin']
North,1979,1,8,14.968,0, ['/ecs/DP1/PM/NSIDC-0051.001/1979.01.08/nt_19790108_n07_v1.1_n.bin']
North,1979,1,10,15.19,0, ['/ecs/DP1/PM/NSIDC-0051.001/1979.01.10/nt_19790110_n07_v1.1_n.bin']
North,1979,1,12,15.327,0, ['/ecs/DP1/PM/NSIDC-0051.001/1979.01.12/nt_19790112_n07_v1.1_n.bin']
North,1979,1,14,15.352,0, ['/ecs/DP1/PM/NSIDC-0051.001/1979.01.14/nt_19790114_n07_v1.1_n.bin']
North,1979,1,16,15.5,0, ['/ecs/DP1/PM/NSIDC-0051.001/1979.01.16/nt_19790116_n07_v1.1_n.bin']
North,1979,1,18,15.517,0, ['/ecs/DP1/PM/NSIDC-0051.001/1979.01.18/nt_19790118_n07_v1.1_n.bin']
North,1979,1,20,15.709,0, ['/ecs/DP1/PM/NSIDC-0051.001/1979.01.20/nt_19790120_n07_v1.1_n.bin']
North,1979,1,22,15.679,0, ['/ecs/DP1/PM/NSIDC-0051.001/1979.01.22/nt_19790122_n07_v1.1_n.bin']
North,1979,1,24,15.745,0, ['/ecs/DP1/PM/NSIDC-0051.001/1979.01.24/nt_19790124_n07_v1.1_n.bin']
North,1979,1,26,15.686,0, ['/ecs/DP1/PM/NSIDC-0051.001/1979.01.26/nt_19790126_n07_v1.1_n.bin']
North,1979,1,28,15.777,0, ['/ecs/DP1/PM/NSIDC-0051.001/1979.01.28/nt_19790128_n07_v1.1_n.bin']
North,1979,1,30,15.912,0, ['/ecs/DP1/PM/NSIDC-0051.001/1979.01.30/nt_19790130_n07_v1.1_n.bin']
North,1979,2,1,15.857,0, ['/ecs/DP1/PM/NSIDC-0051.001/1979.02.01/nt_19790201_n07_v1.1_n.bin']
North,1979,2,3,15.839,0, ['/ecs/DP1/PM/NSIDC-0051.001/1979.02.03/nt_19790203_n07_v1.1_n.bin']
North,1979,2,5,15.831,0, ['/ecs/DP1/PM/NSIDC-0051.001/1979.02.05/nt_19790205_n07_v1.1_n.bin']
North,1979,2,7,15.801,0, ['/ecs/DP1/PM/NSIDC-0051.001/1979.02.07/nt_19790207_n07_v1.1_n.bin']
North,1979,2,9,15.99,0, ['/ecs/DP1/PM/NSIDC-0051.001/1979.02.09/nt_19790209_n07_v1.1_n.bin']
North,1979,2,11,16.099,0, ['/ecs/DP1/PM/NSIDC-0051.001/1979.02.11/nt_19790211_n07_v1.1_n.bin']
North,1979,2,13,16.289,0, ['/ecs/DP1/PM/NSIDC-0051.001/1979.02.13/nt_19790213_n07_v1.1_n.bin']
North,1979,2,15,16.323,0, ['/ecs/DP1/PM/NSIDC-0051.001/1979.02.15/nt_19790215_n07_v1.1_n.bin']
North,1979,2,17,16.343,0, ['/ecs/DP1/PM/NSIDC-0051.001/1979.02.17/nt_19790217_n07_v1.1_n.bin']
North,1979,2,19,16.291,0, ['/ecs/DP1/PM/NSIDC-0051.001/1979.02.19/nt_19790219_n07_v1.1_n.bin']
North,1979,2,21,16.26,0, ['/ecs/DP1/PM/NSIDC-0051.001/1979.02.21/nt_19790221_n07_v1.1_n.bin']
North,1979,2,23,16.401,0, ['/ecs/DP1/PM/NSIDC-0051.001/1979.02.23/nt_19790223_n07_v1.1_n.bin']
North,1979,2,25,16.579,0, ['/ecs/DP1/PM/NSIDC-0051.001/1979.02.25/nt_19790225_n07_v1.1_n.bin']
North,1979,2,27,16.551,0, ['/ecs/DP1/PM/NSIDC-0051.001/1979.02.27/nt_19790227_n07_v1.1_n.bin']
North,1979,3,1,16.635,0, ['/ecs/DP1/PM/NSIDC-0051.001/1979.03.01/nt_19790301_n07_v1.1_n.bin']
North,1979,3,3,16.457,0, ['/ecs/DP1/PM/NSIDC-0051.001/1979.03.03/nt_19790303_n07_v1.1_n.bin']
North,1979,3,5,16.568,0, ['/ecs/DP1/PM/NSIDC-0051.001/1979.03.05/nt_19790305_n07_v1.1_n.bin']
North,1979,3,7,16.547,0, ['/ecs/DP1/PM/NSIDC-0051.001/1979.03.07/nt_19790307_n07_v1.1_n.bin']
North,1979,3,9,16.536,0, ['/ecs/DP1/PM/NSIDC-0051.001/1979.03.09/nt_19790309_n07_v1.1_n.bin']
North,1979,3,11,16.513,0, ['/ecs/DP1/PM/NSIDC-0051.001/1979.03.11/nt_19790311_n07_v1.1_n.bin']
North,1979,3,13,16.414,0, ['/ecs/DP1/PM/NSIDC-0051.001/1979.03.13/nt_19790313_n07_v1.1_n.bin']
North,1979,3,15,16.31,0, ['/ecs/DP1/PM/NSIDC-0051.001/1979.03.15/nt_19790315_n07_v1.1_n.bin']
North,1979,3,17,16.467,0, ['/ecs/DP1/PM/NSIDC-0051.001/1979.03.17/nt_19790317_n07_v1.1_n.bin']
North,1979,3,19,16.505,0, ['/ecs/DP1/PM/NSIDC-0051.001/1979.03.19/nt_19790319_n07_v1.1_n.bin']
North,1979,3,21,16.349,0, ['/ecs/DP1/PM/NSIDC-0051.001/1979.03.21/nt_19790321_n07_v1.1_n.bin']
North,1979,3,23,16.279,0, ['/ecs/DP1/PM/NSIDC-0051.001/1979.03.23/nt_19790323_n07_v1.1_n.bin']
North,1979,3,25,16.264,0, ['/ecs/DP1/PM/NSIDC-0051.001/1979.03.25/nt_19790325_n07_v1.1_n.bin']
North,1979,3,27,16.06,0, ['/ecs/DP1/PM/NSIDC-0051.001/1979.03.27/nt_19790327_n07_v1.1_n.bin']
North,1979,3,29,15.763,0, ['/ecs/DP1/PM/NSIDC-0051.001/1979.03.29/nt_19790329_n07_v1.1_n.bin']
North,1979,3,31,15.804,0, ['/ecs/DP1/PM/NSIDC-0051.001/1979.03.31/nt_19790331_n07_v1.1_n.bin']
North,1979,4,2,15.66,0, ['/ecs/DP1/PM/NSIDC-0051.001/1979.04.02/nt_19790402_n07_v1.1_n.bin']
North,1979,4,4,15.641,0, ['/ecs/DP1/PM/NSIDC-0051.001/1979.04.04/nt_19790404_n07_v1.1_n.bin']
North,1979,4,6,15.695,0, ['/ecs/DP1/PM/NSIDC-0051.001/1979.04.06/nt_19790406_n07_v1.1_n.bin']
North,1979,4,8,15.794,0, ['/ecs/DP1/PM/NSIDC-0051.001/1979.04.08/nt_19790408_n07_v1.1_n.bin']
North,1979,4,10,15.761,0, ['/ecs/DP1/PM/NSIDC-0051.001/1979.04.10/nt_19790410_n07_v1.1_n.bin']
North,1979,4,12,15.655,0, ['/ecs/DP1/PM/NSIDC-0051.001/1979.04.12/nt_19790412_n07_v1.1_n.bin']
North,1979,4,14,15.5,0, ['/ecs/DP1/PM/NSIDC-0051.001/1979.04.14/nt_19790414_n07_v1.1_n.bin']
North,1979,4,16,15.454,0, ['/ecs/DP1/PM/NSIDC-0051.001/1979.04.16/nt_19790416_n07_v1.1_n.bin']
North,1979,4,18,15.51,0, ['/ecs/DP1/PM/NSIDC-0051.001/1979.04.18/nt_19790418_n07_v1.1_n.bin']
North,1979,4,20,15.343,0, ['/ecs/DP1/PM/NSIDC-0051.001/1979.04.20/nt_19790420_n07_v1.1_n.bin']
North,1979,4,22,15.255,0, ['/ecs/DP1/PM/NSIDC-0051.001/1979.04.22/nt_19790422_n07_v1.1_n.bin']
North,1979,4,24,15.224,0, ['/ecs/DP1/PM/NSIDC-0051.001/1979.04.24/nt_19790424_n07_v1.1_n.bin']
North,1979,4,26,15.141,0, ['/ecs/DP1/PM/NSIDC-0051.001/1979.04.26/nt_19790426_n07_v1.1_n.bin']
North,1979,4,28,15.108,0, ['/ecs/DP1/PM/NSIDC-0051.001/1979.04.28/nt_19790428_n07_v1.1_n.bin']
North,1979,4,30,14.961,0, ['/ecs/DP1/PM/NSIDC-0051.001/1979.04.30/nt_19790430_n07_v1.1_n.bin']
North,1979,5,2,14.626,0, ['/ecs/DP1/PM/NSIDC-0051.001/1979.05.02/nt_19790502_n07_v1.1_n.bin']
North,1979,5,4,14.498,0, ['/ecs/DP1/PM/NSIDC-0051.001/1979.05.04/nt_19790504_n07_v1.1_n.bin']
North,1979,5,6,14.45,0, ['/ecs/DP1/PM/NSIDC-0051.001/1979.05.06/nt_19790506_n07_v1.1_n.bin']
North,1979,5,8,14.325,0, ['/ecs/DP1/PM/NSIDC-0051.001/1979.05.08/nt_19790508_n07_v1.1_n.bin']
North,1979,5,10,14.149,0, ['/ecs/DP1/PM/NSIDC-0051.001/1979.05.10/nt_19790510_n07_v1.1_n.bin']
North,1979,5,12,14.012,0, ['/ecs/DP1/PM/NSIDC-0051.001/1979.05.12/nt_19790512_n07_v1.1_n.bin']
North,1979,5,14,13.836,0, ['/ecs/DP1/PM/NSIDC-0051.001/1979.05.14/nt_19790514_n07_v1.1_n.bin']
North,1979,5,16,13.862,0, ['/ecs/DP1/PM/NSIDC-0051.001/1979.05.16/nt_19790516_n07_v1.1_n.bin']
North,1979,5,18,13.691,0, ['/ecs/DP1/PM/NSIDC-0051.001/1979.05.18/nt_19790518_n07_v1.1_n.bin']
North,1979,5,20,13.56,0, ['/ecs/DP1/PM/NSIDC-0051.001/1979.05.20/nt_19790520_n07_v1.1_n.bin']
North,1979,5,22,13.529,0, ['/ecs/DP1/PM/NSIDC-0051.001/1979.05.22/nt_19790522_n07_v1.1_n.bin']
North,1979,5,24,13.364,0, ['/ecs/DP1/PM/NSIDC-0051.001/1979.05.24/nt_19790524_n07_v1.1_n.bin']
North,1979,5,26,13.399,0, ['/ecs/DP1/PM/NSIDC-0051.001/1979.05.26/nt_19790526_n07_v1.1_n.bin']
North,1979,5,28,13.292,0, ['/ecs/DP1/PM/NSIDC-0051.001/1979.05.28/nt_19790528_n07_v1.1_n.bin']
North,1979,5,30,13.26,0, ['/ecs/DP1/PM/NSIDC-0051.001/1979.05.30/nt_19790530_n07_v1.1_n.bin']
North,1979,6,1,13.076,0, ['/ecs/DP1/PM/NSIDC-0051.001/1979.06.01/nt_19790601_n07_v1.1_n.bin']
North,1979,6,3,12.977,0, ['/ecs/DP1/PM/NSIDC-0051.001/1979.06.03/nt_19790603_n07_v1.1_n.bin']
North,1979,6,5,12.832,0, ['/ecs/DP1/PM/NSIDC-0051.001/1979.06.05/nt_19790605_n07_v1.1_n.bin']
North,1979,6,7,12.791,0, ['/ecs/DP1/PM/NSIDC-0051.001/1979.06.07/nt_19790607_n07_v1.1_n.bin']
North,1979,6,9,12.854,0, ['/ecs/DP1/PM/NSIDC-0051.001/1979.06.09/nt_19790609_n07_v1.1_n.bin']
North,1979,6,11,12.733,0, ['/ecs/DP1/PM/NSIDC-0051.001/1979.06.11/nt_19790611_n07_v1.1_n.bin']
North,1979,6,13,12.673,0, ['/ecs/DP1/PM/NSIDC-0051.001/1979.06.13/nt_19790613_n07_v1.1_n.bin']
North,1979,6,15,12.548,0, ['/ecs/DP1/PM/NSIDC-0051.001/1979.06.15/nt_19790615_n07_v1.1_n.bin']
North,1979,6,17,12.517,0, ['/ecs/DP1/PM/NSIDC-0051.001/1979.06.17/nt_19790617_n07_v1.1_n.bin']
North,1979,6,19,12.415,0, ['/ecs/DP1/PM/NSIDC-0051.001/1979.06.19/nt_19790619_n07_v1.1_n.bin']
North,1979,6,21,12.373,0, ['/ecs/DP1/PM/NSIDC-0051.001/1979.06.21/nt_19790621_n07_v1.1_n.bin']
North,1979,6,23,12.243,0, ['/ecs/DP1/PM/NSIDC-0051.001/1979.06.23/nt_19790623_n07_v1.1_n.bin']
North,1979,6,25,12.112,0, ['/ecs/DP1/PM/NSIDC-0051.001/1979.06.25/nt_19790625_n07_v1.1_n.bin']
North,1979,6,27,11.977,0, ['/ecs/DP1/PM/NSIDC-0051.001/1979.06.27/nt_19790627_n07_v1.1_n.bin']
North,1979,6,29,11.829,0, ['/ecs/DP1/PM/NSIDC-0051.001/1979.06.29/nt_19790629_n07_v1.1_n.bin']
North,1979,7,1,11.562,0, ['/ecs/DP1/PM/NSIDC-0051.001/1979.07.01/nt_19790701_n07_v1.1_n.bin']
North,1979,7,3,11.363,0, ['/ecs/DP1/PM/NSIDC-0051.001/1979.07.03/nt_19790703_n07_v1.1_n.bin']
North,1979,7,5,11.255,0, ['/ecs/DP1/PM/NSIDC-0051.001/1979.07.05/nt_19790705_n07_v1.1_n.bin']
North,1979,7,7,10.936,0, ['/ecs/DP1/PM/NSIDC-0051.001/1979.07.07/nt_19790707_n07_v1.1_n.bin']
North,1979,7,9,10.793,0, ['/ecs/DP1/PM/NSIDC-0051.001/1979.07.09/nt_19790709_n07_v1.1_n.bin']
North,1979,7,11,10.662,0, ['/ecs/DP1/PM/NSIDC-0051.001/1979.07.11/nt_19790711_n07_v1.1_n.bin']
North,1979,7,13,10.503,0, ['/ecs/DP1/PM/NSIDC-0051.001/1979.07.13/nt_19790713_n07_v1.1_n.bin']
North,1979,7,15,10.401,0, ['/ecs/DP1/PM/NSIDC-0051.001/1979.07.15/nt_19790715_n07_v1.1_n.bin']
North,1979,7,17,10.256,0, ['/ecs/DP1/PM/NSIDC-0051.001/1979.07.17/nt_19790717_n07_v1.1_n.bin']
North,1979,7,19,9.927,0, ['/ecs/DP1/PM/NSIDC-0051.001/1979.07.19/nt_19790719_n07_v1.1_n.bin']
North,1979,7,21,9.919,0, ['/ecs/DP1/PM/NSIDC-0051.001/1979.07.21/nt_19790721_n07_v1.1_n.bin']
North,1979,7,23,9.668,0, ['/ecs/DP1/PM/NSIDC-0051.001/1979.07.23/nt_19790723_n07_v1.1_n.bin']
North,1979,7,25,9.614,0, ['/ecs/DP1/PM/NSIDC-0051.001/1979.07.25/nt_19790725_n07_v1.1_n.bin']
North,1979,7,27,9.556,0, ['/ecs/DP1/PM/NSIDC-0051.001/1979.07.27/nt_19790727_n07_v1.1_n.bin']
North,1979,7,29,9.342,0, ['/ecs/DP1/PM/NSIDC-0051.001/1979.07.29/nt_19790729_n07_v1.1_n.bin']
North,1979,7,31,9.223,0, ['/ecs/DP1/PM/NSIDC-0051.001/1979.07.31/nt_19790731_n07_v1.1_n.bin']
North,1979,8,2,9,0, ['/ecs/DP1/PM/NSIDC-0051.001/1979.08.02/nt_19790802_n07_v1.1_n.bin']
North,1979,8,4,8.859,0, ['/ecs/DP1/PM/NSIDC-0051.001/1979.08.04/nt_19790804_n07_v1.1_n.bin']
North,1979,8,6,8.744,0, ['/ecs/DP1/PM/NSIDC-0051.001/1979.08.06/nt_19790806_n07_v1.1_n.bin']
North,1979,8,8,8.61,0, ['/ecs/DP1/PM/NSIDC-0051.001/1979.08.08/nt_19790808_n07_v1.1_n.bin']
North,1979,8,10,8.328,0, ['/ecs/DP1/PM/NSIDC-0051.001/1979.08.10/nt_19790810_n07_v1.1_n.bin']
North,1979,8,12,8.284,0, ['/ecs/DP1/PM/NSIDC-0051.001/1979.08.12/nt_19790812_n07_v1.1_n.bin']
North,1979,8,14,8.138,0, ['/ecs/DP1/PM/NSIDC-0051.001/1979.08.14/nt_19790814_n07_v1.1_n.bin']
North,1979,8,16,7.971,0, ['/ecs/DP1/PM/NSIDC-0051.001/1979.08.16/nt_19790816_n07_v1.1_n.bin']
North,1979,8,18,7.811,0, ['/ecs/DP1/PM/NSIDC-0051.001/1979.08.18/nt_19790818_n07_v1.1_n.bin']
North,1979,8,20,7.659,0, ['/ecs/DP1/PM/NSIDC-0051.001/1979.08.20/nt_19790820_n07_v1.1_n.bin']
North,1979,8,22,7.566,0, ['/ecs/DP1/PM/NSIDC-0051.001/1979.08.22/nt_19790822_n07_v1.1_n.bin']
North,1979,8,24,7.577,0, ['/ecs/DP1/PM/NSIDC-0051.001/1979.08.24/nt_19790824_n07_v1.1_n.bin']
North,1979,8,26,7.421,0, ['/ecs/DP1/PM/NSIDC-0051.001/1979.08.26/nt_19790826_n07_v1.1_n.bin']
North,1979,8,28,7.364,0, ['/ecs/DP1/PM/NSIDC-0051.001/1979.08.28/nt_19790828_n07_v1.1_n.bin']
North,1979,8,30,7.284,0, ['/ecs/DP1/PM/NSIDC-0051.001/1979.08.30/nt_19790830_n07_v1.1_n.bin']
North,1979,9,1,7.228,0, ['/ecs/DP1/PM/NSIDC-0051.001/1979.09.01/nt_19790901_n07_v1.1_n.bin']
North,1979,9,3,7.147,0, ['/ecs/DP1/PM/NSIDC-0051.001/1979.09.03/nt_19790903_n07_v1.1_n.bin']
North,1979,9,5,7.037,0, ['/ecs/DP1/PM/NSIDC-0051.001/1979.09.05/nt_19790905_n07_v1.1_n.bin']
North,1979,9,7,7.075,0, ['/ecs/DP1/PM/NSIDC-0051.001/1979.09.07/nt_19790907_n07_v1.1_n.bin']
North,1979,9,9,7.092,0, ['/ecs/DP1/PM/NSIDC-0051.001/1979.09.09/nt_19790909_n07_v1.1_n.bin']
North,1979,9,11,6.981,0, ['/ecs/DP1/PM/NSIDC-0051.001/1979.09.11/nt_19790911_n07_v1.1_n.bin']
North,1979,9,13,7.003,0, ['/ecs/DP1/PM/NSIDC-0051.001/1979.09.13/nt_19790913_n07_v1.1_n.bin']
North,1979,9,15,7.007,0, ['/ecs/DP1/PM/NSIDC-0051.001/1979.09.15/nt_19790915_n07_v1.1_n.bin']
North,1979,9,17,7.001,0, ['/ecs/DP1/PM/NSIDC-0051.001/1979.09.17/nt_19790917_n07_v1.1_n.bin']
North,1979,9,19,6.91,0, ['/ecs/DP1/PM/NSIDC-0051.001/1979.09.19/nt_19790919_n07_v1.1_n.bin']
North,1979,9,21,6.895,0, ['/ecs/DP1/PM/NSIDC-0051.001/1979.09.21/nt_19790921_n07_v1.1_n.bin']
North,1979,9,23,7.033,0, ['/ecs/DP1/PM/NSIDC-0051.001/1979.09.23/nt_19790923_n07_v1.1_n.bin']
North,1979,9,25,7.058,0, ['/ecs/DP1/PM/NSIDC-0051.001/1979.09.25/nt_19790925_n07_v1.1_n.bin']
North,1979,9,27,7.127,0, ['/ecs/DP1/PM/NSIDC-0051.001/1979.09.27/nt_19790927_n07_v1.1_n.bin']
North,1979,9,29,7.173,0, ['/ecs/DP1/PM/NSIDC-0051.001/1979.09.29/nt_19790929_n07_v1.1_n.bin']
North,1979,10,1,7.404,0, ['/ecs/DP1/PM/NSIDC-0051.001/1979.10.01/nt_19791001_n07_v1.1_n.bin']
North,1979,10,3,7.534,0, ['/ecs/DP1/PM/NSIDC-0051.001/1979.10.03/nt_19791003_n07_v1.1_n.bin']
North,1979,10,5,7.813,0, ['/ecs/DP1/PM/NSIDC-0051.001/1979.10.05/nt_19791005_n07_v1.1_n.bin']
North,1979,10,7,7.878,0, ['/ecs/DP1/PM/NSIDC-0051.001/1979.10.07/nt_19791007_n07_v1.1_n.bin']
North,1979,10,9,8.115,0, ['/ecs/DP1/PM/NSIDC-0051.001/1979.10.09/nt_19791009_n07_v1.1_n.bin']
North,1979,10,11,8.136,0, ['/ecs/DP1/PM/NSIDC-0051.001/1979.10.11/nt_19791011_n07_v1.1_n.bin']
North,1979,10,13,8.338,0, ['/ecs/DP1/PM/NSIDC-0051.001/1979.10.13/nt_19791013_n07_v1.1_n.bin']
North,1979,10,15,8.57,0, ['/ecs/DP1/PM/NSIDC-0051.001/1979.10.15/nt_19791015_n07_v1.1_n.bin']
North,1979,10,17,8.938,0, ['/ecs/DP1/PM/NSIDC-0051.001/1979.10.17/nt_19791017_n07_v1.1_n.bin']
North,1979,10,19,9.19,0, ['/ecs/DP1/PM/NSIDC-0051.001/1979.10.19/nt_19791019_n07_v1.1_n.bin']
North,1979,10,21,9.295,0, ['/ecs/DP1/PM/NSIDC-0051.001/1979.10.21/nt_19791021_n07_v1.1_n.bin']
North,1979,10,23,9.466,0, ['/ecs/DP1/PM/NSIDC-0051.001/1979.10.23/nt_19791023_n07_v1.1_n.bin']
North,1979,10,25,9.7,0, ['/ecs/DP1/PM/NSIDC-0051.001/1979.10.25/nt_19791025_n07_v1.1_n.bin']
North,1979,10,27,9.869,0, ['/ecs/DP1/PM/NSIDC-0051.001/1979.10.27/nt_19791027_n07_v1.1_n.bin']
North,1979,10,29,9.797,0, ['/ecs/DP1/PM/NSIDC-0051.001/1979.10.29/nt_19791029_n07_v1.1_n.bin']
North,1979,10,31,9.924,0, ['/ecs/DP1/PM/NSIDC-0051.001/1979.10.31/nt_19791031_n07_v1.1_n.bin']
North,1979,11,2,10.144,0, ['/ecs/DP1/PM/NSIDC-0051.001/1979.11.02/nt_19791102_n07_v1.1_n.bin']
North,1979,11,4,10.159,0, ['/ecs/DP1/PM/NSIDC-0051.001/1979.11.04/nt_19791104_n07_v1.1_n.bin']
North,1979,11,6,10.267,0, ['/ecs/DP1/PM/NSIDC-0051.001/1979.11.06/nt_19791106_n07_v1.1_n.bin']
North,1979,11,8,10.27,0, ['/ecs/DP1/PM/NSIDC-0051.001/1979.11.08/nt_19791108_n07_v1.1_n.bin']
North,1979,11,10,10.497,0, ['/ecs/DP1/PM/NSIDC-0051.001/1979.11.10/nt_19791110_n07_v1.1_n.bin']
North,1979,11,12,10.61,0, ['/ecs/DP1/PM/NSIDC-0051.001/1979.11.12/nt_19791112_n07_v1.1_n.bin']
North,1979,11,14,10.8,0, ['/ecs/DP1/PM/NSIDC-0051.001/1979.11.14/nt_19791114_n07_v1.1_n.bin']
North,1979,11,16,10.92,0, ['/ecs/DP1/PM/NSIDC-0051.001/1979.11.16/nt_19791116_n07_v1.1_n.bin']
North,1979,11,18,11.01,0, ['/ecs/DP1/PM/NSIDC-0051.001/1979.11.18/nt_19791118_n07_v1.1_n.bin']
North,1979,11,20,11.157,0, ['/ecs/DP1/PM/NSIDC-0051.001/1979.11.20/nt_19791120_n07_v1.1_n.bin']
North,1979,11,22,11.352,0, ['/ecs/DP1/PM/NSIDC-0051.001/1979.11.22/nt_19791122_n07_v1.1_n.bin']
North,1979,11,24,11.419,0, ['/ecs/DP1/PM/NSIDC-0051.001/1979.11.24/nt_19791124_n07_v1.1_n.bin']
North,1979,11,26,11.581,0, ['/ecs/DP1/PM/NSIDC-0051.001/1979.11.26/nt_19791126_n07_v1.1_n.bin']
North,1979,11,28,11.884,0, ['/ecs/DP1/PM/NSIDC-0051.001/1979.11.28/nt_19791128_n07_v1.1_n.bin']
North,1979,11,30,12.076,0, ['/ecs/DP1/PM/NSIDC-0051.001/1979.11.30/nt_19791130_n07_v1.1_n.bin']
North,1979,12,2,12.39,0, ['/ecs/DP1/PM/NSIDC-0051.001/1979.12.02/nt_19791202_n07_v1.1_n.bin']
North,1979,12,4,12.462,0, ['/ecs/DP1/PM/NSIDC-0051.001/1979.12.04/nt_19791204_n07_v1.1_n.bin']
North,1979,12,6,12.781,0, ['/ecs/DP1/PM/NSIDC-0051.001/1979.12.06/nt_19791206_n07_v1.1_n.bin']
North,1979,12,8,12.991,0, ['/ecs/DP1/PM/NSIDC-0051.001/1979.12.08/nt_19791208_n07_v1.1_n.bin']
North,1979,12,10,13.101,0, ['/ecs/DP1/PM/NSIDC-0051.001/1979.12.10/nt_19791210_n07_v1.1_n.bin']
North,1979,12,12,13.292,0, ['/ecs/DP1/PM/NSIDC-0051.001/1979.12.12/nt_19791212_n07_v1.1_n.bin']
North,1979,12,14,13.268,0, ['/ecs/DP1/PM/NSIDC-0051.001/1979.12.14/nt_19791214_n07_v1.1_n.bin']
North,1979,12,16,13.322,0, ['/ecs/DP1/PM/NSIDC-0051.001/1979.12.16/nt_19791216_n07_v1.1_n.bin']
North,1979,12,18,13.377,0, ['/ecs/DP1/PM/NSIDC-0051.001/1979.12.18/nt_19791218_n07_v1.1_n.bin']
North,1979,12,20,13.541,0, ['/ecs/DP1/PM/NSIDC-0051.001/1979.12.20/nt_19791220_n07_v1.1_n.bin']
North,1979,12,22,13.619,0, ['/ecs/DP1/PM/NSIDC-0051.001/1979.12.22/nt_19791222_n07_v1.1_n.bin']
North,1979,12,24,13.773,0, ['/ecs/DP1/PM/NSIDC-0051.001/1979.12.24/nt_19791224_n07_v1.1_n.bin']
North,1979,12,26,13.934,0, ['/ecs/DP1/PM/NSIDC-0051.001/1979.12.26/nt_19791226_n07_v1.1_n.bin']
North,1979,12,28,14.101,0, ['/ecs/DP1/PM/NSIDC-0051.001/1979.12.28/nt_19791228_n07_v1.1_n.bin']
North,1979,12,30,14.092,0, ['/ecs/DP1/PM/NSIDC-0051.001/1979.12.30/nt_19791230_n07_v1.1_n.bin']
North,1980,1,1,14.2,0, ['/ecs/DP1/PM/NSIDC-0051.001/1980.01.01/nt_19800101_n07_v1.1_n.bin']
North,1980,1,3,14.302,0, ['/ecs/DP1/PM/NSIDC-0051.001/1980.01.03/nt_19800103_n07_v1.1_n.bin']
North,1980,1,5,14.414,0, ['/ecs/DP1/PM/NSIDC-0051.001/1980.01.05/nt_19800105_n07_v1.1_n.bin']
North,1980,1,7,14.518,0, ['/ecs/DP1/PM/NSIDC-0051.001/1980.01.07/nt_19800107_n07_v1.1_n.bin']
North,1980,1,9,14.594,0, ['/ecs/DP1/PM/NSIDC-0051.001/1980.01.09/nt_19800109_n07_v1.1_n.bin']
North,1980,1,11,14.665,0, ['/ecs/DP1/PM/NSIDC-0051.001/1980.01.11/nt_19800111_n07_v1.1_n.bin']
North,1980,1,13,14.771,0, ['/ecs/DP1/PM/NSIDC-0051.001/1980.01.13/nt_19800113_n07_v1.1_n.bin']
North,1980,1,15,14.831,0, ['/ecs/DP1/PM/NSIDC-0051.001/1980.01.15/nt_19800115_n07_v1.1_n.bin']
North,1980,1,17,14.957,0, ['/ecs/DP1/PM/NSIDC-0051.001/1980.01.17/nt_19800117_n07_v1.1_n.bin']
North,1980,1,19,15.12,0, ['/ecs/DP1/PM/NSIDC-0051.001/1980.01.19/nt_19800119_n07_v1.1_n.bin']
North,1980,1,21,15.141,0, ['/ecs/DP1/PM/NSIDC-0051.001/1980.01.21/nt_19800121_n07_v1.1_n.bin']
North,1980,1,23,15.195,0, ['/ecs/DP1/PM/NSIDC-0051.001/1980.01.23/nt_19800123_n07_v1.1_n.bin']
North,1980,1,25,15.209,0, ['/ecs/DP1/PM/NSIDC-0051.001/1980.01.25/nt_19800125_n07_v1.1_n.bin']
North,1980,1,27,15.124,0, ['/ecs/DP1/PM/NSIDC-0051.001/1980.01.27/nt_19800127_n07_v1.1_n.bin']
North,1980,1,29,15.258,0, ['/ecs/DP1/PM/NSIDC-0051.001/1980.01.29/nt_19800129_n07_v1.1_n.bin']
North,1980,1,31,15.491,0, ['/ecs/DP1/PM/NSIDC-0051.001/1980.01.31/nt_19800131_n07_v1.1_n.bin']
North,1980,2,2,15.401,0, ['/ecs/DP1/PM/NSIDC-0051.001/1980.02.02/nt_19800202_n07_v1.1_n.bin']
North,1980,2,4,15.639,0, ['/ecs/DP1/PM/NSIDC-0051.001/1980.02.04/nt_19800204_n07_v1.1_n.bin']
North,1980,2,6,15.76,0, ['/ecs/DP1/PM/NSIDC-0051.001/1980.02.06/nt_19800206_n07_v1.1_n.bin']
North,1980,2,8,15.888,0, ['/ecs/DP1/PM/NSIDC-0051.001/1980.02.08/nt_19800208_n07_v1.1_n.bin']
North,1980,2,10,15.895,0, ['/ecs/DP1/PM/NSIDC-0051.001/1980.02.10/nt_19800210_n07_v1.1_n.bin']
North,1980,2,12,15.97,0, ['/ecs/DP1/PM/NSIDC-0051.001/1980.02.12/nt_19800212_n07_v1.1_n.bin']
North,1980,2,14,16.017,0, ['/ecs/DP1/PM/NSIDC-0051.001/1980.02.14/nt_19800214_n07_v1.1_n.bin']
North,1980,2,16,16.095,0, ['/ecs/DP1/PM/NSIDC-0051.001/1980.02.16/nt_19800216_n07_v1.1_n.bin']
North,1980,2,18,16.095,0, ['/ecs/DP1/PM/NSIDC-0051.001/1980.02.18/nt_19800218_n07_v1.1_n.bin']
North,1980,2,20,16.17,0, ['/ecs/DP1/PM/NSIDC-0051.001/1980.02.20/nt_19800220_n07_v1.1_n.bin']
North,1980,2,22,16.066,0, ['/ecs/DP1/PM/NSIDC-0051.001/1980.02.22/nt_19800222_n07_v1.1_n.bin']
North,1980,2,24,16.087,0, ['/ecs/DP1/PM/NSIDC-0051.001/1980.02.24/nt_19800224_n07_v1.1_n.bin']
North,1980,2,26,16.069,0, ['/ecs/DP1/PM/NSIDC-0051.001/1980.02.26/nt_19800226_n07_v1.1_n.bin']
North,1980,2,28,16.22,0, ['/ecs/DP1/PM/NSIDC-0051.001/1980.02.28/nt_19800228_n07_v1.1_n.bin']
North,1980,3,1,16.157,0, ['/ecs/DP1/PM/NSIDC-0051.001/1980.03.01/nt_19800301_n07_v1.1_n.bin']
North,1980,3,3,16.248,0, ['/ecs/DP1/PM/NSIDC-0051.001/1980.03.03/nt_19800303_n07_v1.1_n.bin']
North,1980,3,5,16.302,0, ['/ecs/DP1/PM/NSIDC-0051.001/1980.03.05/nt_19800305_n07_v1.1_n.bin']
North,1980,3,7,16.289,0, ['/ecs/DP1/PM/NSIDC-0051.001/1980.03.07/nt_19800307_n07_v1.1_n.bin']
North,1980,3,9,16.168,0, ['/ecs/DP1/PM/NSIDC-0051.001/1980.03.09/nt_19800309_n07_v1.1_n.bin']
North,1980,3,11,16.04,0, ['/ecs/DP1/PM/NSIDC-0051.001/1980.03.11/nt_19800311_n07_v1.1_n.bin']
North,1980,3,13,15.966,0, ['/ecs/DP1/PM/NSIDC-0051.001/1980.03.13/nt_19800313_n07_v1.1_n.bin']
North,1980,3,15,15.994,0, ['/ecs/DP1/PM/NSIDC-0051.001/1980.03.15/nt_19800315_n07_v1.1_n.bin']
North,1980,3,17,15.988,0, ['/ecs/DP1/PM/NSIDC-0051.001/1980.03.17/nt_19800317_n07_v1.1_n.bin']
North,1980,3,19,16.005,0, ['/ecs/DP1/PM/NSIDC-0051.001/1980.03.19/nt_19800319_n07_v1.1_n.bin']
North,1980,3,21,15.946,0, ['/ecs/DP1/PM/NSIDC-0051.001/1980.03.21/nt_19800321_n07_v1.1_n.bin']
North,1980,3,23,15.945,0, ['/ecs/DP1/PM/NSIDC-0051.001/1980.03.23/nt_19800323_n07_v1.1_n.bin']
North,1980,3,25,15.923,0, ['/ecs/DP1/PM/NSIDC-0051.001/1980.03.25/nt_19800325_n07_v1.1_n.bin']
North,1980,3,27,15.986,0, ['/ecs/DP1/PM/NSIDC-0051.001/1980.03.27/nt_19800327_n07_v1.1_n.bin']
North,1980,3,29,15.891,0, ['/ecs/DP1/PM/NSIDC-0051.001/1980.03.29/nt_19800329_n07_v1.1_n.bin']
North,1980,3,31,15.813,0, ['/ecs/DP1/PM/NSIDC-0051.001/1980.03.31/nt_19800331_n07_v1.1_n.bin']
North,1980,4,2,15.681,0, ['/ecs/DP1/PM/NSIDC-0051.001/1980.04.02/nt_19800402_n07_v1.1_n.bin']
North,1980,4,4,15.664,0, ['/ecs/DP1/PM/NSIDC-0051.001/1980.04.04/nt_19800404_n07_v1.1_n.bin']
North,1980,4,6,15.707,0, ['/ecs/DP1/PM/NSIDC-0051.001/1980.04.06/nt_19800406_n07_v1.1_n.bin']
North,1980,4,8,15.653,0, ['/ecs/DP1/PM/NSIDC-0051.001/1980.04.08/nt_19800408_n07_v1.1_n.bin']
North,1980,4,10,15.644,0, ['/ecs/DP1/PM/NSIDC-0051.001/1980.04.10/nt_19800410_n07_v1.1_n.bin']
North,1980,4,12,15.652,0, ['/ecs/DP1/PM/NSIDC-0051.001/1980.04.12/nt_19800412_n07_v1.1_n.bin']
North,1980,4,14,15.523,0, ['/ecs/DP1/PM/NSIDC-0051.001/1980.04.14/nt_19800414_n07_v1.1_n.bin']
North,1980,4,16,15.509,0, ['/ecs/DP1/PM/NSIDC-0051.001/1980.04.16/nt_19800416_n07_v1.1_n.bin']
North,1980,4,18,15.39,0, ['/ecs/DP1/PM/NSIDC-0051.001/1980.04.18/nt_19800418_n07_v1.1_n.bin']
North,1980,4,20,15.376,0, ['/ecs/DP1/PM/NSIDC-0051.001/1980.04.20/nt_19800420_n07_v1.1_n.bin']
North,1980,4,22,15.406,0, ['/ecs/DP1/PM/NSIDC-0051.001/1980.04.22/nt_19800422_n07_v1.1_n.bin']
North,1980,4,24,15.259,0, ['/ecs/DP1/PM/NSIDC-0051.001/1980.04.24/nt_19800424_n07_v1.1_n.bin']
North,1980,4,26,15.117,0, ['/ecs/DP1/PM/NSIDC-0051.001/1980.04.26/nt_19800426_n07_v1.1_n.bin']
North,1980,4,28,14.996,0, ['/ecs/DP1/PM/NSIDC-0051.001/1980.04.28/nt_19800428_n07_v1.1_n.bin']
North,1980,4,30,14.859,0, ['/ecs/DP1/PM/NSIDC-0051.001/1980.04.30/nt_19800430_n07_v1.1_n.bin']
North,1980,5,2,14.718,0, ['/ecs/DP1/PM/NSIDC-0051.001/1980.05.02/nt_19800502_n07_v1.1_n.bin']
North,1980,5,4,14.549,0, ['/ecs/DP1/PM/NSIDC-0051.001/1980.05.04/nt_19800504_n07_v1.1_n.bin']
North,1980,5,6,14.412,0, ['/ecs/DP1/PM/NSIDC-0051.001/1980.05.06/nt_19800506_n07_v1.1_n.bin']
North,1980,5,8,14.32,0, ['/ecs/DP1/PM/NSIDC-0051.001/1980.05.08/nt_19800508_n07_v1.1_n.bin']
North,1980,5,10,14.186,0, ['/ecs/DP1/PM/NSIDC-0051.001/1980.05.10/nt_19800510_n07_v1.1_n.bin']
North,1980,5,12,14.011,0, ['/ecs/DP1/PM/NSIDC-0051.001/1980.05.12/nt_19800512_n07_v1.1_n.bin']
North,1980,5,14,13.843,0, ['/ecs/DP1/PM/NSIDC-0051.001/1980.05.14/nt_19800514_n07_v1.1_n.bin']
North,1980,5,16,13.757,0, ['/ecs/DP1/PM/NSIDC-0051.001/1980.05.16/nt_19800516_n07_v1.1_n.bin']
North,1980,5,18,13.672,0, ['/ecs/DP1/PM/NSIDC-0051.001/1980.05.18/nt_19800518_n07_v1.1_n.bin']
North,1980,5,20,13.531,0, ['/ecs/DP1/PM/NSIDC-0051.001/1980.05.20/nt_19800520_n07_v1.1_n.bin']
North,1980,5,22,13.405,0, ['/ecs/DP1/PM/NSIDC-0051.001/1980.05.22/nt_19800522_n07_v1.1_n.bin']
North,1980,5,24,13.34,0, ['/ecs/DP1/PM/NSIDC-0051.001/1980.05.24/nt_19800524_n07_v1.1_n.bin']
North,1980,5,26,13.206,0, ['/ecs/DP1/PM/NSIDC-0051.001/1980.05.26/nt_19800526_n07_v1.1_n.bin']
North,1980,5,28,13.023,0, ['/ecs/DP1/PM/NSIDC-0051.001/1980.05.28/nt_19800528_n07_v1.1_n.bin']
North,1980,5,30,12.916,0, ['/ecs/DP1/PM/NSIDC-0051.001/1980.05.30/nt_19800530_n07_v1.1_n.bin']
North,1980,6,1,12.766,0, ['/ecs/DP1/PM/NSIDC-0051.001/1980.06.01/nt_19800601_n07_v1.1_n.bin']
North,1980,6,3,12.706,0, ['/ecs/DP1/PM/NSIDC-0051.001/1980.06.03/nt_19800603_n07_v1.1_n.bin']
North,1980,6,5,12.614,0, ['/ecs/DP1/PM/NSIDC-0051.001/1980.06.05/nt_19800605_n07_v1.1_n.bin']
North,1980,6,7,12.61,0, ['/ecs/DP1/PM/NSIDC-0051.001/1980.06.07/nt_19800607_n07_v1.1_n.bin']
North,1980,6,9,12.586,0, ['/ecs/DP1/PM/NSIDC-0051.001/1980.06.09/nt_19800609_n07_v1.1_n.bin']
North,1980,6,11,12.468,0, ['/ecs/DP1/PM/NSIDC-0051.001/1980.06.11/nt_19800611_n07_v1.1_n.bin']
North,1980,6,13,12.278,0, ['/ecs/DP1/PM/NSIDC-0051.001/1980.06.13/nt_19800613_n07_v1.1_n.bin']
North,1980,6,15,12.269,0, ['/ecs/DP1/PM/NSIDC-0051.001/1980.06.15/nt_19800615_n07_v1.1_n.bin']
North,1980,6,17,12.13,0, ['/ecs/DP1/PM/NSIDC-0051.001/1980.06.17/nt_19800617_n07_v1.1_n.bin']
North,1980,6,19,12.043,0, ['/ecs/DP1/PM/NSIDC-0051.001/1980.06.19/nt_19800619_n07_v1.1_n.bin']
North,1980,6,21,12.007,0, ['/ecs/DP1/PM/NSIDC-0051.001/1980.06.21/nt_19800621_n07_v1.1_n.bin']
North,1980,6,23,11.842,0, ['/ecs/DP1/PM/NSIDC-0051.001/1980.06.23/nt_19800623_n07_v1.1_n.bin']
North,1980,6,25,11.699,0, ['/ecs/DP1/PM/NSIDC-0051.001/1980.06.25/nt_19800625_n07_v1.1_n.bin']
North,1980,6,27,11.585,0, ['/ecs/DP1/PM/NSIDC-0051.001/1980.06.27/nt_19800627_n07_v1.1_n.bin']
North,1980,6,29,11.466,0, ['/ecs/DP1/PM/NSIDC-0051.001/1980.06.29/nt_19800629_n07_v1.1_n.bin']
North,1980,7,1,11.283,0, ['/ecs/DP1/PM/NSIDC-0051.001/1980.07.01/nt_19800701_n07_v1.1_n.bin']
North,1980,7,3,11.075,0, ['/ecs/DP1/PM/NSIDC-0051.001/1980.07.03/nt_19800703_n07_v1.1_n.bin']
North,1980,7,5,10.983,0, ['/ecs/DP1/PM/NSIDC-0051.001/1980.07.05/nt_19800705_n07_v1.1_n.bin']
North,1980,7,7,10.852,0, ['/ecs/DP1/PM/NSIDC-0051.001/1980.07.07/nt_19800707_n07_v1.1_n.bin']
North,1980,7,9,10.7,0, ['/ecs/DP1/PM/NSIDC-0051.001/1980.07.09/nt_19800709_n07_v1.1_n.bin']
North,1980,7,11,10.575,0, ['/ecs/DP1/PM/NSIDC-0051.001/1980.07.11/nt_19800711_n07_v1.1_n.bin']
North,1980,7,13,10.307,0, ['/ecs/DP1/PM/NSIDC-0051.001/1980.07.13/nt_19800713_n07_v1.1_n.bin']
North,1980,7,15,10.203,0, ['/ecs/DP1/PM/NSIDC-0051.001/1980.07.15/nt_19800715_n07_v1.1_n.bin']
North,1980,7,17,9.946,0, ['/ecs/DP1/PM/NSIDC-0051.001/1980.07.17/nt_19800717_n07_v1.1_n.bin']
North,1980,7,19,9.847,0, ['/ecs/DP1/PM/NSIDC-0051.001/1980.07.19/nt_19800719_n07_v1.1_n.bin']
North,1980,7,21,9.779,0, ['/ecs/DP1/PM/NSIDC-0051.001/1980.07.21/nt_19800721_n07_v1.1_n.bin']
North,1980,7,23,9.594,0, ['/ecs/DP1/PM/NSIDC-0051.001/1980.07.23/nt_19800723_n07_v1.1_n.bin']
North,1980,7,25,9.358,0, ['/ecs/DP1/PM/NSIDC-0051.001/1980.07.25/nt_19800725_n07_v1.1_n.bin']
North,1980,7,27,9.166,0, ['/ecs/DP1/PM/NSIDC-0051.001/1980.07.27/nt_19800727_n07_v1.1_n.bin']
North,1980,7,29,9.065,0, ['/ecs/DP1/PM/NSIDC-0051.001/1980.07.29/nt_19800729_n07_v1.1_n.bin']
North,1980,7,31,8.868,0, ['/ecs/DP1/PM/NSIDC-0051.001/1980.07.31/nt_19800731_n07_v1.1_n.bin']
North,1980,8,2,8.76,0, ['/ecs/DP1/PM/NSIDC-0051.001/1980.08.02/nt_19800802_n07_v1.1_n.bin']
North,1980,8,4,8.611,0, ['/ecs/DP1/PM/NSIDC-0051.001/1980.08.04/nt_19800804_n07_v1.1_n.bin']
North,1980,8,6,8.548,0, ['/ecs/DP1/PM/NSIDC-0051.001/1980.08.06/nt_19800806_n07_v1.1_n.bin']
North,1980,8,8,8.348,0, ['/ecs/DP1/PM/NSIDC-0051.001/1980.08.08/nt_19800808_n07_v1.1_n.bin']
North,1980,8,10,8.202,0, ['/ecs/DP1/PM/NSIDC-0051.001/1980.08.10/nt_19800810_n07_v1.1_n.bin']
North,1980,8,12,8.041,0, ['/ecs/DP1/PM/NSIDC-0051.001/1980.08.12/nt_19800812_n07_v1.1_n.bin']
North,1980,8,14,7.82,0, ['/ecs/DP1/PM/NSIDC-0051.001/1980.08.14/nt_19800814_n07_v1.1_n.bin']
North,1980,8,16,7.765,0, ['/ecs/DP1/PM/NSIDC-0051.001/1980.08.16/nt_19800816_n07_v1.1_n.bin']
North,1980,8,18,7.761,0, ['/ecs/DP1/PM/NSIDC-0051.001/1980.08.18/nt_19800818_n07_v1.1_n.bin']
North,1980,8,20,7.717,0, ['/ecs/DP1/PM/NSIDC-0051.001/1980.08.20/nt_19800820_n07_v1.1_n.bin']
North,1980,8,22,7.758,0, ['/ecs/DP1/PM/NSIDC-0051.001/1980.08.22/nt_19800822_n07_v1.1_n.bin']
North,1980,8,24,7.578,0, ['/ecs/DP1/PM/NSIDC-0051.001/1980.08.24/nt_19800824_n07_v1.1_n.bin']
North,1980,8,26,7.667,0, ['/ecs/DP1/PM/NSIDC-0051.001/1980.08.26/nt_19800826_n07_v1.1_n.bin']
North,1980,8,28,7.588,0, ['/ecs/DP1/PM/NSIDC-0051.001/1980.08.28/nt_19800828_n07_v1.1_n.bin']
North,1980,8,30,7.6,0, ['/ecs/DP1/PM/NSIDC-0051.001/1980.08.30/nt_19800830_n07_v1.1_n.bin']
North,1980,9,1,7.544,0, ['/ecs/DP1/PM/NSIDC-0051.001/1980.09.01/nt_19800901_n07_v1.1_n.bin']
North,1980,9,3,7.555,0, ['/ecs/DP1/PM/NSIDC-0051.001/1980.09.03/nt_19800903_n07_v1.1_n.bin']
North,1980,9,5,7.533,0, ['/ecs/DP1/PM/NSIDC-0051.001/1980.09.05/nt_19800905_n07_v1.1_n.bin']
North,1980,9,7,7.574,0, ['/ecs/DP1/PM/NSIDC-0051.001/1980.09.07/nt_19800907_n07_v1.1_n.bin']
North,1980,9,9,7.56,0, ['/ecs/DP1/PM/NSIDC-0051.001/1980.09.09/nt_19800909_n07_v1.1_n.bin']
North,1980,9,11,7.557,0, ['/ecs/DP1/PM/NSIDC-0051.001/1980.09.11/nt_19800911_n07_v1.1_n.bin']
North,1980,9,13,7.543,0, ['/ecs/DP1/PM/NSIDC-0051.001/1980.09.13/nt_19800913_n07_v1.1_n.bin']
North,1980,9,15,7.602,0, ['/ecs/DP1/PM/NSIDC-0051.001/1980.09.15/nt_19800915_n07_v1.1_n.bin']
North,1980,9,17,7.58,0, ['/ecs/DP1/PM/NSIDC-0051.001/1980.09.17/nt_19800917_n07_v1.1_n.bin']
North,1980,9,19,7.651,0, ['/ecs/DP1/PM/NSIDC-0051.001/1980.09.19/nt_19800919_n07_v1.1_n.bin']
North,1980,9,21,7.686,0, ['/ecs/DP1/PM/NSIDC-0051.001/1980.09.21/nt_19800921_n07_v1.1_n.bin']
North,1980,9,23,7.782,0, ['/ecs/DP1/PM/NSIDC-0051.001/1980.09.23/nt_19800923_n07_v1.1_n.bin']
North,1980,9,25,7.854,0, ['/ecs/DP1/PM/NSIDC-0051.001/1980.09.25/nt_19800925_n07_v1.1_n.bin']
North,1980,9,27,7.966,0, ['/ecs/DP1/PM/NSIDC-0051.001/1980.09.27/nt_19800927_n07_v1.1_n.bin']
North,1980,9,29,8.019,0, ['/ecs/DP1/PM/NSIDC-0051.001/1980.09.29/nt_19800929_n07_v1.1_n.bin']
North,1980,10,1,8.223,0, ['/ecs/DP1/PM/NSIDC-0051.001/1980.10.01/nt_19801001_n07_v1.1_n.bin']
North,1980,10,3,8.213,0, ['/ecs/DP1/PM/NSIDC-0051.001/1980.10.03/nt_19801003_n07_v1.1_n.bin']
North,1980,10,5,8.485,0, ['/ecs/DP1/PM/NSIDC-0051.001/1980.10.05/nt_19801005_n07_v1.1_n.bin']
North,1980,10,7,8.532,0, ['/ecs/DP1/PM/NSIDC-0051.001/1980.10.07/nt_19801007_n07_v1.1_n.bin']
North,1980,10,9,8.809,0, ['/ecs/DP1/PM/NSIDC-0051.001/1980.10.09/nt_19801009_n07_v1.1_n.bin']
North,1980,10,11,8.975,0, ['/ecs/DP1/PM/NSIDC-0051.001/1980.10.11/nt_19801011_n07_v1.1_n.bin']
North,1980,10,13,9.161,0, ['/ecs/DP1/PM/NSIDC-0051.001/1980.10.13/nt_19801013_n07_v1.1_n.bin']
North,1980,10,15,9.218,0, ['/ecs/DP1/PM/NSIDC-0051.001/1980.10.15/nt_19801015_n07_v1.1_n.bin']
North,1980,10,17,9.272,0, ['/ecs/DP1/PM/NSIDC-0051.001/1980.10.17/nt_19801017_n07_v1.1_n.bin']
North,1980,10,19,9.389,0, ['/ecs/DP1/PM/NSIDC-0051.001/1980.10.19/nt_19801019_n07_v1.1_n.bin']
North,1980,10,21,9.468,0, ['/ecs/DP1/PM/NSIDC-0051.001/1980.10.21/nt_19801021_n07_v1.1_n.bin']
North,1980,10,23,9.586,0, ['/ecs/DP1/PM/NSIDC-0051.001/1980.10.23/nt_19801023_n07_v1.1_n.bin']
North,1980,10,25,9.643,0, ['/ecs/DP1/PM/NSIDC-0051.001/1980.10.25/nt_19801025_n07_v1.1_n.bin']
North,1980,10,27,9.841,0, ['/ecs/DP1/PM/NSIDC-0051.001/1980.10.27/nt_19801027_n07_v1.1_n.bin']
North,1980,10,29,9.911,0, ['/ecs/DP1/PM/NSIDC-0051.001/1980.10.29/nt_19801029_n07_v1.1_n.bin']
North,1980,10,31,10.198,0, ['/ecs/DP1/PM/NSIDC-0051.001/1980.10.31/nt_19801031_n07_v1.1_n.bin']
North,1980,11,2,10.42,0, ['/ecs/DP1/PM/NSIDC-0051.001/1980.11.02/nt_19801102_n07_v1.1_n.bin']
North,1980,11,4,10.523,0, ['/ecs/DP1/PM/NSIDC-0051.001/1980.11.04/nt_19801104_n07_v1.1_n.bin']
North,1980,11,6,10.652,0, ['/ecs/DP1/PM/NSIDC-0051.001/1980.11.06/nt_19801106_n07_v1.1_n.bin']
North,1980,11,8,10.789,0, ['/ecs/DP1/PM/NSIDC-0051.001/1980.11.08/nt_19801108_n07_v1.1_n.bin']
North,1980,11,10,10.88,0, ['/ecs/DP1/PM/NSIDC-0051.001/1980.11.10/nt_19801110_n07_v1.1_n.bin']
North,1980,11,12,10.976,0, ['/ecs/DP1/PM/NSIDC-0051.001/1980.11.12/nt_19801112_n07_v1.1_n.bin']
North,1980,11,14,11.087,0, ['/ecs/DP1/PM/NSIDC-0051.001/1980.11.14/nt_19801114_n07_v1.1_n.bin']
North,1980,11,16,11.217,0, ['/ecs/DP1/PM/NSIDC-0051.001/1980.11.16/nt_19801116_n07_v1.1_n.bin']
North,1980,11,18,11.337,0, ['/ecs/DP1/PM/NSIDC-0051.001/1980.11.18/nt_19801118_n07_v1.1_n.bin']
North,1980,11,20,11.628,0, ['/ecs/DP1/PM/NSIDC-0051.001/1980.11.20/nt_19801120_n07_v1.1_n.bin']
North,1980,11,22,11.78,0, ['/ecs/DP1/PM/NSIDC-0051.001/1980.11.22/nt_19801122_n07_v1.1_n.bin']
North,1980,11,24,12.096,0, ['/ecs/DP1/PM/NSIDC-0051.001/1980.11.24/nt_19801124_n07_v1.1_n.bin']
North,1980,11,26,12.256,0, ['/ecs/DP1/PM/NSIDC-0051.001/1980.11.26/nt_19801126_n07_v1.1_n.bin']
North,1980,11,28,12.476,0, ['/ecs/DP1/PM/NSIDC-0051.001/1980.11.28/nt_19801128_n07_v1.1_n.bin']
North,1980,11,30,12.626,0, ['/ecs/DP1/PM/NSIDC-0051.001/1980.11.30/nt_19801130_n07_v1.1_n.bin']
North,1980,12,2,12.643,0, ['/ecs/DP1/PM/NSIDC-0051.001/1980.12.02/nt_19801202_n07_v1.1_n.bin']
North,1980,12,4,13.032,0, ['/ecs/DP1/PM/NSIDC-0051.001/1980.12.04/nt_19801204_n07_v1.1_n.bin']
North,1980,12,6,13.122,0, ['/ecs/DP1/PM/NSIDC-0051.001/1980.12.06/nt_19801206_n07_v1.1_n.bin']
North,1980,12,8,13.298,0, ['/ecs/DP1/PM/NSIDC-0051.001/1980.12.08/nt_19801208_n07_v1.1_n.bin']
North,1980,12,10,13.334,0, ['/ecs/DP1/PM/NSIDC-0051.001/1980.12.10/nt_19801210_n07_v1.1_n.bin']
North,1980,12,12,13.569,0, ['/ecs/DP1/PM/NSIDC-0051.001/1980.12.12/nt_19801212_n07_v1.1_n.bin']
North,1980,12,14,13.685,0, ['/ecs/DP1/PM/NSIDC-0051.001/1980.12.14/nt_19801214_n07_v1.1_n.bin']
North,1980,12,16,13.91,0, ['/ecs/DP1/PM/NSIDC-0051.001/1980.12.16/nt_19801216_n07_v1.1_n.bin']
North,1980,12,18,13.762,0, ['/ecs/DP1/PM/NSIDC-0051.001/1980.12.18/nt_19801218_n07_v1.1_n.bin']
North,1980,12,20,13.697,0, ['/ecs/DP1/PM/NSIDC-0051.001/1980.12.20/nt_19801220_n07_v1.1_n.bin']
North,1980,12,22,13.779,0, ['/ecs/DP1/PM/NSIDC-0051.001/1980.12.22/nt_19801222_n07_v1.1_n.bin']
North,1980,12,24,13.798,0, ['/ecs/DP1/PM/NSIDC-0051.001/1980.12.24/nt_19801224_n07_v1.1_n.bin']
North,1980,12,26,14,0, ['/ecs/DP1/PM/NSIDC-0051.001/1980.12.26/nt_19801226_n07_v1.1_n.bin']
North,1980,12,28,14.172,0, ['/ecs/DP1/PM/NSIDC-0051.001/1980.12.28/nt_19801228_n07_v1.1_n.bin']
North,1980,12,30,14.093,0, ['/ecs/DP1/PM/NSIDC-0051.001/1980.12.30/nt_19801230_n07_v1.1_n.bin']
North,1981,1,1,14.256,0, ['/ecs/DP1/PM/NSIDC-0051.001/1981.01.01/nt_19810101_n07_v1.1_n.bin']
North,1981,1,3,14.456,0, ['/ecs/DP1/PM/NSIDC-0051.001/1981.01.03/nt_19810103_n07_v1.1_n.bin']
North,1981,1,5,14.435,0, ['/ecs/DP1/PM/NSIDC-0051.001/1981.01.05/nt_19810105_n07_v1.1_n.bin']
North,1981,1,7,14.689,0, ['/ecs/DP1/PM/NSIDC-0051.001/1981.01.07/nt_19810107_n07_v1.1_n.bin']
North,1981,1,9,14.619,0, ['/ecs/DP1/PM/NSIDC-0051.001/1981.01.09/nt_19810109_n07_v1.1_n.bin']
North,1981,1,11,14.69,0, ['/ecs/DP1/PM/NSIDC-0051.001/1981.01.11/nt_19810111_n07_v1.1_n.bin']
North,1981,1,13,14.649,0, ['/ecs/DP1/PM/NSIDC-0051.001/1981.01.13/nt_19810113_n07_v1.1_n.bin']
North,1981,1,15,14.748,0, ['/ecs/DP1/PM/NSIDC-0051.001/1981.01.15/nt_19810115_n07_v1.1_n.bin']
North,1981,1,17,14.998,0, ['/ecs/DP1/PM/NSIDC-0051.001/1981.01.17/nt_19810117_n07_v1.1_n.bin']
North,1981,1,19,15.066,0, ['/ecs/DP1/PM/NSIDC-0051.001/1981.01.19/nt_19810119_n07_v1.1_n.bin']
North,1981,1,21,15.055,0, ['/ecs/DP1/PM/NSIDC-0051.001/1981.01.21/nt_19810121_n07_v1.1_n.bin']
North,1981,1,23,15.17,0, ['/ecs/DP1/PM/NSIDC-0051.001/1981.01.23/nt_19810123_n07_v1.1_n.bin']
North,1981,1,25,15.244,0, ['/ecs/DP1/PM/NSIDC-0051.001/1981.01.25/nt_19810125_n07_v1.1_n.bin']
North,1981,1,27,15.35,0, ['/ecs/DP1/PM/NSIDC-0051.001/1981.01.27/nt_19810127_n07_v1.1_n.bin']
North,1981,1,29,15.503,0, ['/ecs/DP1/PM/NSIDC-0051.001/1981.01.29/nt_19810129_n07_v1.1_n.bin']
North,1981,1,31,15.627,0, ['/ecs/DP1/PM/NSIDC-0051.001/1981.01.31/nt_19810131_n07_v1.1_n.bin']
North,1981,2,2,15.646,0, ['/ecs/DP1/PM/NSIDC-0051.001/1981.02.02/nt_19810202_n07_v1.1_n.bin']
North,1981,2,4,15.663,0, ['/ecs/DP1/PM/NSIDC-0051.001/1981.02.04/nt_19810204_n07_v1.1_n.bin']
North,1981,2,6,15.629,0, ['/ecs/DP1/PM/NSIDC-0051.001/1981.02.06/nt_19810206_n07_v1.1_n.bin']
North,1981,2,8,15.541,0, ['/ecs/DP1/PM/NSIDC-0051.001/1981.02.08/nt_19810208_n07_v1.1_n.bin']
North,1981,2,10,15.44,0, ['/ecs/DP1/PM/NSIDC-0051.001/1981.02.10/nt_19810210_n07_v1.1_n.bin']
North,1981,2,12,15.474,0, ['/ecs/DP1/PM/NSIDC-0051.001/1981.02.12/nt_19810212_n07_v1.1_n.bin']
North,1981,2,14,15.482,0, ['/ecs/DP1/PM/NSIDC-0051.001/1981.02.14/nt_19810214_n07_v1.1_n.bin']
North,1981,2,16,15.575,0, ['/ecs/DP1/PM/NSIDC-0051.001/1981.02.16/nt_19810216_n07_v1.1_n.bin']
North,1981,2,18,15.592,0, ['/ecs/DP1/PM/NSIDC-0051.001/1981.02.18/nt_19810218_n07_v1.1_n.bin']
North,1981,2,20,15.731,0, ['/ecs/DP1/PM/NSIDC-0051.001/1981.02.20/nt_19810220_n07_v1.1_n.bin']
North,1981,2,22,15.654,0, ['/ecs/DP1/PM/NSIDC-0051.001/1981.02.22/nt_19810222_n07_v1.1_n.bin']
North,1981,2,24,15.706,0, ['/ecs/DP1/PM/NSIDC-0051.001/1981.02.24/nt_19810224_n07_v1.1_n.bin']
North,1981,2,26,15.667,0, ['/ecs/DP1/PM/NSIDC-0051.001/1981.02.26/nt_19810226_n07_v1.1_n.bin']
North,1981,2,28,15.657,0, ['/ecs/DP1/PM/NSIDC-0051.001/1981.02.28/nt_19810228_n07_v1.1_n.bin']
North,1981,3,2,15.628,0, ['/ecs/DP1/PM/NSIDC-0051.001/1981.03.02/nt_19810302_n07_v1.1_n.bin']
North,1981,3,4,15.726,0, ['/ecs/DP1/PM/NSIDC-0051.001/1981.03.04/nt_19810304_n07_v1.1_n.bin']
North,1981,3,6,15.646,0, ['/ecs/DP1/PM/NSIDC-0051.001/1981.03.06/nt_19810306_n07_v1.1_n.bin']
North,1981,3,8,15.644,0, ['/ecs/DP1/PM/NSIDC-0051.001/1981.03.08/nt_19810308_n07_v1.1_n.bin']
North,1981,3,10,15.733,0, ['/ecs/DP1/PM/NSIDC-0051.001/1981.03.10/nt_19810310_n07_v1.1_n.bin']
North,1981,3,12,15.657,0, ['/ecs/DP1/PM/NSIDC-0051.001/1981.03.12/nt_19810312_n07_v1.1_n.bin']
North,1981,3,14,15.801,0, ['/ecs/DP1/PM/NSIDC-0051.001/1981.03.14/nt_19810314_n07_v1.1_n.bin']
North,1981,3,16,15.771,0, ['/ecs/DP1/PM/NSIDC-0051.001/1981.03.16/nt_19810316_n07_v1.1_n.bin']
North,1981,3,18,15.528,0, ['/ecs/DP1/PM/NSIDC-0051.001/1981.03.18/nt_19810318_n07_v1.1_n.bin']
North,1981,3,20,15.621,0, ['/ecs/DP1/PM/NSIDC-0051.001/1981.03.20/nt_19810320_n07_v1.1_n.bin']
North,1981,3,22,15.535,0, ['/ecs/DP1/PM/NSIDC-0051.001/1981.03.22/nt_19810322_n07_v1.1_n.bin']
North,1981,3,24,15.559,0, ['/ecs/DP1/PM/NSIDC-0051.001/1981.03.24/nt_19810324_n07_v1.1_n.bin']
North,1981,3,26,15.626,0, ['/ecs/DP1/PM/NSIDC-0051.001/1981.03.26/nt_19810326_n07_v1.1_n.bin']
North,1981,3,28,15.517,0, ['/ecs/DP1/PM/NSIDC-0051.001/1981.03.28/nt_19810328_n07_v1.1_n.bin']
North,1981,3,30,15.481,0, ['/ecs/DP1/PM/NSIDC-0051.001/1981.03.30/nt_19810330_n07_v1.1_n.bin']
North,1981,4,1,15.44,0, ['/ecs/DP1/PM/NSIDC-0051.001/1981.04.01/nt_19810401_n07_v1.1_n.bin']
North,1981,4,3,15.221,0, ['/ecs/DP1/PM/NSIDC-0051.001/1981.04.03/nt_19810403_n07_v1.1_n.bin']
North,1981,4,5,15.224,0, ['/ecs/DP1/PM/NSIDC-0051.001/1981.04.05/nt_19810405_n07_v1.1_n.bin']
North,1981,4,7,15.242,0, ['/ecs/DP1/PM/NSIDC-0051.001/1981.04.07/nt_19810407_n07_v1.1_n.bin']
North,1981,4,9,15.202,0, ['/ecs/DP1/PM/NSIDC-0051.001/1981.04.09/nt_19810409_n07_v1.1_n.bin']
North,1981,4,11,15.135,0, ['/ecs/DP1/PM/NSIDC-0051.001/1981.04.11/nt_19810411_n07_v1.1_n.bin']
North,1981,4,13,15.11,0, ['/ecs/DP1/PM/NSIDC-0051.001/1981.04.13/nt_19810413_n07_v1.1_n.bin']
North,1981,4,15,15.086,0, ['/ecs/DP1/PM/NSIDC-0051.001/1981.04.15/nt_19810415_n07_v1.1_n.bin']
North,1981,4,17,14.983,0, ['/ecs/DP1/PM/NSIDC-0051.001/1981.04.17/nt_19810417_n07_v1.1_n.bin']
North,1981,4,19,14.95,0, ['/ecs/DP1/PM/NSIDC-0051.001/1981.04.19/nt_19810419_n07_v1.1_n.bin']
North,1981,4,21,14.92,0, ['/ecs/DP1/PM/NSIDC-0051.001/1981.04.21/nt_19810421_n07_v1.1_n.bin']
North,1981,4,23,14.844,0, ['/ecs/DP1/PM/NSIDC-0051.001/1981.04.23/nt_19810423_n07_v1.1_n.bin']
North,1981,4,25,14.714,0, ['/ecs/DP1/PM/NSIDC-0051.001/1981.04.25/nt_19810425_n07_v1.1_n.bin']
North,1981,4,27,14.564,0, ['/ecs/DP1/PM/NSIDC-0051.001/1981.04.27/nt_19810427_n07_v1.1_n.bin']
North,1981,4,29,14.514,0, ['/ecs/DP1/PM/NSIDC-0051.001/1981.04.29/nt_19810429_n07_v1.1_n.bin']
North,1981,5,1,14.272,0, ['/ecs/DP1/PM/NSIDC-0051.001/1981.05.01/nt_19810501_n07_v1.1_n.bin']
North,1981,5,3,14.285,0, ['/ecs/DP1/PM/NSIDC-0051.001/1981.05.03/nt_19810503_n07_v1.1_n.bin']
North,1981,5,5,14.249,0, ['/ecs/DP1/PM/NSIDC-0051.001/1981.05.05/nt_19810505_n07_v1.1_n.bin']
North,1981,5,7,14.077,0, ['/ecs/DP1/PM/NSIDC-0051.001/1981.05.07/nt_19810507_n07_v1.1_n.bin']
North,1981,5,9,14.083,0, ['/ecs/DP1/PM/NSIDC-0051.001/1981.05.09/nt_19810509_n07_v1.1_n.bin']
North,1981,5,11,14.072,0, ['/ecs/DP1/PM/NSIDC-0051.001/1981.05.11/nt_19810511_n07_v1.1_n.bin']
North,1981,5,13,14.025,0, ['/ecs/DP1/PM/NSIDC-0051.001/1981.05.13/nt_19810513_n07_v1.1_n.bin']
North,1981,5,15,13.928,0, ['/ecs/DP1/PM/NSIDC-0051.001/1981.05.15/nt_19810515_n07_v1.1_n.bin']
North,1981,5,17,13.843,0, ['/ecs/DP1/PM/NSIDC-0051.001/1981.05.17/nt_19810517_n07_v1.1_n.bin']
North,1981,5,19,13.752,0, ['/ecs/DP1/PM/NSIDC-0051.001/1981.05.19/nt_19810519_n07_v1.1_n.bin']
North,1981,5,21,13.568,0, ['/ecs/DP1/PM/NSIDC-0051.001/1981.05.21/nt_19810521_n07_v1.1_n.bin']
North,1981,5,23,13.464,0, ['/ecs/DP1/PM/NSIDC-0051.001/1981.05.23/nt_19810523_n07_v1.1_n.bin']
North,1981,5,25,13.378,0, ['/ecs/DP1/PM/NSIDC-0051.001/1981.05.25/nt_19810525_n07_v1.1_n.bin']
North,1981,5,27,13.333,0, ['/ecs/DP1/PM/NSIDC-0051.001/1981.05.27/nt_19810527_n07_v1.1_n.bin']
North,1981,5,29,13.275,0, ['/ecs/DP1/PM/NSIDC-0051.001/1981.05.29/nt_19810529_n07_v1.1_n.bin']
North,1981,5,31,13.222,0, ['/ecs/DP1/PM/NSIDC-0051.001/1981.05.31/nt_19810531_n07_v1.1_n.bin']
North,1981,6,2,13.059,0, ['/ecs/DP1/PM/NSIDC-0051.001/1981.06.02/nt_19810602_n07_v1.1_n.bin']
North,1981,6,4,13.002,0, ['/ecs/DP1/PM/NSIDC-0051.001/1981.06.04/nt_19810604_n07_v1.1_n.bin']
North,1981,6,6,12.954,0, ['/ecs/DP1/PM/NSIDC-0051.001/1981.06.06/nt_19810606_n07_v1.1_n.bin']
North,1981,6,8,12.863,0, ['/ecs/DP1/PM/NSIDC-0051.001/1981.06.08/nt_19810608_n07_v1.1_n.bin']
North,1981,6,10,12.721,0, ['/ecs/DP1/PM/NSIDC-0051.001/1981.06.10/nt_19810610_n07_v1.1_n.bin']
North,1981,6,12,12.652,0, ['/ecs/DP1/PM/NSIDC-0051.001/1981.06.12/nt_19810612_n07_v1.1_n.bin']
North,1981,6,14,12.487,0, ['/ecs/DP1/PM/NSIDC-0051.001/1981.06.14/nt_19810614_n07_v1.1_n.bin']
North,1981,6,16,12.465,0, ['/ecs/DP1/PM/NSIDC-0051.001/1981.06.16/nt_19810616_n07_v1.1_n.bin']
North,1981,6,18,12.364,0, ['/ecs/DP1/PM/NSIDC-0051.001/1981.06.18/nt_19810618_n07_v1.1_n.bin']
North,1981,6,20,12.216,0, ['/ecs/DP1/PM/NSIDC-0051.001/1981.06.20/nt_19810620_n07_v1.1_n.bin']
North,1981,6,22,12.064,0, ['/ecs/DP1/PM/NSIDC-0051.001/1981.06.22/nt_19810622_n07_v1.1_n.bin']
North,1981,6,24,12.003,0, ['/ecs/DP1/PM/NSIDC-0051.001/1981.06.24/nt_19810624_n07_v1.1_n.bin']
North,1981,6,26,12.013,0, ['/ecs/DP1/PM/NSIDC-0051.001/1981.06.26/nt_19810626_n07_v1.1_n.bin']
North,1981,6,28,11.796,0, ['/ecs/DP1/PM/NSIDC-0051.001/1981.06.28/nt_19810628_n07_v1.1_n.bin']
North,1981,6,30,11.787,0, ['/ecs/DP1/PM/NSIDC-0051.001/1981.06.30/nt_19810630_n07_v1.1_n.bin']
North,1981,7,2,11.428,0, ['/ecs/DP1/PM/NSIDC-0051.001/1981.07.02/nt_19810702_n07_v1.1_n.bin']
North,1981,7,4,11.33,0, ['/ecs/DP1/PM/NSIDC-0051.001/1981.07.04/nt_19810704_n07_v1.1_n.bin']
North,1981,7,6,11.181,0, ['/ecs/DP1/PM/NSIDC-0051.001/1981.07.06/nt_19810706_n07_v1.1_n.bin']
North,1981,7,8,11.022,0, ['/ecs/DP1/PM/NSIDC-0051.001/1981.07.08/nt_19810708_n07_v1.1_n.bin']
North,1981,7,10,10.894,0, ['/ecs/DP1/PM/NSIDC-0051.001/1981.07.10/nt_19810710_n07_v1.1_n.bin']
North,1981,7,12,10.691,0, ['/ecs/DP1/PM/NSIDC-0051.001/1981.07.12/nt_19810712_n07_v1.1_n.bin']
North,1981,7,14,10.643,0, ['/ecs/DP1/PM/NSIDC-0051.001/1981.07.14/nt_19810714_n07_v1.1_n.bin']
North,1981,7,16,10.354,0, ['/ecs/DP1/PM/NSIDC-0051.001/1981.07.16/nt_19810716_n07_v1.1_n.bin']
North,1981,7,18,10.127,0, ['/ecs/DP1/PM/NSIDC-0051.001/1981.07.18/nt_19810718_n07_v1.1_n.bin']
North,1981,7,20,9.826,0, ['/ecs/DP1/PM/NSIDC-0051.001/1981.07.20/nt_19810720_n07_v1.1_n.bin']
North,1981,7,22,9.788,0, ['/ecs/DP1/PM/NSIDC-0051.001/1981.07.22/nt_19810722_n07_v1.1_n.bin']
North,1981,7,24,9.538,0, ['/ecs/DP1/PM/NSIDC-0051.001/1981.07.24/nt_19810724_n07_v1.1_n.bin']
North,1981,7,26,9.22,0, ['/ecs/DP1/PM/NSIDC-0051.001/1981.07.26/nt_19810726_n07_v1.1_n.bin']
North,1981,7,28,9.106,0, ['/ecs/DP1/PM/NSIDC-0051.001/1981.07.28/nt_19810728_n07_v1.1_n.bin']
North,1981,7,30,8.917,0, ['/ecs/DP1/PM/NSIDC-0051.001/1981.07.30/nt_19810730_n07_v1.1_n.bin']
North,1981,8,1,8.733,0, ['/ecs/DP1/PM/NSIDC-0051.001/1981.08.01/nt_19810801_n07_v1.1_n.bin']
North,1981,8,3,8.587,0, ['/ecs/DP1/PM/NSIDC-0051.001/1981.08.03/nt_19810803_n07_v1.1_n.bin']
North,1981,8,5,8.326,0, ['/ecs/DP1/PM/NSIDC-0051.001/1981.08.05/nt_19810805_n07_v1.1_n.bin']
North,1981,8,7,8.176,0, ['/ecs/DP1/PM/NSIDC-0051.001/1981.08.07/nt_19810807_n07_v1.1_n.bin']
North,1981,8,9,8,0, ['/ecs/DP1/PM/NSIDC-0051.001/1981.08.09/nt_19810809_n07_v1.1_n.bin']
North,1981,8,11,7.917,0, ['/ecs/DP1/PM/NSIDC-0051.001/1981.08.11/nt_19810811_n07_v1.1_n.bin']
North,1981,8,13,7.883,0, ['/ecs/DP1/PM/NSIDC-0051.001/1981.08.13/nt_19810813_n07_v1.1_n.bin']
North,1981,8,15,7.804,0, ['/ecs/DP1/PM/NSIDC-0051.001/1981.08.15/nt_19810815_n07_v1.1_n.bin']
North,1981,8,17,7.724,0, ['/ecs/DP1/PM/NSIDC-0051.001/1981.08.17/nt_19810817_n07_v1.1_n.bin']
North,1981,8,19,7.667,0, ['/ecs/DP1/PM/NSIDC-0051.001/1981.08.19/nt_19810819_n07_v1.1_n.bin']
North,1981,8,21,7.593,0, ['/ecs/DP1/PM/NSIDC-0051.001/1981.08.21/nt_19810821_n07_v1.1_n.bin']
North,1981,8,23,7.53,0, ['/ecs/DP1/PM/NSIDC-0051.001/1981.08.23/nt_19810823_n07_v1.1_n.bin']
North,1981,8,25,7.495,0, ['/ecs/DP1/PM/NSIDC-0051.001/1981.08.25/nt_19810825_n07_v1.1_n.bin']
North,1981,8,27,7.408,0, ['/ecs/DP1/PM/NSIDC-0051.001/1981.08.27/nt_19810827_n07_v1.1_n.bin']
North,1981,8,29,7.296,0, ['/ecs/DP1/PM/NSIDC-0051.001/1981.08.29/nt_19810829_n07_v1.1_n.bin']
North,1981,8,31,7.37,0, ['/ecs/DP1/PM/NSIDC-0051.001/1981.08.31/nt_19810831_n07_v1.1_n.bin']
North,1981,9,2,7.203,0, ['/ecs/DP1/PM/NSIDC-0051.001/1981.09.02/nt_19810902_n07_v1.1_n.bin']
North,1981,9,4,7.162,0, ['/ecs/DP1/PM/NSIDC-0051.001/1981.09.04/nt_19810904_n07_v1.1_n.bin']
North,1981,9,6,6.992,0, ['/ecs/DP1/PM/NSIDC-0051.001/1981.09.06/nt_19810906_n07_v1.1_n.bin']
North,1981,9,8,7.046,0, ['/ecs/DP1/PM/NSIDC-0051.001/1981.09.08/nt_19810908_n07_v1.1_n.bin']
North,1981,9,10,6.902,0, ['/ecs/DP1/PM/NSIDC-0051.001/1981.09.10/nt_19810910_n07_v1.1_n.bin']
North,1981,9,12,6.904,0, ['/ecs/DP1/PM/NSIDC-0051.001/1981.09.12/nt_19810912_n07_v1.1_n.bin']
North,1981,9,14,6.952,0, ['/ecs/DP1/PM/NSIDC-0051.001/1981.09.14/nt_19810914_n07_v1.1_n.bin']
North,1981,9,16,6.951,0, ['/ecs/DP1/PM/NSIDC-0051.001/1981.09.16/nt_19810916_n07_v1.1_n.bin']
North,1981,9,18,7.002,0, ['/ecs/DP1/PM/NSIDC-0051.001/1981.09.18/nt_19810918_n07_v1.1_n.bin']
North,1981,9,20,7.053,0, ['/ecs/DP1/PM/NSIDC-0051.001/1981.09.20/nt_19810920_n07_v1.1_n.bin']
North,1981,9,22,7.231,0, ['/ecs/DP1/PM/NSIDC-0051.001/1981.09.22/nt_19810922_n07_v1.1_n.bin']
North,1981,9,24,7.261,0, ['/ecs/DP1/PM/NSIDC-0051.001/1981.09.24/nt_19810924_n07_v1.1_n.bin']
North,1981,9,26,7.303,0, ['/ecs/DP1/PM/NSIDC-0051.001/1981.09.26/nt_19810926_n07_v1.1_n.bin']
North,1981,9,28,7.489,0, ['/ecs/DP1/PM/NSIDC-0051.001/1981.09.28/nt_19810928_n07_v1.1_n.bin']
North,1981,9,30,7.626,0, ['/ecs/DP1/PM/NSIDC-0051.001/1981.09.30/nt_19810930_n07_v1.1_n.bin']
North,1981,10,2,7.987,0, ['/ecs/DP1/PM/NSIDC-0051.001/1981.10.02/nt_19811002_n07_v1.1_n.bin']
North,1981,10,4,8.087,0, ['/ecs/DP1/PM/NSIDC-0051.001/1981.10.04/nt_19811004_n07_v1.1_n.bin']
North,1981,10,6,8.151,0, ['/ecs/DP1/PM/NSIDC-0051.001/1981.10.06/nt_19811006_n07_v1.1_n.bin']
North,1981,10,8,8.354,0, ['/ecs/DP1/PM/NSIDC-0051.001/1981.10.08/nt_19811008_n07_v1.1_n.bin']
North,1981,10,10,8.416,0, ['/ecs/DP1/PM/NSIDC-0051.001/1981.10.10/nt_19811010_n07_v1.1_n.bin']
North,1981,10,12,8.63,0, ['/ecs/DP1/PM/NSIDC-0051.001/1981.10.12/nt_19811012_n07_v1.1_n.bin']
North,1981,10,14,8.904,0, ['/ecs/DP1/PM/NSIDC-0051.001/1981.10.14/nt_19811014_n07_v1.1_n.bin']
North,1981,10,16,9.037,0, ['/ecs/DP1/PM/NSIDC-0051.001/1981.10.16/nt_19811016_n07_v1.1_n.bin']
North,1981,10,18,9.062,0, ['/ecs/DP1/PM/NSIDC-0051.001/1981.10.18/nt_19811018_n07_v1.1_n.bin']
North,1981,10,20,9.134,0, ['/ecs/DP1/PM/NSIDC-0051.001/1981.10.20/nt_19811020_n07_v1.1_n.bin']
North,1981,10,22,9.096,0, ['/ecs/DP1/PM/NSIDC-0051.001/1981.10.22/nt_19811022_n07_v1.1_n.bin']
North,1981,10,24,9.233,0, ['/ecs/DP1/PM/NSIDC-0051.001/1981.10.24/nt_19811024_n07_v1.1_n.bin']
North,1981,10,26,9.425,0, ['/ecs/DP1/PM/NSIDC-0051.001/1981.10.26/nt_19811026_n07_v1.1_n.bin']
North,1981,10,28,9.609,0, ['/ecs/DP1/PM/NSIDC-0051.001/1981.10.28/nt_19811028_n07_v1.1_n.bin']
North,1981,10,30,9.719,0, ['/ecs/DP1/PM/NSIDC-0051.001/1981.10.30/nt_19811030_n07_v1.1_n.bin']
North,1981,11,1,9.905,0, ['/ecs/DP1/PM/NSIDC-0051.001/1981.11.01/nt_19811101_n07_v1.1_n.bin']
North,1981,11,3,9.929,0, ['/ecs/DP1/PM/NSIDC-0051.001/1981.11.03/nt_19811103_n07_v1.1_n.bin']
North,1981,11,5,10.337,0, ['/ecs/DP1/PM/NSIDC-0051.001/1981.11.05/nt_19811105_n07_v1.1_n.bin']
North,1981,11,7,10.518,0, ['/ecs/DP1/PM/NSIDC-0051.001/1981.11.07/nt_19811107_n07_v1.1_n.bin']
North,1981,11,9,10.51,0, ['/ecs/DP1/PM/NSIDC-0051.001/1981.11.09/nt_19811109_n07_v1.1_n.bin']
North,1981,11,11,10.631,0, ['/ecs/DP1/PM/NSIDC-0051.001/1981.11.11/nt_19811111_n07_v1.1_n.bin']
North,1981,11,13,10.908,0, ['/ecs/DP1/PM/NSIDC-0051.001/1981.11.13/nt_19811113_n07_v1.1_n.bin']
North,1981,11,15,10.965,0, ['/ecs/DP1/PM/NSIDC-0051.001/1981.11.15/nt_19811115_n07_v1.1_n.bin']
North,1981,11,17,11.197,0, ['/ecs/DP1/PM/NSIDC-0051.001/1981.11.17/nt_19811117_n07_v1.1_n.bin']
North,1981,11,19,11.177,0, ['/ecs/DP1/PM/NSIDC-0051.001/1981.11.19/nt_19811119_n07_v1.1_n.bin']
North,1981,11,21,11.273,0, ['/ecs/DP1/PM/NSIDC-0051.001/1981.11.21/nt_19811121_n07_v1.1_n.bin']
North,1981,11,23,11.417,0, ['/ecs/DP1/PM/NSIDC-0051.001/1981.11.23/nt_19811123_n07_v1.1_n.bin']
North,1981,11,25,11.611,0, ['/ecs/DP1/PM/NSIDC-0051.001/1981.11.25/nt_19811125_n07_v1.1_n.bin']
North,1981,11,27,11.675,0, ['/ecs/DP1/PM/NSIDC-0051.001/1981.11.27/nt_19811127_n07_v1.1_n.bin']
North,1981,11,29,11.882,0, ['/ecs/DP1/PM/NSIDC-0051.001/1981.11.29/nt_19811129_n07_v1.1_n.bin']
North,1981,12,1,11.99,0, ['/ecs/DP1/PM/NSIDC-0051.001/1981.12.01/nt_19811201_n07_v1.1_n.bin']
North,1981,12,3,12.336,0, ['/ecs/DP1/PM/NSIDC-0051.001/1981.12.03/nt_19811203_n07_v1.1_n.bin']
North,1981,12,5,12.507,0, ['/ecs/DP1/PM/NSIDC-0051.001/1981.12.05/nt_19811205_n07_v1.1_n.bin']
North,1981,12,7,12.698,0, ['/ecs/DP1/PM/NSIDC-0051.001/1981.12.07/nt_19811207_n07_v1.1_n.bin']
North,1981,12,9,12.816,0, ['/ecs/DP1/PM/NSIDC-0051.001/1981.12.09/nt_19811209_n07_v1.1_n.bin']
North,1981,12,11,12.948,0, ['/ecs/DP1/PM/NSIDC-0051.001/1981.12.11/nt_19811211_n07_v1.1_n.bin']
North,1981,12,13,13.217,0, ['/ecs/DP1/PM/NSIDC-0051.001/1981.12.13/nt_19811213_n07_v1.1_n.bin']
North,1981,12,15,13.418,0, ['/ecs/DP1/PM/NSIDC-0051.001/1981.12.15/nt_19811215_n07_v1.1_n.bin']
North,1981,12,17,13.635,0, ['/ecs/DP1/PM/NSIDC-0051.001/1981.12.17/nt_19811217_n07_v1.1_n.bin']
North,1981,12,19,13.802,0, ['/ecs/DP1/PM/NSIDC-0051.001/1981.12.19/nt_19811219_n07_v1.1_n.bin']
North,1981,12,21,13.893,0, ['/ecs/DP1/PM/NSIDC-0051.001/1981.12.21/nt_19811221_n07_v1.1_n.bin']
North,1981,12,23,13.877,0, ['/ecs/DP1/PM/NSIDC-0051.001/1981.12.23/nt_19811223_n07_v1.1_n.bin']
North,1981,12,25,14.016,0, ['/ecs/DP1/PM/NSIDC-0051.001/1981.12.25/nt_19811225_n07_v1.1_n.bin']
North,1981,12,27,13.953,0, ['/ecs/DP1/PM/NSIDC-0051.001/1981.12.27/nt_19811227_n07_v1.1_n.bin']
North,1981,12,29,14.128,0, ['/ecs/DP1/PM/NSIDC-0051.001/1981.12.29/nt_19811229_n07_v1.1_n.bin']
North,1981,12,31,14.224,0, ['/ecs/DP1/PM/NSIDC-0051.001/1981.12.31/nt_19811231_n07_v1.1_n.bin']
North,1982,1,2,14.479,0, ['/ecs/DP1/PM/NSIDC-0051.001/1982.01.02/nt_19820102_n07_v1.1_n.bin']
North,1982,1,4,14.642,0, ['/ecs/DP1/PM/NSIDC-0051.001/1982.01.04/nt_19820104_n07_v1.1_n.bin']
North,1982,1,6,14.88,0, ['/ecs/DP1/PM/NSIDC-0051.001/1982.01.06/nt_19820106_n07_v1.1_n.bin']
North,1982,1,8,14.993,0, ['/ecs/DP1/PM/NSIDC-0051.001/1982.01.08/nt_19820108_n07_v1.1_n.bin']
North,1982,1,10,15.052,0, ['/ecs/DP1/PM/NSIDC-0051.001/1982.01.10/nt_19820110_n07_v1.1_n.bin']
North,1982,1,12,15.141,0, ['/ecs/DP1/PM/NSIDC-0051.001/1982.01.12/nt_19820112_n07_v1.1_n.bin']
North,1982,1,14,15.138,0, ['/ecs/DP1/PM/NSIDC-0051.001/1982.01.14/nt_19820114_n07_v1.1_n.bin']
North,1982,1,16,15.22,0, ['/ecs/DP1/PM/NSIDC-0051.001/1982.01.16/nt_19820116_n07_v1.1_n.bin']
North,1982,1,18,15.227,0, ['/ecs/DP1/PM/NSIDC-0051.001/1982.01.18/nt_19820118_n07_v1.1_n.bin']
North,1982,1,20,15.208,0, ['/ecs/DP1/PM/NSIDC-0051.001/1982.01.20/nt_19820120_n07_v1.1_n.bin']
North,1982,1,22,15.283,0, ['/ecs/DP1/PM/NSIDC-0051.001/1982.01.22/nt_19820122_n07_v1.1_n.bin']
North,1982,1,24,15.391,0, ['/ecs/DP1/PM/NSIDC-0051.001/1982.01.24/nt_19820124_n07_v1.1_n.bin']
North,1982,1,26,15.547,0, ['/ecs/DP1/PM/NSIDC-0051.001/1982.01.26/nt_19820126_n07_v1.1_n.bin']
North,1982,1,28,15.695,0, ['/ecs/DP1/PM/NSIDC-0051.001/1982.01.28/nt_19820128_n07_v1.1_n.bin']
North,1982,1,30,15.755,0, ['/ecs/DP1/PM/NSIDC-0051.001/1982.01.30/nt_19820130_n07_v1.1_n.bin']
North,1982,2,1,15.836,0, ['/ecs/DP1/PM/NSIDC-0051.001/1982.02.01/nt_19820201_n07_v1.1_n.bin']
North,1982,2,3,15.841,0, ['/ecs/DP1/PM/NSIDC-0051.001/1982.02.03/nt_19820203_n07_v1.1_n.bin']
North,1982,2,5,15.85,0, ['/ecs/DP1/PM/NSIDC-0051.001/1982.02.05/nt_19820205_n07_v1.1_n.bin']
North,1982,2,7,15.797,0, ['/ecs/DP1/PM/NSIDC-0051.001/1982.02.07/nt_19820207_n07_v1.1_n.bin']
North,1982,2,9,15.829,0, ['/ecs/DP1/PM/NSIDC-0051.001/1982.02.09/nt_19820209_n07_v1.1_n.bin']
North,1982,2,11,15.748,0, ['/ecs/DP1/PM/NSIDC-0051.001/1982.02.11/nt_19820211_n07_v1.1_n.bin']
North,1982,2,13,15.854,0, ['/ecs/DP1/PM/NSIDC-0051.001/1982.02.13/nt_19820213_n07_v1.1_n.bin']
North,1982,2,15,15.857,0, ['/ecs/DP1/PM/NSIDC-0051.001/1982.02.15/nt_19820215_n07_v1.1_n.bin']
North,1982,2,17,16.058,0, ['/ecs/DP1/PM/NSIDC-0051.001/1982.02.17/nt_19820217_n07_v1.1_n.bin']
North,1982,2,19,16.087,0, ['/ecs/DP1/PM/NSIDC-0051.001/1982.02.19/nt_19820219_n07_v1.1_n.bin']
North,1982,2,21,16.094,0, ['/ecs/DP1/PM/NSIDC-0051.001/1982.02.21/nt_19820221_n07_v1.1_n.bin']
North,1982,2,23,16.143,0, ['/ecs/DP1/PM/NSIDC-0051.001/1982.02.23/nt_19820223_n07_v1.1_n.bin']
North,1982,2,25,16.31,0, ['/ecs/DP1/PM/NSIDC-0051.001/1982.02.25/nt_19820225_n07_v1.1_n.bin']
North,1982,2,27,16.325,0, ['/ecs/DP1/PM/NSIDC-0051.001/1982.02.27/nt_19820227_n07_v1.1_n.bin']
North,1982,3,1,16.234,0, ['/ecs/DP1/PM/NSIDC-0051.001/1982.03.01/nt_19820301_n07_v1.1_n.bin']
North,1982,3,3,16.293,0, ['/ecs/DP1/PM/NSIDC-0051.001/1982.03.03/nt_19820303_n07_v1.1_n.bin']
North,1982,3,5,16.315,0, ['/ecs/DP1/PM/NSIDC-0051.001/1982.03.05/nt_19820305_n07_v1.1_n.bin']
North,1982,3,7,16.309,0, ['/ecs/DP1/PM/NSIDC-0051.001/1982.03.07/nt_19820307_n07_v1.1_n.bin']
North,1982,3,9,16.123,0, ['/ecs/DP1/PM/NSIDC-0051.001/1982.03.09/nt_19820309_n07_v1.1_n.bin']
North,1982,3,11,16.099,0, ['/ecs/DP1/PM/NSIDC-0051.001/1982.03.11/nt_19820311_n07_v1.1_n.bin']
North,1982,3,13,16.005,0, ['/ecs/DP1/PM/NSIDC-0051.001/1982.03.13/nt_19820313_n07_v1.1_n.bin']
North,1982,3,15,15.955,0, ['/ecs/DP1/PM/NSIDC-0051.001/1982.03.15/nt_19820315_n07_v1.1_n.bin']
North,1982,3,17,15.905,0, ['/ecs/DP1/PM/NSIDC-0051.001/1982.03.17/nt_19820317_n07_v1.1_n.bin']
North,1982,3,19,15.938,0, ['/ecs/DP1/PM/NSIDC-0051.001/1982.03.19/nt_19820319_n07_v1.1_n.bin']
North,1982,3,21,15.911,0, ['/ecs/DP1/PM/NSIDC-0051.001/1982.03.21/nt_19820321_n07_v1.1_n.bin']
North,1982,3,23,15.898,0, ['/ecs/DP1/PM/NSIDC-0051.001/1982.03.23/nt_19820323_n07_v1.1_n.bin']
North,1982,3,25,15.929,0, ['/ecs/DP1/PM/NSIDC-0051.001/1982.03.25/nt_19820325_n07_v1.1_n.bin']
North,1982,3,27,15.875,0, ['/ecs/DP1/PM/NSIDC-0051.001/1982.03.27/nt_19820327_n07_v1.1_n.bin']
North,1982,3,29,15.931,0, ['/ecs/DP1/PM/NSIDC-0051.001/1982.03.29/nt_19820329_n07_v1.1_n.bin']
North,1982,3,31,15.982,0, ['/ecs/DP1/PM/NSIDC-0051.001/1982.03.31/nt_19820331_n07_v1.1_n.bin']
North,1982,4,2,15.945,0, ['/ecs/DP1/PM/NSIDC-0051.001/1982.04.02/nt_19820402_n07_v1.1_n.bin']
North,1982,4,4,15.943,0, ['/ecs/DP1/PM/NSIDC-0051.001/1982.04.04/nt_19820404_n07_v1.1_n.bin']
North,1982,4,6,15.859,0, ['/ecs/DP1/PM/NSIDC-0051.001/1982.04.06/nt_19820406_n07_v1.1_n.bin']
North,1982,4,8,15.581,0, ['/ecs/DP1/PM/NSIDC-0051.001/1982.04.08/nt_19820408_n07_v1.1_n.bin']
North,1982,4,10,15.577,0, ['/ecs/DP1/PM/NSIDC-0051.001/1982.04.10/nt_19820410_n07_v1.1_n.bin']
North,1982,4,12,15.491,0, ['/ecs/DP1/PM/NSIDC-0051.001/1982.04.12/nt_19820412_n07_v1.1_n.bin']
North,1982,4,14,15.627,0, ['/ecs/DP1/PM/NSIDC-0051.001/1982.04.14/nt_19820414_n07_v1.1_n.bin']
North,1982,4,16,15.528,0, ['/ecs/DP1/PM/NSIDC-0051.001/1982.04.16/nt_19820416_n07_v1.1_n.bin']
North,1982,4,18,15.448,0, ['/ecs/DP1/PM/NSIDC-0051.001/1982.04.18/nt_19820418_n07_v1.1_n.bin']
North,1982,4,20,15.387,0, ['/ecs/DP1/PM/NSIDC-0051.001/1982.04.20/nt_19820420_n07_v1.1_n.bin']
North,1982,4,22,15.276,0, ['/ecs/DP1/PM/NSIDC-0051.001/1982.04.22/nt_19820422_n07_v1.1_n.bin']
North,1982,4,24,15.135,0, ['/ecs/DP1/PM/NSIDC-0051.001/1982.04.24/nt_19820424_n07_v1.1_n.bin']
North,1982,4,26,15.105,0, ['/ecs/DP1/PM/NSIDC-0051.001/1982.04.26/nt_19820426_n07_v1.1_n.bin']
North,1982,4,28,15.091,0, ['/ecs/DP1/PM/NSIDC-0051.001/1982.04.28/nt_19820428_n07_v1.1_n.bin']
North,1982,4,30,14.997,0, ['/ecs/DP1/PM/NSIDC-0051.001/1982.04.30/nt_19820430_n07_v1.1_n.bin']
North,1982,5,2,14.786,0, ['/ecs/DP1/PM/NSIDC-0051.001/1982.05.02/nt_19820502_n07_v1.1_n.bin']
North,1982,5,4,14.679,0, ['/ecs/DP1/PM/NSIDC-0051.001/1982.05.04/nt_19820504_n07_v1.1_n.bin']
North,1982,5,6,14.511,0, ['/ecs/DP1/PM/NSIDC-0051.001/1982.05.06/nt_19820506_n07_v1.1_n.bin']
North,1982,5,8,14.319,0, ['/ecs/DP1/PM/NSIDC-0051.001/1982.05.08/nt_19820508_n07_v1.1_n.bin']
North,1982,5,10,14.222,0, ['/ecs/DP1/PM/NSIDC-0051.001/1982.05.10/nt_19820510_n07_v1.1_n.bin']
North,1982,5,12,14.137,0, ['/ecs/DP1/PM/NSIDC-0051.001/1982.05.12/nt_19820512_n07_v1.1_n.bin']
North,1982,5,14,14.083,0, ['/ecs/DP1/PM/NSIDC-0051.001/1982.05.14/nt_19820514_n07_v1.1_n.bin']
North,1982,5,16,14.003,0, ['/ecs/DP1/PM/NSIDC-0051.001/1982.05.16/nt_19820516_n07_v1.1_n.bin']
North,1982,5,18,13.853,0, ['/ecs/DP1/PM/NSIDC-0051.001/1982.05.18/nt_19820518_n07_v1.1_n.bin']
North,1982,5,20,13.653,0, ['/ecs/DP1/PM/NSIDC-0051.001/1982.05.20/nt_19820520_n07_v1.1_n.bin']
North,1982,5,22,13.576,0, ['/ecs/DP1/PM/NSIDC-0051.001/1982.05.22/nt_19820522_n07_v1.1_n.bin']
North,1982,5,24,13.583,0, ['/ecs/DP1/PM/NSIDC-0051.001/1982.05.24/nt_19820524_n07_v1.1_n.bin']
North,1982,5,26,13.543,0, ['/ecs/DP1/PM/NSIDC-0051.001/1982.05.26/nt_19820526_n07_v1.1_n.bin']
North,1982,5,28,13.38,0, ['/ecs/DP1/PM/NSIDC-0051.001/1982.05.28/nt_19820528_n07_v1.1_n.bin']
North,1982,5,30,13.27,0, ['/ecs/DP1/PM/NSIDC-0051.001/1982.05.30/nt_19820530_n07_v1.1_n.bin']
North,1982,6,1,13.091,0, ['/ecs/DP1/PM/NSIDC-0051.001/1982.06.01/nt_19820601_n07_v1.1_n.bin']
North,1982,6,3,12.99,0, ['/ecs/DP1/PM/NSIDC-0051.001/1982.06.03/nt_19820603_n07_v1.1_n.bin']
North,1982,6,5,12.874,0, ['/ecs/DP1/PM/NSIDC-0051.001/1982.06.05/nt_19820605_n07_v1.1_n.bin']
North,1982,6,7,12.834,0, ['/ecs/DP1/PM/NSIDC-0051.001/1982.06.07/nt_19820607_n07_v1.1_n.bin']
North,1982,6,9,12.75,0, ['/ecs/DP1/PM/NSIDC-0051.001/1982.06.09/nt_19820609_n07_v1.1_n.bin']
North,1982,6,11,12.709,0, ['/ecs/DP1/PM/NSIDC-0051.001/1982.06.11/nt_19820611_n07_v1.1_n.bin']
North,1982,6,13,12.678,0, ['/ecs/DP1/PM/NSIDC-0051.001/1982.06.13/nt_19820613_n07_v1.1_n.bin']
North,1982,6,15,12.652,0, ['/ecs/DP1/PM/NSIDC-0051.001/1982.06.15/nt_19820615_n07_v1.1_n.bin']
North,1982,6,17,12.476,0, ['/ecs/DP1/PM/NSIDC-0051.001/1982.06.17/nt_19820617_n07_v1.1_n.bin']
North,1982,6,19,12.317,0, ['/ecs/DP1/PM/NSIDC-0051.001/1982.06.19/nt_19820619_n07_v1.1_n.bin']
North,1982,6,21,12.145,0, ['/ecs/DP1/PM/NSIDC-0051.001/1982.06.21/nt_19820621_n07_v1.1_n.bin']
North,1982,6,23,12.079,0, ['/ecs/DP1/PM/NSIDC-0051.001/1982.06.23/nt_19820623_n07_v1.1_n.bin']
North,1982,6,25,11.918,0, ['/ecs/DP1/PM/NSIDC-0051.001/1982.06.25/nt_19820625_n07_v1.1_n.bin']
North,1982,6,27,11.868,0, ['/ecs/DP1/PM/NSIDC-0051.001/1982.06.27/nt_19820627_n07_v1.1_n.bin']
North,1982,6,29,11.76,0, ['/ecs/DP1/PM/NSIDC-0051.001/1982.06.29/nt_19820629_n07_v1.1_n.bin']
North,1982,7,1,11.425,0, ['/ecs/DP1/PM/NSIDC-0051.001/1982.07.01/nt_19820701_n07_v1.1_n.bin']
North,1982,7,3,11.442,0, ['/ecs/DP1/PM/NSIDC-0051.001/1982.07.03/nt_19820703_n07_v1.1_n.bin']
North,1982,7,5,11.344,0, ['/ecs/DP1/PM/NSIDC-0051.001/1982.07.05/nt_19820705_n07_v1.1_n.bin']
North,1982,7,7,11.165,0, ['/ecs/DP1/PM/NSIDC-0051.001/1982.07.07/nt_19820707_n07_v1.1_n.bin']
North,1982,7,9,11.043,0, ['/ecs/DP1/PM/NSIDC-0051.001/1982.07.09/nt_19820709_n07_v1.1_n.bin']
North,1982,7,11,10.816,0, ['/ecs/DP1/PM/NSIDC-0051.001/1982.07.11/nt_19820711_n07_v1.1_n.bin']
North,1982,7,13,10.664,0, ['/ecs/DP1/PM/NSIDC-0051.001/1982.07.13/nt_19820713_n07_v1.1_n.bin']
North,1982,7,15,10.436,0, ['/ecs/DP1/PM/NSIDC-0051.001/1982.07.15/nt_19820715_n07_v1.1_n.bin']
North,1982,7,17,10.264,0, ['/ecs/DP1/PM/NSIDC-0051.001/1982.07.17/nt_19820717_n07_v1.1_n.bin']
North,1982,7,19,10.179,0, ['/ecs/DP1/PM/NSIDC-0051.001/1982.07.19/nt_19820719_n07_v1.1_n.bin']
North,1982,7,21,10.022,0, ['/ecs/DP1/PM/NSIDC-0051.001/1982.07.21/nt_19820721_n07_v1.1_n.bin']
North,1982,7,23,9.782,0, ['/ecs/DP1/PM/NSIDC-0051.001/1982.07.23/nt_19820723_n07_v1.1_n.bin']
North,1982,7,25,9.638,0, ['/ecs/DP1/PM/NSIDC-0051.001/1982.07.25/nt_19820725_n07_v1.1_n.bin']
North,1982,7,27,9.417,0, ['/ecs/DP1/PM/NSIDC-0051.001/1982.07.27/nt_19820727_n07_v1.1_n.bin']
North,1982,7,29,9.22,0, ['/ecs/DP1/PM/NSIDC-0051.001/1982.07.29/nt_19820729_n07_v1.1_n.bin']
North,1982,7,31,9.016,0, ['/ecs/DP1/PM/NSIDC-0051.001/1982.07.31/nt_19820731_n07_v1.1_n.bin']
North,1982,8,2,8.939,0, ['/ecs/DP1/PM/NSIDC-0051.001/1982.08.02/nt_19820802_n07_v1.1_n.bin']
North,1982,8,4,8.746,0, ['/ecs/DP1/PM/NSIDC-0051.001/1982.08.04/nt_19820804_n07_v1.1_n.bin']
North,1982,8,6,8.672,0, ['/ecs/DP1/PM/NSIDC-0051.001/1982.08.06/nt_19820806_n07_v1.1_n.bin']
North,1982,8,8,8.45,0, ['/ecs/DP1/PM/NSIDC-0051.001/1982.08.08/nt_19820808_n07_v1.1_n.bin']
North,1982,8,10,8.437,0, ['/ecs/DP1/PM/NSIDC-0051.001/1982.08.10/nt_19820810_n07_v1.1_n.bin']
North,1982,8,12,8.366,0, ['/ecs/DP1/PM/NSIDC-0051.001/1982.08.12/nt_19820812_n07_v1.1_n.bin']
North,1982,8,14,8.152,0, ['/ecs/DP1/PM/NSIDC-0051.001/1982.08.14/nt_19820814_n07_v1.1_n.bin']
North,1982,8,16,8.008,0, ['/ecs/DP1/PM/NSIDC-0051.001/1982.08.16/nt_19820816_n07_v1.1_n.bin']
North,1982,8,18,8.027,0, ['/ecs/DP1/PM/NSIDC-0051.001/1982.08.18/nt_19820818_n07_v1.1_n.bin']
North,1982,8,20,7.915,0, ['/ecs/DP1/PM/NSIDC-0051.001/1982.08.20/nt_19820820_n07_v1.1_n.bin']
North,1982,8,22,7.79,0, ['/ecs/DP1/PM/NSIDC-0051.001/1982.08.22/nt_19820822_n07_v1.1_n.bin']
North,1982,8,24,7.759,0, ['/ecs/DP1/PM/NSIDC-0051.001/1982.08.24/nt_19820824_n07_v1.1_n.bin']
North,1982,8,26,7.7,0, ['/ecs/DP1/PM/NSIDC-0051.001/1982.08.26/nt_19820826_n07_v1.1_n.bin']
North,1982,8,28,7.582,0, ['/ecs/DP1/PM/NSIDC-0051.001/1982.08.28/nt_19820828_n07_v1.1_n.bin']
North,1982,8,30,7.55,0, ['/ecs/DP1/PM/NSIDC-0051.001/1982.08.30/nt_19820830_n07_v1.1_n.bin']
North,1982,9,1,7.404,0, ['/ecs/DP1/PM/NSIDC-0051.001/1982.09.01/nt_19820901_n07_v1.1_n.bin']
North,1982,9,3,7.248,0, ['/ecs/DP1/PM/NSIDC-0051.001/1982.09.03/nt_19820903_n07_v1.1_n.bin']
North,1982,9,5,7.233,0, ['/ecs/DP1/PM/NSIDC-0051.001/1982.09.05/nt_19820905_n07_v1.1_n.bin']
North,1982,9,7,7.182,0, ['/ecs/DP1/PM/NSIDC-0051.001/1982.09.07/nt_19820907_n07_v1.1_n.bin']
North,1982,9,9,7.18,0, ['/ecs/DP1/PM/NSIDC-0051.001/1982.09.09/nt_19820909_n07_v1.1_n.bin']
North,1982,9,11,7.173,0, ['/ecs/DP1/PM/NSIDC-0051.001/1982.09.11/nt_19820911_n07_v1.1_n.bin']
North,1982,9,13,7.16,0, ['/ecs/DP1/PM/NSIDC-0051.001/1982.09.13/nt_19820913_n07_v1.1_n.bin']
North,1982,9,15,7.196,0, ['/ecs/DP1/PM/NSIDC-0051.001/1982.09.15/nt_19820915_n07_v1.1_n.bin']
North,1982,9,17,7.197,0, ['/ecs/DP1/PM/NSIDC-0051.001/1982.09.17/nt_19820917_n07_v1.1_n.bin']
North,1982,9,19,7.224,0, ['/ecs/DP1/PM/NSIDC-0051.001/1982.09.19/nt_19820919_n07_v1.1_n.bin']
North,1982,9,21,7.329,0, ['/ecs/DP1/PM/NSIDC-0051.001/1982.09.21/nt_19820921_n07_v1.1_n.bin']
North,1982,9,23,7.422,0, ['/ecs/DP1/PM/NSIDC-0051.001/1982.09.23/nt_19820923_n07_v1.1_n.bin']
North,1982,9,25,7.417,0, ['/ecs/DP1/PM/NSIDC-0051.001/1982.09.25/nt_19820925_n07_v1.1_n.bin']
North,1982,9,27,7.495,0, ['/ecs/DP1/PM/NSIDC-0051.001/1982.09.27/nt_19820927_n07_v1.1_n.bin']
North,1982,9,29,7.666,0, ['/ecs/DP1/PM/NSIDC-0051.001/1982.09.29/nt_19820929_n07_v1.1_n.bin']
North,1982,10,1,7.768,0, ['/ecs/DP1/PM/NSIDC-0051.001/1982.10.01/nt_19821001_n07_v1.1_n.bin']
North,1982,10,3,8.016,0, ['/ecs/DP1/PM/NSIDC-0051.001/1982.10.03/nt_19821003_n07_v1.1_n.bin']
North,1982,10,5,8.184,0, ['/ecs/DP1/PM/NSIDC-0051.001/1982.10.05/nt_19821005_n07_v1.1_n.bin']
North,1982,10,7,8.331,0, ['/ecs/DP1/PM/NSIDC-0051.001/1982.10.07/nt_19821007_n07_v1.1_n.bin']
North,1982,10,9,8.875,0, ['/ecs/DP1/PM/NSIDC-0051.001/1982.10.09/nt_19821009_n07_v1.1_n.bin']
North,1982,10,11,9.179,0, ['/ecs/DP1/PM/NSIDC-0051.001/1982.10.11/nt_19821011_n07_v1.1_n.bin']
North,1982,10,13,9.429,0, ['/ecs/DP1/PM/NSIDC-0051.001/1982.10.13/nt_19821013_n07_v1.1_n.bin']
North,1982,10,15,9.608,0, ['/ecs/DP1/PM/NSIDC-0051.001/1982.10.15/nt_19821015_n07_v1.1_n.bin']
North,1982,10,17,9.797,0, ['/ecs/DP1/PM/NSIDC-0051.001/1982.10.17/nt_19821017_n07_v1.1_n.bin']
North,1982,10,19,9.836,0, ['/ecs/DP1/PM/NSIDC-0051.001/1982.10.19/nt_19821019_n07_v1.1_n.bin']
North,1982,10,21,9.847,0, ['/ecs/DP1/PM/NSIDC-0051.001/1982.10.21/nt_19821021_n07_v1.1_n.bin']
North,1982,10,23,10.067,0, ['/ecs/DP1/PM/NSIDC-0051.001/1982.10.23/nt_19821023_n07_v1.1_n.bin']
North,1982,10,25,10.198,0, ['/ecs/DP1/PM/NSIDC-0051.001/1982.10.25/nt_19821025_n07_v1.1_n.bin']
North,1982,10,27,10.423,0, ['/ecs/DP1/PM/NSIDC-0051.001/1982.10.27/nt_19821027_n07_v1.1_n.bin']
North,1982,10,29,10.564,0, ['/ecs/DP1/PM/NSIDC-0051.001/1982.10.29/nt_19821029_n07_v1.1_n.bin']
North,1982,10,31,10.615,0, ['/ecs/DP1/PM/NSIDC-0051.001/1982.10.31/nt_19821031_n07_v1.1_n.bin']
North,1982,11,2,10.817,0, ['/ecs/DP1/PM/NSIDC-0051.001/1982.11.02/nt_19821102_n07_v1.1_n.bin']
North,1982,11,4,10.893,0, ['/ecs/DP1/PM/NSIDC-0051.001/1982.11.04/nt_19821104_n07_v1.1_n.bin']
North,1982,11,6,11.131,0, ['/ecs/DP1/PM/NSIDC-0051.001/1982.11.06/nt_19821106_n07_v1.1_n.bin']
North,1982,11,8,11.03,0, ['/ecs/DP1/PM/NSIDC-0051.001/1982.11.08/nt_19821108_n07_v1.1_n.bin']
North,1982,11,10,11.203,0, ['/ecs/DP1/PM/NSIDC-0051.001/1982.11.10/nt_19821110_n07_v1.1_n.bin']
North,1982,11,12,11.348,0, ['/ecs/DP1/PM/NSIDC-0051.001/1982.11.12/nt_19821112_n07_v1.1_n.bin']
North,1982,11,14,11.573,0, ['/ecs/DP1/PM/NSIDC-0051.001/1982.11.14/nt_19821114_n07_v1.1_n.bin']
North,1982,11,16,11.792,0, ['/ecs/DP1/PM/NSIDC-0051.001/1982.11.16/nt_19821116_n07_v1.1_n.bin']
North,1982,11,18,11.774,0, ['/ecs/DP1/PM/NSIDC-0051.001/1982.11.18/nt_19821118_n07_v1.1_n.bin']
North,1982,11,20,11.698,0, ['/ecs/DP1/PM/NSIDC-0051.001/1982.11.20/nt_19821120_n07_v1.1_n.bin']
North,1982,11,22,11.854,0, ['/ecs/DP1/PM/NSIDC-0051.001/1982.11.22/nt_19821122_n07_v1.1_n.bin']
North,1982,11,24,11.929,0, ['/ecs/DP1/PM/NSIDC-0051.001/1982.11.24/nt_19821124_n07_v1.1_n.bin']
North,1982,11,26,12.192,0, ['/ecs/DP1/PM/NSIDC-0051.001/1982.11.26/nt_19821126_n07_v1.1_n.bin']
North,1982,11,28,12.483,0, ['/ecs/DP1/PM/NSIDC-0051.001/1982.11.28/nt_19821128_n07_v1.1_n.bin']
North,1982,11,30,12.695,0, ['/ecs/DP1/PM/NSIDC-0051.001/1982.11.30/nt_19821130_n07_v1.1_n.bin']
North,1982,12,2,12.822,0, ['/ecs/DP1/PM/NSIDC-0051.001/1982.12.02/nt_19821202_n07_v1.1_n.bin']
North,1982,12,4,12.866,0, ['/ecs/DP1/PM/NSIDC-0051.001/1982.12.04/nt_19821204_n07_v1.1_n.bin']
North,1982,12,6,12.963,0, ['/ecs/DP1/PM/NSIDC-0051.001/1982.12.06/nt_19821206_n07_v1.1_n.bin']
North,1982,12,8,13.223,0, ['/ecs/DP1/PM/NSIDC-0051.001/1982.12.08/nt_19821208_n07_v1.1_n.bin']
North,1982,12,10,13.351,0, ['/ecs/DP1/PM/NSIDC-0051.001/1982.12.10/nt_19821210_n07_v1.1_n.bin']
North,1982,12,12,13.503,0, ['/ecs/DP1/PM/NSIDC-0051.001/1982.12.12/nt_19821212_n07_v1.1_n.bin']
North,1982,12,14,13.606,0, ['/ecs/DP1/PM/NSIDC-0051.001/1982.12.14/nt_19821214_n07_v1.1_n.bin']
North,1982,12,16,13.84,0, ['/ecs/DP1/PM/NSIDC-0051.001/1982.12.16/nt_19821216_n07_v1.1_n.bin']
North,1982,12,18,13.895,0, ['/ecs/DP1/PM/NSIDC-0051.001/1982.12.18/nt_19821218_n07_v1.1_n.bin']
North,1982,12,20,14.016,0, ['/ecs/DP1/PM/NSIDC-0051.001/1982.12.20/nt_19821220_n07_v1.1_n.bin']
North,1982,12,22,13.963,0, ['/ecs/DP1/PM/NSIDC-0051.001/1982.12.22/nt_19821222_n07_v1.1_n.bin']
North,1982,12,24,14.093,0, ['/ecs/DP1/PM/NSIDC-0051.001/1982.12.24/nt_19821224_n07_v1.1_n.bin']
North,1982,12,26,14.183,0, ['/ecs/DP1/PM/NSIDC-0051.001/1982.12.26/nt_19821226_n07_v1.1_n.bin']
North,1982,12,28,14.144,0, ['/ecs/DP1/PM/NSIDC-0051.001/1982.12.28/nt_19821228_n07_v1.1_n.bin']
North,1982,12,30,14.159,0, ['/ecs/DP1/PM/NSIDC-0051.001/1982.12.30/nt_19821230_n07_v1.1_n.bin']
North,1983,1,1,14.253,0, ['/ecs/DP1/PM/NSIDC-0051.001/1983.01.01/nt_19830101_n07_v1.1_n.bin']
North,1983,1,3,14.306,0, ['/ecs/DP1/PM/NSIDC-0051.001/1983.01.03/nt_19830103_n07_v1.1_n.bin']
North,1983,1,5,14.494,0, ['/ecs/DP1/PM/NSIDC-0051.001/1983.01.05/nt_19830105_n07_v1.1_n.bin']
North,1983,1,7,14.467,0, ['/ecs/DP1/PM/NSIDC-0051.001/1983.01.07/nt_19830107_n07_v1.1_n.bin']
North,1983,1,9,14.615,0, ['/ecs/DP1/PM/NSIDC-0051.001/1983.01.09/nt_19830109_n07_v1.1_n.bin']
North,1983,1,11,14.648,0, ['/ecs/DP1/PM/NSIDC-0051.001/1983.01.11/nt_19830111_n07_v1.1_n.bin']
North,1983,1,13,14.622,0, ['/ecs/DP1/PM/NSIDC-0051.001/1983.01.13/nt_19830113_n07_v1.1_n.bin']
North,1983,1,15,14.916,0, ['/ecs/DP1/PM/NSIDC-0051.001/1983.01.15/nt_19830115_n07_v1.1_n.bin']
North,1983,1,17,15.014,0, ['/ecs/DP1/PM/NSIDC-0051.001/1983.01.17/nt_19830117_n07_v1.1_n.bin']
North,1983,1,19,15.052,0, ['/ecs/DP1/PM/NSIDC-0051.001/1983.01.19/nt_19830119_n07_v1.1_n.bin']
North,1983,1,21,15.314,0, ['/ecs/DP1/PM/NSIDC-0051.001/1983.01.21/nt_19830121_n07_v1.1_n.bin']
North,1983,1,23,15.396,0, ['/ecs/DP1/PM/NSIDC-0051.001/1983.01.23/nt_19830123_n07_v1.1_n.bin']
North,1983,1,25,15.347,0, ['/ecs/DP1/PM/NSIDC-0051.001/1983.01.25/nt_19830125_n07_v1.1_n.bin']
North,1983,1,27,15.401,0, ['/ecs/DP1/PM/NSIDC-0051.001/1983.01.27/nt_19830127_n07_v1.1_n.bin']
North,1983,1,29,15.554,0, ['/ecs/DP1/PM/NSIDC-0051.001/1983.01.29/nt_19830129_n07_v1.1_n.bin']
North,1983,1,31,15.68,0, ['/ecs/DP1/PM/NSIDC-0051.001/1983.01.31/nt_19830131_n07_v1.1_n.bin']
North,1983,2,2,15.737,0, ['/ecs/DP1/PM/NSIDC-0051.001/1983.02.02/nt_19830202_n07_v1.1_n.bin']
North,1983,2,4,15.719,0, ['/ecs/DP1/PM/NSIDC-0051.001/1983.02.04/nt_19830204_n07_v1.1_n.bin']
North,1983,2,6,15.695,0, ['/ecs/DP1/PM/NSIDC-0051.001/1983.02.06/nt_19830206_n07_v1.1_n.bin']
North,1983,2,8,15.822,0, ['/ecs/DP1/PM/NSIDC-0051.001/1983.02.08/nt_19830208_n07_v1.1_n.bin']
North,1983,2,10,15.791,0, ['/ecs/DP1/PM/NSIDC-0051.001/1983.02.10/nt_19830210_n07_v1.1_n.bin']
North,1983,2,12,15.999,0, ['/ecs/DP1/PM/NSIDC-0051.001/1983.02.12/nt_19830212_n07_v1.1_n.bin']
North,1983,2,14,16.056,0, ['/ecs/DP1/PM/NSIDC-0051.001/1983.02.14/nt_19830214_n07_v1.1_n.bin']
North,1983,2,16,15.971,0, ['/ecs/DP1/PM/NSIDC-0051.001/1983.02.16/nt_19830216_n07_v1.1_n.bin']
North,1983,2,18,16.056,0, ['/ecs/DP1/PM/NSIDC-0051.001/1983.02.18/nt_19830218_n07_v1.1_n.bin']
North,1983,2,20,16.167,0, ['/ecs/DP1/PM/NSIDC-0051.001/1983.02.20/nt_19830220_n07_v1.1_n.bin']
North,1983,2,22,16.238,0, ['/ecs/DP1/PM/NSIDC-0051.001/1983.02.22/nt_19830222_n07_v1.1_n.bin']
North,1983,2,24,16.28,0, ['/ecs/DP1/PM/NSIDC-0051.001/1983.02.24/nt_19830224_n07_v1.1_n.bin']
North,1983,2,26,16.352,0, ['/ecs/DP1/PM/NSIDC-0051.001/1983.02.26/nt_19830226_n07_v1.1_n.bin']
North,1983,2,28,16.203,0, ['/ecs/DP1/PM/NSIDC-0051.001/1983.02.28/nt_19830228_n07_v1.1_n.bin']
North,1983,3,2,16.049,0, ['/ecs/DP1/PM/NSIDC-0051.001/1983.03.02/nt_19830302_n07_v1.1_n.bin']
North,1983,3,4,15.958,0, ['/ecs/DP1/PM/NSIDC-0051.001/1983.03.04/nt_19830304_n07_v1.1_n.bin']
North,1983,3,6,15.971,0, ['/ecs/DP1/PM/NSIDC-0051.001/1983.03.06/nt_19830306_n07_v1.1_n.bin']
North,1983,3,8,16.101,0, ['/ecs/DP1/PM/NSIDC-0051.001/1983.03.08/nt_19830308_n07_v1.1_n.bin']
North,1983,3,10,16.172,0, ['/ecs/DP1/PM/NSIDC-0051.001/1983.03.10/nt_19830310_n07_v1.1_n.bin']
North,1983,3,12,16.349,0, ['/ecs/DP1/PM/NSIDC-0051.001/1983.03.12/nt_19830312_n07_v1.1_n.bin']
North,1983,3,14,16.412,0, ['/ecs/DP1/PM/NSIDC-0051.001/1983.03.14/nt_19830314_n07_v1.1_n.bin']
North,1983,3,16,16.214,0, ['/ecs/DP1/PM/NSIDC-0051.001/1983.03.16/nt_19830316_n07_v1.1_n.bin']
North,1983,3,18,16.069,0, ['/ecs/DP1/PM/NSIDC-0051.001/1983.03.18/nt_19830318_n07_v1.1_n.bin']
North,1983,3,20,16.212,0, ['/ecs/DP1/PM/NSIDC-0051.001/1983.03.20/nt_19830320_n07_v1.1_n.bin']
North,1983,3,22,16.057,0, ['/ecs/DP1/PM/NSIDC-0051.001/1983.03.22/nt_19830322_n07_v1.1_n.bin']
North,1983,3,24,15.976,0, ['/ecs/DP1/PM/NSIDC-0051.001/1983.03.24/nt_19830324_n07_v1.1_n.bin']
North,1983,3,26,15.964,0, ['/ecs/DP1/PM/NSIDC-0051.001/1983.03.26/nt_19830326_n07_v1.1_n.bin']
North,1983,3,28,15.926,0, ['/ecs/DP1/PM/NSIDC-0051.001/1983.03.28/nt_19830328_n07_v1.1_n.bin']
North,1983,3,30,15.849,0, ['/ecs/DP1/PM/NSIDC-0051.001/1983.03.30/nt_19830330_n07_v1.1_n.bin']
North,1983,4,1,15.886,0, ['/ecs/DP1/PM/NSIDC-0051.001/1983.04.01/nt_19830401_n07_v1.1_n.bin']
North,1983,4,3,15.914,0, ['/ecs/DP1/PM/NSIDC-0051.001/1983.04.03/nt_19830403_n07_v1.1_n.bin']
North,1983,4,5,15.734,0, ['/ecs/DP1/PM/NSIDC-0051.001/1983.04.05/nt_19830405_n07_v1.1_n.bin']
North,1983,4,7,15.706,0, ['/ecs/DP1/PM/NSIDC-0051.001/1983.04.07/nt_19830407_n07_v1.1_n.bin']
North,1983,4,9,15.528,0, ['/ecs/DP1/PM/NSIDC-0051.001/1983.04.09/nt_19830409_n07_v1.1_n.bin']
North,1983,4,11,15.574,0, ['/ecs/DP1/PM/NSIDC-0051.001/1983.04.11/nt_19830411_n07_v1.1_n.bin']
North,1983,4,13,15.317,0, ['/ecs/DP1/PM/NSIDC-0051.001/1983.04.13/nt_19830413_n07_v1.1_n.bin']
North,1983,4,15,15.145,0, ['/ecs/DP1/PM/NSIDC-0051.001/1983.04.15/nt_19830415_n07_v1.1_n.bin']
North,1983,4,17,15.063,0, ['/ecs/DP1/PM/NSIDC-0051.001/1983.04.17/nt_19830417_n07_v1.1_n.bin']
North,1983,4,19,14.839,0, ['/ecs/DP1/PM/NSIDC-0051.001/1983.04.19/nt_19830419_n07_v1.1_n.bin']
North,1983,4,21,14.819,0, ['/ecs/DP1/PM/NSIDC-0051.001/1983.04.21/nt_19830421_n07_v1.1_n.bin']
North,1983,4,23,14.695,0, ['/ecs/DP1/PM/NSIDC-0051.001/1983.04.23/nt_19830423_n07_v1.1_n.bin']
North,1983,4,25,14.553,0, ['/ecs/DP1/PM/NSIDC-0051.001/1983.04.25/nt_19830425_n07_v1.1_n.bin']
North,1983,4,27,14.442,0, ['/ecs/DP1/PM/NSIDC-0051.001/1983.04.27/nt_19830427_n07_v1.1_n.bin']
North,1983,4,29,14.366,0, ['/ecs/DP1/PM/NSIDC-0051.001/1983.04.29/nt_19830429_n07_v1.1_n.bin']
North,1983,5,1,14.045,0, ['/ecs/DP1/PM/NSIDC-0051.001/1983.05.01/nt_19830501_n07_v1.1_n.bin']
North,1983,5,3,13.929,0, ['/ecs/DP1/PM/NSIDC-0051.001/1983.05.03/nt_19830503_n07_v1.1_n.bin']
North,1983,5,5,13.935,0, ['/ecs/DP1/PM/NSIDC-0051.001/1983.05.05/nt_19830505_n07_v1.1_n.bin']
North,1983,5,7,13.787,0, ['/ecs/DP1/PM/NSIDC-0051.001/1983.05.07/nt_19830507_n07_v1.1_n.bin']
North,1983,5,9,13.703,0, ['/ecs/DP1/PM/NSIDC-0051.001/1983.05.09/nt_19830509_n07_v1.1_n.bin']
North,1983,5,11,13.64,0, ['/ecs/DP1/PM/NSIDC-0051.001/1983.05.11/nt_19830511_n07_v1.1_n.bin']
North,1983,5,13,13.587,0, ['/ecs/DP1/PM/NSIDC-0051.001/1983.05.13/nt_19830513_n07_v1.1_n.bin']
North,1983,5,15,13.502,0, ['/ecs/DP1/PM/NSIDC-0051.001/1983.05.15/nt_19830515_n07_v1.1_n.bin']
North,1983,5,17,13.433,0, ['/ecs/DP1/PM/NSIDC-0051.001/1983.05.17/nt_19830517_n07_v1.1_n.bin']
North,1983,5,19,13.319,0, ['/ecs/DP1/PM/NSIDC-0051.001/1983.05.19/nt_19830519_n07_v1.1_n.bin']
North,1983,5,21,13.313,0, ['/ecs/DP1/PM/NSIDC-0051.001/1983.05.21/nt_19830521_n07_v1.1_n.bin']
North,1983,5,23,13.27,0, ['/ecs/DP1/PM/NSIDC-0051.001/1983.05.23/nt_19830523_n07_v1.1_n.bin']
North,1983,5,25,13.209,0, ['/ecs/DP1/PM/NSIDC-0051.001/1983.05.25/nt_19830525_n07_v1.1_n.bin']
North,1983,5,27,13.132,0, ['/ecs/DP1/PM/NSIDC-0051.001/1983.05.27/nt_19830527_n07_v1.1_n.bin']
North,1983,5,29,13.052,0, ['/ecs/DP1/PM/NSIDC-0051.001/1983.05.29/nt_19830529_n07_v1.1_n.bin']
North,1983,5,31,13.005,0, ['/ecs/DP1/PM/NSIDC-0051.001/1983.05.31/nt_19830531_n07_v1.1_n.bin']
North,1983,6,2,12.837,0, ['/ecs/DP1/PM/NSIDC-0051.001/1983.06.02/nt_19830602_n07_v1.1_n.bin']
North,1983,6,4,12.764,0, ['/ecs/DP1/PM/NSIDC-0051.001/1983.06.04/nt_19830604_n07_v1.1_n.bin']
North,1983,6,6,12.69,0, ['/ecs/DP1/PM/NSIDC-0051.001/1983.06.06/nt_19830606_n07_v1.1_n.bin']
North,1983,6,8,12.59,0, ['/ecs/DP1/PM/NSIDC-0051.001/1983.06.08/nt_19830608_n07_v1.1_n.bin']
North,1983,6,10,12.54,0, ['/ecs/DP1/PM/NSIDC-0051.001/1983.06.10/nt_19830610_n07_v1.1_n.bin']
North,1983,6,12,12.412,0, ['/ecs/DP1/PM/NSIDC-0051.001/1983.06.12/nt_19830612_n07_v1.1_n.bin']
North,1983,6,14,12.311,0, ['/ecs/DP1/PM/NSIDC-0051.001/1983.06.14/nt_19830614_n07_v1.1_n.bin']
North,1983,6,16,12.276,0, ['/ecs/DP1/PM/NSIDC-0051.001/1983.06.16/nt_19830616_n07_v1.1_n.bin']
North,1983,6,18,12.146,0, ['/ecs/DP1/PM/NSIDC-0051.001/1983.06.18/nt_19830618_n07_v1.1_n.bin']
North,1983,6,20,12.16,0, ['/ecs/DP1/PM/NSIDC-0051.001/1983.06.20/nt_19830620_n07_v1.1_n.bin']
North,1983,6,22,12.111,0, ['/ecs/DP1/PM/NSIDC-0051.001/1983.06.22/nt_19830622_n07_v1.1_n.bin']
North,1983,6,24,11.965,0, ['/ecs/DP1/PM/NSIDC-0051.001/1983.06.24/nt_19830624_n07_v1.1_n.bin']
North,1983,6,26,11.989,0, ['/ecs/DP1/PM/NSIDC-0051.001/1983.06.26/nt_19830626_n07_v1.1_n.bin']
North,1983,6,28,11.896,0, ['/ecs/DP1/PM/NSIDC-0051.001/1983.06.28/nt_19830628_n07_v1.1_n.bin']
North,1983,6,30,11.748,0, ['/ecs/DP1/PM/NSIDC-0051.001/1983.06.30/nt_19830630_n07_v1.1_n.bin']
North,1983,7,2,11.515,0, ['/ecs/DP1/PM/NSIDC-0051.001/1983.07.02/nt_19830702_n07_v1.1_n.bin']
North,1983,7,4,11.398,0, ['/ecs/DP1/PM/NSIDC-0051.001/1983.07.04/nt_19830704_n07_v1.1_n.bin']
North,1983,7,6,11.261,0, ['/ecs/DP1/PM/NSIDC-0051.001/1983.07.06/nt_19830706_n07_v1.1_n.bin']
North,1983,7,8,11.233,0, ['/ecs/DP1/PM/NSIDC-0051.001/1983.07.08/nt_19830708_n07_v1.1_n.bin']
North,1983,7,10,11.108,0, ['/ecs/DP1/PM/NSIDC-0051.001/1983.07.10/nt_19830710_n07_v1.1_n.bin']
North,1983,7,12,11.088,0, ['/ecs/DP1/PM/NSIDC-0051.001/1983.07.12/nt_19830712_n07_v1.1_n.bin']
North,1983,7,14,10.913,0, ['/ecs/DP1/PM/NSIDC-0051.001/1983.07.14/nt_19830714_n07_v1.1_n.bin']
North,1983,7,16,10.767,0, ['/ecs/DP1/PM/NSIDC-0051.001/1983.07.16/nt_19830716_n07_v1.1_n.bin']
North,1983,7,18,10.491,0, ['/ecs/DP1/PM/NSIDC-0051.001/1983.07.18/nt_19830718_n07_v1.1_n.bin']
North,1983,7,20,10.214,0, ['/ecs/DP1/PM/NSIDC-0051.001/1983.07.20/nt_19830720_n07_v1.1_n.bin']
North,1983,7,22,10.076,0, ['/ecs/DP1/PM/NSIDC-0051.001/1983.07.22/nt_19830722_n07_v1.1_n.bin']
North,1983,7,24,9.911,0, ['/ecs/DP1/PM/NSIDC-0051.001/1983.07.24/nt_19830724_n07_v1.1_n.bin']
North,1983,7,26,9.655,0, ['/ecs/DP1/PM/NSIDC-0051.001/1983.07.26/nt_19830726_n07_v1.1_n.bin']
North,1983,7,28,9.56,0, ['/ecs/DP1/PM/NSIDC-0051.001/1983.07.28/nt_19830728_n07_v1.1_n.bin']
North,1983,7,30,9.364,0, ['/ecs/DP1/PM/NSIDC-0051.001/1983.07.30/nt_19830730_n07_v1.1_n.bin']
North,1983,8,1,9.224,0, ['/ecs/DP1/PM/NSIDC-0051.001/1983.08.01/nt_19830801_n07_v1.1_n.bin']
North,1983,8,3,9.046,0, ['/ecs/DP1/PM/NSIDC-0051.001/1983.08.03/nt_19830803_n07_v1.1_n.bin']
North,1983,8,5,8.935,0, ['/ecs/DP1/PM/NSIDC-0051.001/1983.08.05/nt_19830805_n07_v1.1_n.bin']
North,1983,8,7,8.731,0, ['/ecs/DP1/PM/NSIDC-0051.001/1983.08.07/nt_19830807_n07_v1.1_n.bin']
North,1983,8,9,8.638,0, ['/ecs/DP1/PM/NSIDC-0051.001/1983.08.09/nt_19830809_n07_v1.1_n.bin']
North,1983,8,11,8.46,0, ['/ecs/DP1/PM/NSIDC-0051.001/1983.08.11/nt_19830811_n07_v1.1_n.bin']
North,1983,8,13,8.32,0, ['/ecs/DP1/PM/NSIDC-0051.001/1983.08.13/nt_19830813_n07_v1.1_n.bin']
North,1983,8,15,8.073,0, ['/ecs/DP1/PM/NSIDC-0051.001/1983.08.15/nt_19830815_n07_v1.1_n.bin']
North,1983,8,17,7.948,0, ['/ecs/DP1/PM/NSIDC-0051.001/1983.08.17/nt_19830817_n07_v1.1_n.bin']
North,1983,8,19,7.899,0, ['/ecs/DP1/PM/NSIDC-0051.001/1983.08.19/nt_19830819_n07_v1.1_n.bin']
North,1983,8,21,7.903,0, ['/ecs/DP1/PM/NSIDC-0051.001/1983.08.21/nt_19830821_n07_v1.1_n.bin']
North,1983,8,23,7.777,0, ['/ecs/DP1/PM/NSIDC-0051.001/1983.08.23/nt_19830823_n07_v1.1_n.bin']
North,1983,8,25,7.639,0, ['/ecs/DP1/PM/NSIDC-0051.001/1983.08.25/nt_19830825_n07_v1.1_n.bin']
North,1983,8,27,7.534,0, ['/ecs/DP1/PM/NSIDC-0051.001/1983.08.27/nt_19830827_n07_v1.1_n.bin']
North,1983,8,29,7.445,0, ['/ecs/DP1/PM/NSIDC-0051.001/1983.08.29/nt_19830829_n07_v1.1_n.bin']
North,1983,8,31,7.402,0, ['/ecs/DP1/PM/NSIDC-0051.001/1983.08.31/nt_19830831_n07_v1.1_n.bin']
North,1983,9,2,7.321,0, ['/ecs/DP1/PM/NSIDC-0051.001/1983.09.02/nt_19830902_n07_v1.1_n.bin']
North,1983,9,4,7.314,0, ['/ecs/DP1/PM/NSIDC-0051.001/1983.09.04/nt_19830904_n07_v1.1_n.bin']
North,1983,9,6,7.243,0, ['/ecs/DP1/PM/NSIDC-0051.001/1983.09.06/nt_19830906_n07_v1.1_n.bin']
North,1983,9,8,7.204,0, ['/ecs/DP1/PM/NSIDC-0051.001/1983.09.08/nt_19830908_n07_v1.1_n.bin']
North,1983,9,10,7.238,0, ['/ecs/DP1/PM/NSIDC-0051.001/1983.09.10/nt_19830910_n07_v1.1_n.bin']
North,1983,9,12,7.305,0, ['/ecs/DP1/PM/NSIDC-0051.001/1983.09.12/nt_19830912_n07_v1.1_n.bin']
North,1983,9,14,7.246,0, ['/ecs/DP1/PM/NSIDC-0051.001/1983.09.14/nt_19830914_n07_v1.1_n.bin']
North,1983,9,16,7.261,0, ['/ecs/DP1/PM/NSIDC-0051.001/1983.09.16/nt_19830916_n07_v1.1_n.bin']
North,1983,9,18,7.322,0, ['/ecs/DP1/PM/NSIDC-0051.001/1983.09.18/nt_19830918_n07_v1.1_n.bin']
North,1983,9,20,7.499,0, ['/ecs/DP1/PM/NSIDC-0051.001/1983.09.20/nt_19830920_n07_v1.1_n.bin']
North,1983,9,22,7.412,0, ['/ecs/DP1/PM/NSIDC-0051.001/1983.09.22/nt_19830922_n07_v1.1_n.bin']
North,1983,9,24,7.425,0, ['/ecs/DP1/PM/NSIDC-0051.001/1983.09.24/nt_19830924_n07_v1.1_n.bin']
North,1983,9,26,7.519,0, ['/ecs/DP1/PM/NSIDC-0051.001/1983.09.26/nt_19830926_n07_v1.1_n.bin']
North,1983,9,28,7.731,0, ['/ecs/DP1/PM/NSIDC-0051.001/1983.09.28/nt_19830928_n07_v1.1_n.bin']
North,1983,9,30,7.879,0, ['/ecs/DP1/PM/NSIDC-0051.001/1983.09.30/nt_19830930_n07_v1.1_n.bin']
North,1983,10,2,8.143,0, ['/ecs/DP1/PM/NSIDC-0051.001/1983.10.02/nt_19831002_n07_v1.1_n.bin']
North,1983,10,4,8.38,0, ['/ecs/DP1/PM/NSIDC-0051.001/1983.10.04/nt_19831004_n07_v1.1_n.bin']
North,1983,10,6,8.638,0, ['/ecs/DP1/PM/NSIDC-0051.001/1983.10.06/nt_19831006_n07_v1.1_n.bin']
North,1983,10,8,8.774,0, ['/ecs/DP1/PM/NSIDC-0051.001/1983.10.08/nt_19831008_n07_v1.1_n.bin']
North,1983,10,10,8.943,0, ['/ecs/DP1/PM/NSIDC-0051.001/1983.10.10/nt_19831010_n07_v1.1_n.bin']
North,1983,10,12,9.123,0, ['/ecs/DP1/PM/NSIDC-0051.001/1983.10.12/nt_19831012_n07_v1.1_n.bin']
North,1983,10,14,9.205,0, ['/ecs/DP1/PM/NSIDC-0051.001/1983.10.14/nt_19831014_n07_v1.1_n.bin']
North,1983,10,16,9.453,0, ['/ecs/DP1/PM/NSIDC-0051.001/1983.10.16/nt_19831016_n07_v1.1_n.bin']
North,1983,10,18,9.585,0, ['/ecs/DP1/PM/NSIDC-0051.001/1983.10.18/nt_19831018_n07_v1.1_n.bin']
North,1983,10,20,9.673,0, ['/ecs/DP1/PM/NSIDC-0051.001/1983.10.20/nt_19831020_n07_v1.1_n.bin']
North,1983,10,22,9.878,0, ['/ecs/DP1/PM/NSIDC-0051.001/1983.10.22/nt_19831022_n07_v1.1_n.bin']
North,1983,10,24,10.085,0, ['/ecs/DP1/PM/NSIDC-0051.001/1983.10.24/nt_19831024_n07_v1.1_n.bin']
North,1983,10,26,9.558,0, ['/ecs/DP1/PM/NSIDC-0051.001/1983.10.26/nt_19831026_n07_v1.1_n.bin']
North,1983,10,28,10.259,0, ['/ecs/DP1/PM/NSIDC-0051.001/1983.10.28/nt_19831028_n07_v1.1_n.bin']
North,1983,10,30,10.314,0, ['/ecs/DP1/PM/NSIDC-0051.001/1983.10.30/nt_19831030_n07_v1.1_n.bin']
North,1983,11,1,10.549,0, ['/ecs/DP1/PM/NSIDC-0051.001/1983.11.01/nt_19831101_n07_v1.1_n.bin']
North,1983,11,3,10.737,0, ['/ecs/DP1/PM/NSIDC-0051.001/1983.11.03/nt_19831103_n07_v1.1_n.bin']
North,1983,11,5,10.883,0, ['/ecs/DP1/PM/NSIDC-0051.001/1983.11.05/nt_19831105_n07_v1.1_n.bin']
North,1983,11,7,10.84,0, ['/ecs/DP1/PM/NSIDC-0051.001/1983.11.07/nt_19831107_n07_v1.1_n.bin']
North,1983,11,9,10.956,0, ['/ecs/DP1/PM/NSIDC-0051.001/1983.11.09/nt_19831109_n07_v1.1_n.bin']
North,1983,11,11,11.172,0, ['/ecs/DP1/PM/NSIDC-0051.001/1983.11.11/nt_19831111_n07_v1.1_n.bin']
North,1983,11,13,11.322,0, ['/ecs/DP1/PM/NSIDC-0051.001/1983.11.13/nt_19831113_n07_v1.1_n.bin']
North,1983,11,15,11.473,0, ['/ecs/DP1/PM/NSIDC-0051.001/1983.11.15/nt_19831115_n07_v1.1_n.bin']
North,1983,11,17,11.635,0, ['/ecs/DP1/PM/NSIDC-0051.001/1983.11.17/nt_19831117_n07_v1.1_n.bin']
North,1983,11,19,11.802,0, ['/ecs/DP1/PM/NSIDC-0051.001/1983.11.19/nt_19831119_n07_v1.1_n.bin']
North,1983,11,21,11.9,0, ['/ecs/DP1/PM/NSIDC-0051.001/1983.11.21/nt_19831121_n07_v1.1_n.bin']
North,1983,11,23,11.934,0, ['/ecs/DP1/PM/NSIDC-0051.001/1983.11.23/nt_19831123_n07_v1.1_n.bin']
North,1983,11,25,12.167,0, ['/ecs/DP1/PM/NSIDC-0051.001/1983.11.25/nt_19831125_n07_v1.1_n.bin']
North,1983,11,27,12.208,0, ['/ecs/DP1/PM/NSIDC-0051.001/1983.11.27/nt_19831127_n07_v1.1_n.bin']
North,1983,11,29,12.337,0, ['/ecs/DP1/PM/NSIDC-0051.001/1983.11.29/nt_19831129_n07_v1.1_n.bin']
North,1983,12,1,12.769,0, ['/ecs/DP1/PM/NSIDC-0051.001/1983.12.01/nt_19831201_n07_v1.1_n.bin']
North,1983,12,3,12.664,0, ['/ecs/DP1/PM/NSIDC-0051.001/1983.12.03/nt_19831203_n07_v1.1_n.bin']
North,1983,12,5,12.877,0, ['/ecs/DP1/PM/NSIDC-0051.001/1983.12.05/nt_19831205_n07_v1.1_n.bin']
North,1983,12,7,13.042,0, ['/ecs/DP1/PM/NSIDC-0051.001/1983.12.07/nt_19831207_n07_v1.1_n.bin']
North,1983,12,9,13.043,0, ['/ecs/DP1/PM/NSIDC-0051.001/1983.12.09/nt_19831209_n07_v1.1_n.bin']
North,1983,12,11,13.192,0, ['/ecs/DP1/PM/NSIDC-0051.001/1983.12.11/nt_19831211_n07_v1.1_n.bin']
North,1983,12,13,13.344,0, ['/ecs/DP1/PM/NSIDC-0051.001/1983.12.13/nt_19831213_n07_v1.1_n.bin']
North,1983,12,15,13.366,0, ['/ecs/DP1/PM/NSIDC-0051.001/1983.12.15/nt_19831215_n07_v1.1_n.bin']
North,1983,12,17,13.325,0, ['/ecs/DP1/PM/NSIDC-0051.001/1983.12.17/nt_19831217_n07_v1.1_n.bin']
North,1983,12,19,13.322,0, ['/ecs/DP1/PM/NSIDC-0051.001/1983.12.19/nt_19831219_n07_v1.1_n.bin']
North,1983,12,21,13.326,0, ['/ecs/DP1/PM/NSIDC-0051.001/1983.12.21/nt_19831221_n07_v1.1_n.bin']
North,1983,12,23,13.539,0, ['/ecs/DP1/PM/NSIDC-0051.001/1983.12.23/nt_19831223_n07_v1.1_n.bin']
North,1983,12,25,13.54,0, ['/ecs/DP1/PM/NSIDC-0051.001/1983.12.25/nt_19831225_n07_v1.1_n.bin']
North,1983,12,27,13.664,0, ['/ecs/DP1/PM/NSIDC-0051.001/1983.12.27/nt_19831227_n07_v1.1_n.bin']
North,1983,12,29,13.855,0, ['/ecs/DP1/PM/NSIDC-0051.001/1983.12.29/nt_19831229_n07_v1.1_n.bin']
North,1983,12,31,13.907,0, ['/ecs/DP1/PM/NSIDC-0051.001/1983.12.31/nt_19831231_n07_v1.1_n.bin']
North,1984,1,2,14.103,0, ['/ecs/DP1/PM/NSIDC-0051.001/1984.01.02/nt_19840102_n07_v1.1_n.bin']
North,1984,1,4,14.237,0, ['/ecs/DP1/PM/NSIDC-0051.001/1984.01.04/nt_19840104_n07_v1.1_n.bin']
North,1984,1,6,14.262,0, ['/ecs/DP1/PM/NSIDC-0051.001/1984.01.06/nt_19840106_n07_v1.1_n.bin']
North,1984,1,8,14.303,0, ['/ecs/DP1/PM/NSIDC-0051.001/1984.01.08/nt_19840108_n07_v1.1_n.bin']
North,1984,1,10,14.387,0, ['/ecs/DP1/PM/NSIDC-0051.001/1984.01.10/nt_19840110_n07_v1.1_n.bin']
North,1984,1,12,14.37,0, ['/ecs/DP1/PM/NSIDC-0051.001/1984.01.12/nt_19840112_n07_v1.1_n.bin']
North,1984,1,14,14.388,0, ['/ecs/DP1/PM/NSIDC-0051.001/1984.01.14/nt_19840114_n07_v1.1_n.bin']
North,1984,1,16,14.411,0, ['/ecs/DP1/PM/NSIDC-0051.001/1984.01.16/nt_19840116_n07_v1.1_n.bin']
North,1984,1,18,14.302,0, ['/ecs/DP1/PM/NSIDC-0051.001/1984.01.18/nt_19840118_n07_v1.1_n.bin']
North,1984,1,20,14.505,0, ['/ecs/DP1/PM/NSIDC-0051.001/1984.01.20/nt_19840120_n07_v1.1_n.bin']
North,1984,1,22,14.626,0, ['/ecs/DP1/PM/NSIDC-0051.001/1984.01.22/nt_19840122_n07_v1.1_n.bin']
North,1984,1,24,14.703,0, ['/ecs/DP1/PM/NSIDC-0051.001/1984.01.24/nt_19840124_n07_v1.1_n.bin']
North,1984,1,26,14.788,0, ['/ecs/DP1/PM/NSIDC-0051.001/1984.01.26/nt_19840126_n07_v1.1_n.bin']
North,1984,1,28,14.821,0, ['/ecs/DP1/PM/NSIDC-0051.001/1984.01.28/nt_19840128_n07_v1.1_n.bin']
North,1984,1,30,14.893,0, ['/ecs/DP1/PM/NSIDC-0051.001/1984.01.30/nt_19840130_n07_v1.1_n.bin']
North,1984,2,1,15.026,0, ['/ecs/DP1/PM/NSIDC-0051.001/1984.02.01/nt_19840201_n07_v1.1_n.bin']
North,1984,2,3,15.107,0, ['/ecs/DP1/PM/NSIDC-0051.001/1984.02.03/nt_19840203_n07_v1.1_n.bin']
North,1984,2,5,15.107,0, ['/ecs/DP1/PM/NSIDC-0051.001/1984.02.05/nt_19840205_n07_v1.1_n.bin']
North,1984,2,7,15.08,0, ['/ecs/DP1/PM/NSIDC-0051.001/1984.02.07/nt_19840207_n07_v1.1_n.bin']
North,1984,2,9,14.988,0, ['/ecs/DP1/PM/NSIDC-0051.001/1984.02.09/nt_19840209_n07_v1.1_n.bin']
North,1984,2,11,15.181,0, ['/ecs/DP1/PM/NSIDC-0051.001/1984.02.11/nt_19840211_n07_v1.1_n.bin']
North,1984,2,13,15.178,0, ['/ecs/DP1/PM/NSIDC-0051.001/1984.02.13/nt_19840213_n07_v1.1_n.bin']
North,1984,2,15,15.335,0, ['/ecs/DP1/PM/NSIDC-0051.001/1984.02.15/nt_19840215_n07_v1.1_n.bin']
North,1984,2,17,15.427,0, ['/ecs/DP1/PM/NSIDC-0051.001/1984.02.17/nt_19840217_n07_v1.1_n.bin']
North,1984,2,19,15.47,0, ['/ecs/DP1/PM/NSIDC-0051.001/1984.02.19/nt_19840219_n07_v1.1_n.bin']
North,1984,2,21,15.456,0, ['/ecs/DP1/PM/NSIDC-0051.001/1984.02.21/nt_19840221_n07_v1.1_n.bin']
North,1984,2,23,15.467,0, ['/ecs/DP1/PM/NSIDC-0051.001/1984.02.23/nt_19840223_n07_v1.1_n.bin']
North,1984,2,25,15.534,0, ['/ecs/DP1/PM/NSIDC-0051.001/1984.02.25/nt_19840225_n07_v1.1_n.bin']
North,1984,2,27,15.561,0, ['/ecs/DP1/PM/NSIDC-0051.001/1984.02.27/nt_19840227_n07_v1.1_n.bin']
North,1984,2,29,15.567,0, ['/ecs/DP1/PM/NSIDC-0051.001/1984.02.29/nt_19840229_n07_v1.1_n.bin']
North,1984,3,2,15.431,0, ['/ecs/DP1/PM/NSIDC-0051.001/1984.03.02/nt_19840302_n07_v1.1_n.bin']
North,1984,3,4,15.483,0, ['/ecs/DP1/PM/NSIDC-0051.001/1984.03.04/nt_19840304_n07_v1.1_n.bin']
North,1984,3,6,15.554,0, ['/ecs/DP1/PM/NSIDC-0051.001/1984.03.06/nt_19840306_n07_v1.1_n.bin']
North,1984,3,8,15.57,0, ['/ecs/DP1/PM/NSIDC-0051.001/1984.03.08/nt_19840308_n07_v1.1_n.bin']
North,1984,3,10,15.587,0, ['/ecs/DP1/PM/NSIDC-0051.001/1984.03.10/nt_19840310_n07_v1.1_n.bin']
North,1984,3,12,15.58,0, ['/ecs/DP1/PM/NSIDC-0051.001/1984.03.12/nt_19840312_n07_v1.1_n.bin']
North,1984,3,14,15.676,0, ['/ecs/DP1/PM/NSIDC-0051.001/1984.03.14/nt_19840314_n07_v1.1_n.bin']
North,1984,3,16,15.764,0, ['/ecs/DP1/PM/NSIDC-0051.001/1984.03.16/nt_19840316_n07_v1.1_n.bin']
North,1984,3,18,15.809,0, ['/ecs/DP1/PM/NSIDC-0051.001/1984.03.18/nt_19840318_n07_v1.1_n.bin']
North,1984,3,20,15.78,0, ['/ecs/DP1/PM/NSIDC-0051.001/1984.03.20/nt_19840320_n07_v1.1_n.bin']
North,1984,3,22,15.614,0, ['/ecs/DP1/PM/NSIDC-0051.001/1984.03.22/nt_19840322_n07_v1.1_n.bin']
North,1984,3,24,15.479,0, ['/ecs/DP1/PM/NSIDC-0051.001/1984.03.24/nt_19840324_n07_v1.1_n.bin']
North,1984,3,26,15.486,0, ['/ecs/DP1/PM/NSIDC-0051.001/1984.03.26/nt_19840326_n07_v1.1_n.bin']
North,1984,3,28,15.504,0, ['/ecs/DP1/PM/NSIDC-0051.001/1984.03.28/nt_19840328_n07_v1.1_n.bin']
North,1984,3,30,15.446,0, ['/ecs/DP1/PM/NSIDC-0051.001/1984.03.30/nt_19840330_n07_v1.1_n.bin']
North,1984,4,1,15.389,0, ['/ecs/DP1/PM/NSIDC-0051.001/1984.04.01/nt_19840401_n07_v1.1_n.bin']
North,1984,4,3,15.335,0, ['/ecs/DP1/PM/NSIDC-0051.001/1984.04.03/nt_19840403_n07_v1.1_n.bin']
North,1984,4,5,15.268,0, ['/ecs/DP1/PM/NSIDC-0051.001/1984.04.05/nt_19840405_n07_v1.1_n.bin']
North,1984,4,7,15.16,0, ['/ecs/DP1/PM/NSIDC-0051.001/1984.04.07/nt_19840407_n07_v1.1_n.bin']
North,1984,4,9,15.321,0, ['/ecs/DP1/PM/NSIDC-0051.001/1984.04.09/nt_19840409_n07_v1.1_n.bin']
North,1984,4,11,15.287,0, ['/ecs/DP1/PM/NSIDC-0051.001/1984.04.11/nt_19840411_n07_v1.1_n.bin']
North,1984,4,13,15.107,0, ['/ecs/DP1/PM/NSIDC-0051.001/1984.04.13/nt_19840413_n07_v1.1_n.bin']
North,1984,4,15,15.085,0, ['/ecs/DP1/PM/NSIDC-0051.001/1984.04.15/nt_19840415_n07_v1.1_n.bin']
North,1984,4,17,15.037,0, ['/ecs/DP1/PM/NSIDC-0051.001/1984.04.17/nt_19840417_n07_v1.1_n.bin']
North,1984,4,19,14.973,0, ['/ecs/DP1/PM/NSIDC-0051.001/1984.04.19/nt_19840419_n07_v1.1_n.bin']
North,1984,4,21,14.897,0, ['/ecs/DP1/PM/NSIDC-0051.001/1984.04.21/nt_19840421_n07_v1.1_n.bin']
North,1984,4,23,14.699,0, ['/ecs/DP1/PM/NSIDC-0051.001/1984.04.23/nt_19840423_n07_v1.1_n.bin']
North,1984,4,25,14.678,0, ['/ecs/DP1/PM/NSIDC-0051.001/1984.04.25/nt_19840425_n07_v1.1_n.bin']
North,1984,4,27,14.608,0, ['/ecs/DP1/PM/NSIDC-0051.001/1984.04.27/nt_19840427_n07_v1.1_n.bin']
North,1984,4,29,14.373,0, ['/ecs/DP1/PM/NSIDC-0051.001/1984.04.29/nt_19840429_n07_v1.1_n.bin']
North,1984,5,1,14.194,0, ['/ecs/DP1/PM/NSIDC-0051.001/1984.05.01/nt_19840501_n07_v1.1_n.bin']
North,1984,5,3,14.009,0, ['/ecs/DP1/PM/NSIDC-0051.001/1984.05.03/nt_19840503_n07_v1.1_n.bin']
North,1984,5,5,13.976,0, ['/ecs/DP1/PM/NSIDC-0051.001/1984.05.05/nt_19840505_n07_v1.1_n.bin']
North,1984,5,7,13.907,0, ['/ecs/DP1/PM/NSIDC-0051.001/1984.05.07/nt_19840507_n07_v1.1_n.bin']
North,1984,5,9,13.816,0, ['/ecs/DP1/PM/NSIDC-0051.001/1984.05.09/nt_19840509_n07_v1.1_n.bin']
North,1984,5,11,13.724,0, ['/ecs/DP1/PM/NSIDC-0051.001/1984.05.11/nt_19840511_n07_v1.1_n.bin']
North,1984,5,13,13.764,0, ['/ecs/DP1/PM/NSIDC-0051.001/1984.05.13/nt_19840513_n07_v1.1_n.bin']
North,1984,5,15,13.621,0, ['/ecs/DP1/PM/NSIDC-0051.001/1984.05.15/nt_19840515_n07_v1.1_n.bin']
North,1984,5,17,13.451,0, ['/ecs/DP1/PM/NSIDC-0051.001/1984.05.17/nt_19840517_n07_v1.1_n.bin']
North,1984,5,19,13.487,0, ['/ecs/DP1/PM/NSIDC-0051.001/1984.05.19/nt_19840519_n07_v1.1_n.bin']
North,1984,5,21,13.367,0, ['/ecs/DP1/PM/NSIDC-0051.001/1984.05.21/nt_19840521_n07_v1.1_n.bin']
North,1984,5,23,13.401,0, ['/ecs/DP1/PM/NSIDC-0051.001/1984.05.23/nt_19840523_n07_v1.1_n.bin']
North,1984,5,25,13.289,0, ['/ecs/DP1/PM/NSIDC-0051.001/1984.05.25/nt_19840525_n07_v1.1_n.bin']
North,1984,5,27,13.192,0, ['/ecs/DP1/PM/NSIDC-0051.001/1984.05.27/nt_19840527_n07_v1.1_n.bin']
North,1984,5,29,13.035,0, ['/ecs/DP1/PM/NSIDC-0051.001/1984.05.29/nt_19840529_n07_v1.1_n.bin']
North,1984,5,31,12.994,0, ['/ecs/DP1/PM/NSIDC-0051.001/1984.05.31/nt_19840531_n07_v1.1_n.bin']
North,1984,6,2,12.828,0, ['/ecs/DP1/PM/NSIDC-0051.001/1984.06.02/nt_19840602_n07_v1.1_n.bin']
North,1984,6,4,12.644,0, ['/ecs/DP1/PM/NSIDC-0051.001/1984.06.04/nt_19840604_n07_v1.1_n.bin']
North,1984,6,6,12.526,0, ['/ecs/DP1/PM/NSIDC-0051.001/1984.06.06/nt_19840606_n07_v1.1_n.bin']
North,1984,6,8,12.439,0, ['/ecs/DP1/PM/NSIDC-0051.001/1984.06.08/nt_19840608_n07_v1.1_n.bin']
North,1984,6,10,12.354,0, ['/ecs/DP1/PM/NSIDC-0051.001/1984.06.10/nt_19840610_n07_v1.1_n.bin']
North,1984,6,12,12.294,0, ['/ecs/DP1/PM/NSIDC-0051.001/1984.06.12/nt_19840612_n07_v1.1_n.bin']
North,1984,6,14,12.254,0, ['/ecs/DP1/PM/NSIDC-0051.001/1984.06.14/nt_19840614_n07_v1.1_n.bin']
North,1984,6,16,12.192,0, ['/ecs/DP1/PM/NSIDC-0051.001/1984.06.16/nt_19840616_n07_v1.1_n.bin']
North,1984,6,18,12.079,0, ['/ecs/DP1/PM/NSIDC-0051.001/1984.06.18/nt_19840618_n07_v1.1_n.bin']
North,1984,6,20,12.018,0, ['/ecs/DP1/PM/NSIDC-0051.001/1984.06.20/nt_19840620_n07_v1.1_n.bin']
North,1984,6,22,11.966,0, ['/ecs/DP1/PM/NSIDC-0051.001/1984.06.22/nt_19840622_n07_v1.1_n.bin']
North,1984,6,24,11.877,0, ['/ecs/DP1/PM/NSIDC-0051.001/1984.06.24/nt_19840624_n07_v1.1_n.bin']
North,1984,6,26,11.783,0, ['/ecs/DP1/PM/NSIDC-0051.001/1984.06.26/nt_19840626_n07_v1.1_n.bin']
North,1984,6,28,11.582,0, ['/ecs/DP1/PM/NSIDC-0051.001/1984.06.28/nt_19840628_n07_v1.1_n.bin']
North,1984,6,30,11.439,0, ['/ecs/DP1/PM/NSIDC-0051.001/1984.06.30/nt_19840630_n07_v1.1_n.bin']
North,1984,7,2,11.202,0, ['/ecs/DP1/PM/NSIDC-0051.001/1984.07.02/nt_19840702_n07_v1.1_n.bin']
North,1984,7,4,10.989,0, ['/ecs/DP1/PM/NSIDC-0051.001/1984.07.04/nt_19840704_n07_v1.1_n.bin']
North,1984,7,6,10.807,0, ['/ecs/DP1/PM/NSIDC-0051.001/1984.07.06/nt_19840706_n07_v1.1_n.bin']
North,1984,7,8,10.699,0, ['/ecs/DP1/PM/NSIDC-0051.001/1984.07.08/nt_19840708_n07_v1.1_n.bin']
North,1984,7,10,10.477,0, ['/ecs/DP1/PM/NSIDC-0051.001/1984.07.10/nt_19840710_n07_v1.1_n.bin']
North,1984,7,12,10.183,0, ['/ecs/DP1/PM/NSIDC-0051.001/1984.07.12/nt_19840712_n07_v1.1_n.bin']
North,1984,7,14,10.117,0, ['/ecs/DP1/PM/NSIDC-0051.001/1984.07.14/nt_19840714_n07_v1.1_n.bin']
North,1984,7,16,9.929,0, ['/ecs/DP1/PM/NSIDC-0051.001/1984.07.16/nt_19840716_n07_v1.1_n.bin']
North,1984,7,18,9.711,0, ['/ecs/DP1/PM/NSIDC-0051.001/1984.07.18/nt_19840718_n07_v1.1_n.bin']
North,1984,7,20,9.629,0, ['/ecs/DP1/PM/NSIDC-0051.001/1984.07.20/nt_19840720_n07_v1.1_n.bin']
North,1984,7,22,9.472,0, ['/ecs/DP1/PM/NSIDC-0051.001/1984.07.22/nt_19840722_n07_v1.1_n.bin']
North,1984,7,24,9.368,0, ['/ecs/DP1/PM/NSIDC-0051.001/1984.07.24/nt_19840724_n07_v1.1_n.bin']
North,1984,7,26,9.298,0, ['/ecs/DP1/PM/NSIDC-0051.001/1984.07.26/nt_19840726_n07_v1.1_n.bin']
North,1984,7,28,8.875,0, ['/ecs/DP1/PM/NSIDC-0051.001/1984.07.28/nt_19840728_n07_v1.1_n.bin']
North,1984,7,30,8.907,0, ['/ecs/DP1/PM/NSIDC-0051.001/1984.07.30/nt_19840730_n07_v1.1_n.bin']
North,1984,8,1,8.745,0, ['/ecs/DP1/PM/NSIDC-0051.001/1984.08.01/nt_19840801_n07_v1.1_n.bin']
North,1984,8,3,8.496,0, ['/ecs/DP1/PM/NSIDC-0051.001/1984.08.03/nt_19840803_n07_v1.1_n.bin']
North,1984,8,5,8.303,0, ['/ecs/DP1/PM/NSIDC-0051.001/1984.08.05/nt_19840805_n07_v1.1_n.bin']
North,1984,8,7,8.189,0, ['/ecs/DP1/PM/NSIDC-0051.001/1984.08.07/nt_19840807_n07_v1.1_n.bin']
North,1984,8,9,8.027,0, ['/ecs/DP1/PM/NSIDC-0051.001/1984.08.09/nt_19840809_n07_v1.1_n.bin']
North,1984,8,11,8.002,0, ['/ecs/DP1/PM/NSIDC-0051.001/1984.08.11/nt_19840811_n07_v1.1_n.bin']
North,1984,8,13,7.918,0, ['/ecs/DP1/PM/NSIDC-0051.001/1984.08.13/nt_19840813_n07_v1.1_n.bin']
North,1984,8,15,7.816,0, ['/ecs/DP1/PM/NSIDC-0051.001/1984.08.15/nt_19840815_n07_v1.1_n.bin']
North,1984,8,17,7.698,0, ['/ecs/DP1/PM/NSIDC-0051.001/1984.08.17/nt_19840817_n07_v1.1_n.bin']
North,1984,8,19,7.548,0, ['/ecs/DP1/PM/NSIDC-0051.001/1984.08.19/nt_19840819_n07_v1.1_n.bin']
North,1984,8,21,7.461,0, ['/ecs/DP1/PM/NSIDC-0051.001/1984.08.21/nt_19840821_n07_v1.1_n.bin']
North,1984,8,23,7.401,0, ['/ecs/DP1/PM/NSIDC-0051.001/1984.08.23/nt_19840823_n07_v1.1_n.bin']
North,1984,8,25,7.346,0, ['/ecs/DP1/PM/NSIDC-0051.001/1984.08.25/nt_19840825_n07_v1.1_n.bin']
North,1984,8,27,7.272,0, ['/ecs/DP1/PM/NSIDC-0051.001/1984.08.27/nt_19840827_n07_v1.1_n.bin']
North,1984,8,29,7.057,0, ['/ecs/DP1/PM/NSIDC-0051.001/1984.08.29/nt_19840829_n07_v1.1_n.bin']
North,1984,8,31,7.058,0, ['/ecs/DP1/PM/NSIDC-0051.001/1984.08.31/nt_19840831_n07_v1.1_n.bin']
North,1984,9,2,6.828,0, ['/ecs/DP1/PM/NSIDC-0051.001/1984.09.02/nt_19840902_n07_v1.1_n.bin']
North,1984,9,4,6.697,0, ['/ecs/DP1/PM/NSIDC-0051.001/1984.09.04/nt_19840904_n07_v1.1_n.bin']
North,1984,9,6,6.528,0, ['/ecs/DP1/PM/NSIDC-0051.001/1984.09.06/nt_19840906_n07_v1.1_n.bin']
North,1984,9,8,6.509,0, ['/ecs/DP1/PM/NSIDC-0051.001/1984.09.08/nt_19840908_n07_v1.1_n.bin']
North,1984,9,10,6.501,0, ['/ecs/DP1/PM/NSIDC-0051.001/1984.09.10/nt_19840910_n07_v1.1_n.bin']
North,1984,9,12,6.422,0, ['/ecs/DP1/PM/NSIDC-0051.001/1984.09.12/nt_19840912_n07_v1.1_n.bin']
North,1984,9,14,6.461,0, ['/ecs/DP1/PM/NSIDC-0051.001/1984.09.14/nt_19840914_n07_v1.1_n.bin']
North,1984,9,16,6.396,0, ['/ecs/DP1/PM/NSIDC-0051.001/1984.09.16/nt_19840916_n07_v1.1_n.bin']
North,1984,9,18,6.514,0, ['/ecs/DP1/PM/NSIDC-0051.001/1984.09.18/nt_19840918_n07_v1.1_n.bin']
North,1984,9,20,6.728,0, ['/ecs/DP1/PM/NSIDC-0051.001/1984.09.20/nt_19840920_n07_v1.1_n.bin']
North,1984,9,22,6.974,0, ['/ecs/DP1/PM/NSIDC-0051.001/1984.09.22/nt_19840922_n07_v1.1_n.bin']
North,1984,9,24,7.178,0, ['/ecs/DP1/PM/NSIDC-0051.001/1984.09.24/nt_19840924_n07_v1.1_n.bin']
North,1984,9,26,7.338,0, ['/ecs/DP1/PM/NSIDC-0051.001/1984.09.26/nt_19840926_n07_v1.1_n.bin']
North,1984,9,28,7.455,0, ['/ecs/DP1/PM/NSIDC-0051.001/1984.09.28/nt_19840928_n07_v1.1_n.bin']
North,1984,9,30,7.549,0, ['/ecs/DP1/PM/NSIDC-0051.001/1984.09.30/nt_19840930_n07_v1.1_n.bin']
North,1984,10,2,7.745,0, ['/ecs/DP1/PM/NSIDC-0051.001/1984.10.02/nt_19841002_n07_v1.1_n.bin']
North,1984,10,4,7.947,0, ['/ecs/DP1/PM/NSIDC-0051.001/1984.10.04/nt_19841004_n07_v1.1_n.bin']
North,1984,10,6,8.057,0, ['/ecs/DP1/PM/NSIDC-0051.001/1984.10.06/nt_19841006_n07_v1.1_n.bin']
North,1984,10,8,8.227,0, ['/ecs/DP1/PM/NSIDC-0051.001/1984.10.08/nt_19841008_n07_v1.1_n.bin']
North,1984,10,10,8.188,0, ['/ecs/DP1/PM/NSIDC-0051.001/1984.10.10/nt_19841010_n07_v1.1_n.bin']
North,1984,10,12,8.26,0, ['/ecs/DP1/PM/NSIDC-0051.001/1984.10.12/nt_19841012_n07_v1.1_n.bin']
North,1984,10,14,8.334,0, ['/ecs/DP1/PM/NSIDC-0051.001/1984.10.14/nt_19841014_n07_v1.1_n.bin']
North,1984,10,16,8.354,0, ['/ecs/DP1/PM/NSIDC-0051.001/1984.10.16/nt_19841016_n07_v1.1_n.bin']
North,1984,10,18,8.513,0, ['/ecs/DP1/PM/NSIDC-0051.001/1984.10.18/nt_19841018_n07_v1.1_n.bin']
North,1984,10,20,8.638,0, ['/ecs/DP1/PM/NSIDC-0051.001/1984.10.20/nt_19841020_n07_v1.1_n.bin']
North,1984,10,22,8.933,0, ['/ecs/DP1/PM/NSIDC-0051.001/1984.10.22/nt_19841022_n07_v1.1_n.bin']
North,1984,10,24,9.116,0, ['/ecs/DP1/PM/NSIDC-0051.001/1984.10.24/nt_19841024_n07_v1.1_n.bin']
North,1984,10,26,9.266,0, ['/ecs/DP1/PM/NSIDC-0051.001/1984.10.26/nt_19841026_n07_v1.1_n.bin']
North,1984,10,28,9.398,0, ['/ecs/DP1/PM/NSIDC-0051.001/1984.10.28/nt_19841028_n07_v1.1_n.bin']
North,1984,10,30,9.433,0, ['/ecs/DP1/PM/NSIDC-0051.001/1984.10.30/nt_19841030_n07_v1.1_n.bin']
North,1984,11,1,9.565,0, ['/ecs/DP1/PM/NSIDC-0051.001/1984.11.01/nt_19841101_n07_v1.1_n.bin']
North,1984,11,3,9.819,0, ['/ecs/DP1/PM/NSIDC-0051.001/1984.11.03/nt_19841103_n07_v1.1_n.bin']
North,1984,11,5,9.969,0, ['/ecs/DP1/PM/NSIDC-0051.001/1984.11.05/nt_19841105_n07_v1.1_n.bin']
North,1984,11,7,10.081,0, ['/ecs/DP1/PM/NSIDC-0051.001/1984.11.07/nt_19841107_n07_v1.1_n.bin']
North,1984,11,9,10.224,0, ['/ecs/DP1/PM/NSIDC-0051.001/1984.11.09/nt_19841109_n07_v1.1_n.bin']
North,1984,11,11,10.558,0, ['/ecs/DP1/PM/NSIDC-0051.001/1984.11.11/nt_19841111_n07_v1.1_n.bin']
North,1984,11,13,10.578,0, ['/ecs/DP1/PM/NSIDC-0051.001/1984.11.13/nt_19841113_n07_v1.1_n.bin']
North,1984,11,15,10.795,0, ['/ecs/DP1/PM/NSIDC-0051.001/1984.11.15/nt_19841115_n07_v1.1_n.bin']
North,1984,11,17,11.072,0, ['/ecs/DP1/PM/NSIDC-0051.001/1984.11.17/nt_19841117_n07_v1.1_n.bin']
North,1984,11,19,11.219,0, ['/ecs/DP1/PM/NSIDC-0051.001/1984.11.19/nt_19841119_n07_v1.1_n.bin']
North,1984,11,21,11.518,0, ['/ecs/DP1/PM/NSIDC-0051.001/1984.11.21/nt_19841121_n07_v1.1_n.bin']
North,1984,11,23,11.641,0, ['/ecs/DP1/PM/NSIDC-0051.001/1984.11.23/nt_19841123_n07_v1.1_n.bin']
North,1984,11,25,11.812,0, ['/ecs/DP1/PM/NSIDC-0051.001/1984.11.25/nt_19841125_n07_v1.1_n.bin']
North,1984,11,27,11.903,0, ['/ecs/DP1/PM/NSIDC-0051.001/1984.11.27/nt_19841127_n07_v1.1_n.bin']
North,1984,11,29,11.869,0, ['/ecs/DP1/PM/NSIDC-0051.001/1984.11.29/nt_19841129_n07_v1.1_n.bin']
North,1984,12,1,11.968,0, ['/ecs/DP1/PM/NSIDC-0051.001/1984.12.01/nt_19841201_n07_v1.1_n.bin']
North,1984,12,3,12.263,0, ['/ecs/DP1/PM/NSIDC-0051.001/1984.12.03/nt_19841203_n07_v1.1_n.bin']
North,1984,12,5,12.397,0, ['/ecs/DP1/PM/NSIDC-0051.001/1984.12.05/nt_19841205_n07_v1.1_n.bin']
North,1984,12,7,12.712,0, ['/ecs/DP1/PM/NSIDC-0051.001/1984.12.07/nt_19841207_n07_v1.1_n.bin']
North,1984,12,9,12.738,0, ['/ecs/DP1/PM/NSIDC-0051.001/1984.12.09/nt_19841209_n07_v1.1_n.bin']
North,1984,12,11,12.837,0, ['/ecs/DP1/PM/NSIDC-0051.001/1984.12.11/nt_19841211_n07_v1.1_n.bin']
North,1984,12,13,13.018,0, ['/ecs/DP1/PM/NSIDC-0051.001/1984.12.13/nt_19841213_n07_v1.1_n.bin']
North,1984,12,15,13.124,0, ['/ecs/DP1/PM/NSIDC-0051.001/1984.12.15/nt_19841215_n07_v1.1_n.bin']
North,1984,12,17,13.025,0, ['/ecs/DP1/PM/NSIDC-0051.001/1984.12.17/nt_19841217_n07_v1.1_n.bin']
North,1984,12,19,13.24,0, ['/ecs/DP1/PM/NSIDC-0051.001/1984.12.19/nt_19841219_n07_v1.1_n.bin']
North,1984,12,21,13.202,0, ['/ecs/DP1/PM/NSIDC-0051.001/1984.12.21/nt_19841221_n07_v1.1_n.bin']
North,1984,12,23,13.307,0, ['/ecs/DP1/PM/NSIDC-0051.001/1984.12.23/nt_19841223_n07_v1.1_n.bin']
North,1984,12,25,13.323,0, ['/ecs/DP1/PM/NSIDC-0051.001/1984.12.25/nt_19841225_n07_v1.1_n.bin']
North,1984,12,27,13.394,0, ['/ecs/DP1/PM/NSIDC-0051.001/1984.12.27/nt_19841227_n07_v1.1_n.bin']
North,1984,12,29,13.494,0, ['/ecs/DP1/PM/NSIDC-0051.001/1984.12.29/nt_19841229_n07_v1.1_n.bin']
North,1984,12,31,13.789,0, ['/ecs/DP1/PM/NSIDC-0051.001/1984.12.31/nt_19841231_n07_v1.1_n.bin']
North,1985,1,2,14.045,0, ['/ecs/DP1/PM/NSIDC-0051.001/1985.01.02/nt_19850102_n07_v1.1_n.bin']
North,1985,1,4,14.24,0, ['/ecs/DP1/PM/NSIDC-0051.001/1985.01.04/nt_19850104_n07_v1.1_n.bin']
North,1985,1,6,14.406,0, ['/ecs/DP1/PM/NSIDC-0051.001/1985.01.06/nt_19850106_n07_v1.1_n.bin']
North,1985,1,8,14.432,0, ['/ecs/DP1/PM/NSIDC-0051.001/1985.01.08/nt_19850108_n07_v1.1_n.bin']
North,1985,1,10,14.455,0, ['/ecs/DP1/PM/NSIDC-0051.001/1985.01.10/nt_19850110_n07_v1.1_n.bin']
North,1985,1,12,14.584,0, ['/ecs/DP1/PM/NSIDC-0051.001/1985.01.12/nt_19850112_n07_v1.1_n.bin']
North,1985,1,14,14.568,0, ['/ecs/DP1/PM/NSIDC-0051.001/1985.01.14/nt_19850114_n07_v1.1_n.bin']
North,1985,1,16,14.71,0, ['/ecs/DP1/PM/NSIDC-0051.001/1985.01.16/nt_19850116_n07_v1.1_n.bin']
North,1985,1,18,14.88,0, ['/ecs/DP1/PM/NSIDC-0051.001/1985.01.18/nt_19850118_n07_v1.1_n.bin']
North,1985,1,20,14.906,0, ['/ecs/DP1/PM/NSIDC-0051.001/1985.01.20/nt_19850120_n07_v1.1_n.bin']
North,1985,1,22,14.945,0, ['/ecs/DP1/PM/NSIDC-0051.001/1985.01.22/nt_19850122_n07_v1.1_n.bin']
North,1985,1,24,15.036,0, ['/ecs/DP1/PM/NSIDC-0051.001/1985.01.24/nt_19850124_n07_v1.1_n.bin']
North,1985,1,26,15.186,0, ['/ecs/DP1/PM/NSIDC-0051.001/1985.01.26/nt_19850126_n07_v1.1_n.bin']
North,1985,1,28,15.313,0, ['/ecs/DP1/PM/NSIDC-0051.001/1985.01.28/nt_19850128_n07_v1.1_n.bin']
North,1985,1,30,15.167,0, ['/ecs/DP1/PM/NSIDC-0051.001/1985.01.30/nt_19850130_n07_v1.1_n.bin']
North,1985,2,1,15.252,0, ['/ecs/DP1/PM/NSIDC-0051.001/1985.02.01/nt_19850201_n07_v1.1_n.bin']
North,1985,2,3,15.298,0, ['/ecs/DP1/PM/NSIDC-0051.001/1985.02.03/nt_19850203_n07_v1.1_n.bin']
North,1985,2,5,15.445,0, ['/ecs/DP1/PM/NSIDC-0051.001/1985.02.05/nt_19850205_n07_v1.1_n.bin']
North,1985,2,7,15.441,0, ['/ecs/DP1/PM/NSIDC-0051.001/1985.02.07/nt_19850207_n07_v1.1_n.bin']
North,1985,2,9,15.549,0, ['/ecs/DP1/PM/NSIDC-0051.001/1985.02.09/nt_19850209_n07_v1.1_n.bin']
North,1985,2,11,15.447,0, ['/ecs/DP1/PM/NSIDC-0051.001/1985.02.11/nt_19850211_n07_v1.1_n.bin']
North,1985,2,13,15.448,0, ['/ecs/DP1/PM/NSIDC-0051.001/1985.02.13/nt_19850213_n07_v1.1_n.bin']
North,1985,2,15,15.554,0, ['/ecs/DP1/PM/NSIDC-0051.001/1985.02.15/nt_19850215_n07_v1.1_n.bin']
North,1985,2,17,15.473,0, ['/ecs/DP1/PM/NSIDC-0051.001/1985.02.17/nt_19850217_n07_v1.1_n.bin']
North,1985,2,19,15.368,0, ['/ecs/DP1/PM/NSIDC-0051.001/1985.02.19/nt_19850219_n07_v1.1_n.bin']
North,1985,2,21,15.498,0, ['/ecs/DP1/PM/NSIDC-0051.001/1985.02.21/nt_19850221_n07_v1.1_n.bin']
North,1985,2,23,15.447,0, ['/ecs/DP1/PM/NSIDC-0051.001/1985.02.23/nt_19850223_n07_v1.1_n.bin']
North,1985,2,25,15.568,0, ['/ecs/DP1/PM/NSIDC-0051.001/1985.02.25/nt_19850225_n07_v1.1_n.bin']
North,1985,2,27,15.732,0, ['/ecs/DP1/PM/NSIDC-0051.001/1985.02.27/nt_19850227_n07_v1.1_n.bin']
North,1985,3,1,15.791,0, ['/ecs/DP1/PM/NSIDC-0051.001/1985.03.01/nt_19850301_n07_v1.1_n.bin']
North,1985,3,3,15.698,0, ['/ecs/DP1/PM/NSIDC-0051.001/1985.03.03/nt_19850303_n07_v1.1_n.bin']
North,1985,3,5,15.706,0, ['/ecs/DP1/PM/NSIDC-0051.001/1985.03.05/nt_19850305_n07_v1.1_n.bin']
North,1985,3,7,15.681,0, ['/ecs/DP1/PM/NSIDC-0051.001/1985.03.07/nt_19850307_n07_v1.1_n.bin']
North,1985,3,9,15.575,0, ['/ecs/DP1/PM/NSIDC-0051.001/1985.03.09/nt_19850309_n07_v1.1_n.bin']
North,1985,3,11,15.614,0, ['/ecs/DP1/PM/NSIDC-0051.001/1985.03.11/nt_19850311_n07_v1.1_n.bin']
North,1985,3,13,15.914,0, ['/ecs/DP1/PM/NSIDC-0051.001/1985.03.13/nt_19850313_n07_v1.1_n.bin']
North,1985,3,15,16.094,0, ['/ecs/DP1/PM/NSIDC-0051.001/1985.03.15/nt_19850315_n07_v1.1_n.bin']
North,1985,3,17,16.163,0, ['/ecs/DP1/PM/NSIDC-0051.001/1985.03.17/nt_19850317_n07_v1.1_n.bin']
North,1985,3,19,16.059,0, ['/ecs/DP1/PM/NSIDC-0051.001/1985.03.19/nt_19850319_n07_v1.1_n.bin']
North,1985,3,21,16.044,0, ['/ecs/DP1/PM/NSIDC-0051.001/1985.03.21/nt_19850321_n07_v1.1_n.bin']
North,1985,3,23,16.063,0, ['/ecs/DP1/PM/NSIDC-0051.001/1985.03.23/nt_19850323_n07_v1.1_n.bin']
North,1985,3,25,16.027,0, ['/ecs/DP1/PM/NSIDC-0051.001/1985.03.25/nt_19850325_n07_v1.1_n.bin']
North,1985,3,27,16.019,0, ['/ecs/DP1/PM/NSIDC-0051.001/1985.03.27/nt_19850327_n07_v1.1_n.bin']
North,1985,3,29,15.957,0, ['/ecs/DP1/PM/NSIDC-0051.001/1985.03.29/nt_19850329_n07_v1.1_n.bin']
North,1985,3,31,15.77,0, ['/ecs/DP1/PM/NSIDC-0051.001/1985.03.31/nt_19850331_n07_v1.1_n.bin']
North,1985,4,2,15.58,0, ['/ecs/DP1/PM/NSIDC-0051.001/1985.04.02/nt_19850402_n07_v1.1_n.bin']
North,1985,4,4,15.576,0, ['/ecs/DP1/PM/NSIDC-0051.001/1985.04.04/nt_19850404_n07_v1.1_n.bin']
North,1985,4,6,15.535,0, ['/ecs/DP1/PM/NSIDC-0051.001/1985.04.06/nt_19850406_n07_v1.1_n.bin']
North,1985,4,8,15.459,0, ['/ecs/DP1/PM/NSIDC-0051.001/1985.04.08/nt_19850408_n07_v1.1_n.bin']
North,1985,4,10,15.445,0, ['/ecs/DP1/PM/NSIDC-0051.001/1985.04.10/nt_19850410_n07_v1.1_n.bin']
North,1985,4,12,15.524,0, ['/ecs/DP1/PM/NSIDC-0051.001/1985.04.12/nt_19850412_n07_v1.1_n.bin']
North,1985,4,14,15.432,0, ['/ecs/DP1/PM/NSIDC-0051.001/1985.04.14/nt_19850414_n07_v1.1_n.bin']
North,1985,4,16,15.511,0, ['/ecs/DP1/PM/NSIDC-0051.001/1985.04.16/nt_19850416_n07_v1.1_n.bin']
North,1985,4,18,15.454,0, ['/ecs/DP1/PM/NSIDC-0051.001/1985.04.18/nt_19850418_n07_v1.1_n.bin']
North,1985,4,20,15.252,0, ['/ecs/DP1/PM/NSIDC-0051.001/1985.04.20/nt_19850420_n07_v1.1_n.bin']
North,1985,4,22,15.226,0, ['/ecs/DP1/PM/NSIDC-0051.001/1985.04.22/nt_19850422_n07_v1.1_n.bin']
North,1985,4,24,15.225,0, ['/ecs/DP1/PM/NSIDC-0051.001/1985.04.24/nt_19850424_n07_v1.1_n.bin']
North,1985,4,26,15.109,0, ['/ecs/DP1/PM/NSIDC-0051.001/1985.04.26/nt_19850426_n07_v1.1_n.bin']
North,1985,4,28,15.065,0, ['/ecs/DP1/PM/NSIDC-0051.001/1985.04.28/nt_19850428_n07_v1.1_n.bin']
North,1985,4,30,14.955,0, ['/ecs/DP1/PM/NSIDC-0051.001/1985.04.30/nt_19850430_n07_v1.1_n.bin']
North,1985,5,2,14.714,0, ['/ecs/DP1/PM/NSIDC-0051.001/1985.05.02/nt_19850502_n07_v1.1_n.bin']
North,1985,5,4,14.655,0, ['/ecs/DP1/PM/NSIDC-0051.001/1985.05.04/nt_19850504_n07_v1.1_n.bin']
North,1985,5,6,14.56,0, ['/ecs/DP1/PM/NSIDC-0051.001/1985.05.06/nt_19850506_n07_v1.1_n.bin']
North,1985,5,8,14.394,0, ['/ecs/DP1/PM/NSIDC-0051.001/1985.05.08/nt_19850508_n07_v1.1_n.bin']
North,1985,5,10,14.32,0, ['/ecs/DP1/PM/NSIDC-0051.001/1985.05.10/nt_19850510_n07_v1.1_n.bin']
North,1985,5,12,14.282,0, ['/ecs/DP1/PM/NSIDC-0051.001/1985.05.12/nt_19850512_n07_v1.1_n.bin']
North,1985,5,14,14.172,0, ['/ecs/DP1/PM/NSIDC-0051.001/1985.05.14/nt_19850514_n07_v1.1_n.bin']
North,1985,5,16,14.077,0, ['/ecs/DP1/PM/NSIDC-0051.001/1985.05.16/nt_19850516_n07_v1.1_n.bin']
North,1985,5,18,13.914,0, ['/ecs/DP1/PM/NSIDC-0051.001/1985.05.18/nt_19850518_n07_v1.1_n.bin']
North,1985,5,20,13.896,0, ['/ecs/DP1/PM/NSIDC-0051.001/1985.05.20/nt_19850520_n07_v1.1_n.bin']
North,1985,5,22,13.868,0, ['/ecs/DP1/PM/NSIDC-0051.001/1985.05.22/nt_19850522_n07_v1.1_n.bin']
North,1985,5,24,13.705,0, ['/ecs/DP1/PM/NSIDC-0051.001/1985.05.24/nt_19850524_n07_v1.1_n.bin']
North,1985,5,26,13.625,0, ['/ecs/DP1/PM/NSIDC-0051.001/1985.05.26/nt_19850526_n07_v1.1_n.bin']
North,1985,5,28,13.58,0, ['/ecs/DP1/PM/NSIDC-0051.001/1985.05.28/nt_19850528_n07_v1.1_n.bin']
North,1985,5,30,13.339,0, ['/ecs/DP1/PM/NSIDC-0051.001/1985.05.30/nt_19850530_n07_v1.1_n.bin']
North,1985,6,1,13.063,0, ['/ecs/DP1/PM/NSIDC-0051.001/1985.06.01/nt_19850601_n07_v1.1_n.bin']
North,1985,6,3,12.935,0, ['/ecs/DP1/PM/NSIDC-0051.001/1985.06.03/nt_19850603_n07_v1.1_n.bin']
North,1985,6,5,12.783,0, ['/ecs/DP1/PM/NSIDC-0051.001/1985.06.05/nt_19850605_n07_v1.1_n.bin']
North,1985,6,7,12.731,0, ['/ecs/DP1/PM/NSIDC-0051.001/1985.06.07/nt_19850607_n07_v1.1_n.bin']
North,1985,6,9,12.674,0, ['/ecs/DP1/PM/NSIDC-0051.001/1985.06.09/nt_19850609_n07_v1.1_n.bin']
North,1985,6,11,12.475,0, ['/ecs/DP1/PM/NSIDC-0051.001/1985.06.11/nt_19850611_n07_v1.1_n.bin']
North,1985,6,13,12.303,0, ['/ecs/DP1/PM/NSIDC-0051.001/1985.06.13/nt_19850613_n07_v1.1_n.bin']
North,1985,6,15,12.217,0, ['/ecs/DP1/PM/NSIDC-0051.001/1985.06.15/nt_19850615_n07_v1.1_n.bin']
North,1985,6,17,12.109,0, ['/ecs/DP1/PM/NSIDC-0051.001/1985.06.17/nt_19850617_n07_v1.1_n.bin']
North,1985,6,19,11.88,0, ['/ecs/DP1/PM/NSIDC-0051.001/1985.06.19/nt_19850619_n07_v1.1_n.bin']
North,1985,6,21,11.81,0, ['/ecs/DP1/PM/NSIDC-0051.001/1985.06.21/nt_19850621_n07_v1.1_n.bin']
North,1985,6,23,11.805,0, ['/ecs/DP1/PM/NSIDC-0051.001/1985.06.23/nt_19850623_n07_v1.1_n.bin']
North,1985,6,25,11.61,0, ['/ecs/DP1/PM/NSIDC-0051.001/1985.06.25/nt_19850625_n07_v1.1_n.bin']
North,1985,6,27,11.498,0, ['/ecs/DP1/PM/NSIDC-0051.001/1985.06.27/nt_19850627_n07_v1.1_n.bin']
North,1985,6,29,11.393,0, ['/ecs/DP1/PM/NSIDC-0051.001/1985.06.29/nt_19850629_n07_v1.1_n.bin']
North,1985,7,1,11.135,0, ['/ecs/DP1/PM/NSIDC-0051.001/1985.07.01/nt_19850701_n07_v1.1_n.bin']
North,1985,7,3,10.926,0, ['/ecs/DP1/PM/NSIDC-0051.001/1985.07.03/nt_19850703_n07_v1.1_n.bin']
North,1985,7,5,10.791,0, ['/ecs/DP1/PM/NSIDC-0051.001/1985.07.05/nt_19850705_n07_v1.1_n.bin']
North,1985,7,7,10.652,0, ['/ecs/DP1/PM/NSIDC-0051.001/1985.07.07/nt_19850707_n07_v1.1_n.bin']
North,1985,7,9,10.382,0, ['/ecs/DP1/PM/NSIDC-0051.001/1985.07.09/nt_19850709_n07_v1.1_n.bin']
North,1985,7,11,10.399,0, ['/ecs/DP1/PM/NSIDC-0051.001/1985.07.11/nt_19850711_n07_v1.1_n.bin']
North,1985,7,13,10.112,0, ['/ecs/DP1/PM/NSIDC-0051.001/1985.07.13/nt_19850713_n07_v1.1_n.bin']
North,1985,7,15,9.839,0, ['/ecs/DP1/PM/NSIDC-0051.001/1985.07.15/nt_19850715_n07_v1.1_n.bin']
North,1985,7,17,9.702,0, ['/ecs/DP1/PM/NSIDC-0051.001/1985.07.17/nt_19850717_n07_v1.1_n.bin']
North,1985,7,19,9.441,0, ['/ecs/DP1/PM/NSIDC-0051.001/1985.07.19/nt_19850719_n07_v1.1_n.bin']
North,1985,7,21,9.213,0, ['/ecs/DP1/PM/NSIDC-0051.001/1985.07.21/nt_19850721_n07_v1.1_n.bin']
North,1985,7,23,9.114,0, ['/ecs/DP1/PM/NSIDC-0051.001/1985.07.23/nt_19850723_n07_v1.1_n.bin']
North,1985,7,25,8.851,0, ['/ecs/DP1/PM/NSIDC-0051.001/1985.07.25/nt_19850725_n07_v1.1_n.bin']
North,1985,7,27,8.656,0, ['/ecs/DP1/PM/NSIDC-0051.001/1985.07.27/nt_19850727_n07_v1.1_n.bin']
North,1985,7,29,8.4,0, ['/ecs/DP1/PM/NSIDC-0051.001/1985.07.29/nt_19850729_n07_v1.1_n.bin']
North,1985,7,31,8.3,0, ['/ecs/DP1/PM/NSIDC-0051.001/1985.07.31/nt_19850731_n07_v1.1_n.bin']
North,1985,8,2,8.152,0, ['/ecs/DP1/PM/NSIDC-0051.001/1985.08.02/nt_19850802_n07_v1.1_n.bin']
North,1985,8,4,8.074,0, ['/ecs/DP1/PM/NSIDC-0051.001/1985.08.04/nt_19850804_n07_v1.1_n.bin']
North,1985,8,6,7.995,0, ['/ecs/DP1/PM/NSIDC-0051.001/1985.08.06/nt_19850806_n07_v1.1_n.bin']
North,1985,8,8,7.754,0, ['/ecs/DP1/PM/NSIDC-0051.001/1985.08.08/nt_19850808_n07_v1.1_n.bin']
North,1985,8,10,7.639,0, ['/ecs/DP1/PM/NSIDC-0051.001/1985.08.10/nt_19850810_n07_v1.1_n.bin']
North,1985,8,12,7.525,0, ['/ecs/DP1/PM/NSIDC-0051.001/1985.08.12/nt_19850812_n07_v1.1_n.bin']
North,1985,8,14,7.442,0, ['/ecs/DP1/PM/NSIDC-0051.001/1985.08.14/nt_19850814_n07_v1.1_n.bin']
North,1985,8,16,7.331,0, ['/ecs/DP1/PM/NSIDC-0051.001/1985.08.16/nt_19850816_n07_v1.1_n.bin']
North,1985,8,18,7.212,0, ['/ecs/DP1/PM/NSIDC-0051.001/1985.08.18/nt_19850818_n07_v1.1_n.bin']
North,1985,8,20,7.19,0, ['/ecs/DP1/PM/NSIDC-0051.001/1985.08.20/nt_19850820_n07_v1.1_n.bin']
North,1985,8,22,7.139,0, ['/ecs/DP1/PM/NSIDC-0051.001/1985.08.22/nt_19850822_n07_v1.1_n.bin']
North,1985,8,24,7.012,0, ['/ecs/DP1/PM/NSIDC-0051.001/1985.08.24/nt_19850824_n07_v1.1_n.bin']
North,1985,8,26,6.907,0, ['/ecs/DP1/PM/NSIDC-0051.001/1985.08.26/nt_19850826_n07_v1.1_n.bin']
North,1985,8,28,6.863,0, ['/ecs/DP1/PM/NSIDC-0051.001/1985.08.28/nt_19850828_n07_v1.1_n.bin']
North,1985,8,30,6.793,0, ['/ecs/DP1/PM/NSIDC-0051.001/1985.08.30/nt_19850830_n07_v1.1_n.bin']
North,1985,9,1,6.724,0, ['/ecs/DP1/PM/NSIDC-0051.001/1985.09.01/nt_19850901_n07_v1.1_n.bin']
North,1985,9,3,6.61,0, ['/ecs/DP1/PM/NSIDC-0051.001/1985.09.03/nt_19850903_n07_v1.1_n.bin']
North,1985,9,5,6.505,0, ['/ecs/DP1/PM/NSIDC-0051.001/1985.09.05/nt_19850905_n07_v1.1_n.bin']
North,1985,9,7,6.496,0, ['/ecs/DP1/PM/NSIDC-0051.001/1985.09.07/nt_19850907_n07_v1.1_n.bin']
North,1985,9,9,6.486,0, ['/ecs/DP1/PM/NSIDC-0051.001/1985.09.09/nt_19850909_n07_v1.1_n.bin']
North,1985,9,11,6.495,0, ['/ecs/DP1/PM/NSIDC-0051.001/1985.09.11/nt_19850911_n07_v1.1_n.bin']
North,1985,9,13,6.558,0, ['/ecs/DP1/PM/NSIDC-0051.001/1985.09.13/nt_19850913_n07_v1.1_n.bin']
North,1985,9,15,6.568,0, ['/ecs/DP1/PM/NSIDC-0051.001/1985.09.15/nt_19850915_n07_v1.1_n.bin']
North,1985,9,17,6.657,0, ['/ecs/DP1/PM/NSIDC-0051.001/1985.09.17/nt_19850917_n07_v1.1_n.bin']
North,1985,9,19,6.725,0, ['/ecs/DP1/PM/NSIDC-0051.001/1985.09.19/nt_19850919_n07_v1.1_n.bin']
North,1985,9,21,6.745,0, ['/ecs/DP1/PM/NSIDC-0051.001/1985.09.21/nt_19850921_n07_v1.1_n.bin']
North,1985,9,23,6.799,0, ['/ecs/DP1/PM/NSIDC-0051.001/1985.09.23/nt_19850923_n07_v1.1_n.bin']
North,1985,9,25,6.993,0, ['/ecs/DP1/PM/NSIDC-0051.001/1985.09.25/nt_19850925_n07_v1.1_n.bin']
North,1985,9,27,6.992,0, ['/ecs/DP1/PM/NSIDC-0051.001/1985.09.27/nt_19850927_n07_v1.1_n.bin']
North,1985,9,29,7.112,0, ['/ecs/DP1/PM/NSIDC-0051.001/1985.09.29/nt_19850929_n07_v1.1_n.bin']
North,1985,10,1,7.365,0, ['/ecs/DP1/PM/NSIDC-0051.001/1985.10.01/nt_19851001_n07_v1.1_n.bin']
North,1985,10,3,7.585,0, ['/ecs/DP1/PM/NSIDC-0051.001/1985.10.03/nt_19851003_n07_v1.1_n.bin']
North,1985,10,5,7.642,0, ['/ecs/DP1/PM/NSIDC-0051.001/1985.10.05/nt_19851005_n07_v1.1_n.bin']
North,1985,10,7,7.985,0, ['/ecs/DP1/PM/NSIDC-0051.001/1985.10.07/nt_19851007_n07_v1.1_n.bin']
North,1985,10,9,8.013,0, ['/ecs/DP1/PM/NSIDC-0051.001/1985.10.09/nt_19851009_n07_v1.1_n.bin']
North,1985,10,11,8.129,0, ['/ecs/DP1/PM/NSIDC-0051.001/1985.10.11/nt_19851011_n07_v1.1_n.bin']
North,1985,10,13,8.442,0, ['/ecs/DP1/PM/NSIDC-0051.001/1985.10.13/nt_19851013_n07_v1.1_n.bin']
North,1985,10,15,8.562,0, ['/ecs/DP1/PM/NSIDC-0051.001/1985.10.15/nt_19851015_n07_v1.1_n.bin']
North,1985,10,17,8.708,0, ['/ecs/DP1/PM/NSIDC-0051.001/1985.10.17/nt_19851017_n07_v1.1_n.bin']
North,1985,10,19,8.699,0, ['/ecs/DP1/PM/NSIDC-0051.001/1985.10.19/nt_19851019_n07_v1.1_n.bin']
North,1985,10,21,8.783,0, ['/ecs/DP1/PM/NSIDC-0051.001/1985.10.21/nt_19851021_n07_v1.1_n.bin']
North,1985,10,23,8.959,0, ['/ecs/DP1/PM/NSIDC-0051.001/1985.10.23/nt_19851023_n07_v1.1_n.bin']
North,1985,10,25,9.116,0, ['/ecs/DP1/PM/NSIDC-0051.001/1985.10.25/nt_19851025_n07_v1.1_n.bin']
North,1985,10,27,9.33,0, ['/ecs/DP1/PM/NSIDC-0051.001/1985.10.27/nt_19851027_n07_v1.1_n.bin']
North,1985,10,29,9.566,0, ['/ecs/DP1/PM/NSIDC-0051.001/1985.10.29/nt_19851029_n07_v1.1_n.bin']
North,1985,10,31,9.851,0, ['/ecs/DP1/PM/NSIDC-0051.001/1985.10.31/nt_19851031_n07_v1.1_n.bin']
North,1985,11,2,10.219,0, ['/ecs/DP1/PM/NSIDC-0051.001/1985.11.02/nt_19851102_n07_v1.1_n.bin']
North,1985,11,4,10.238,0, ['/ecs/DP1/PM/NSIDC-0051.001/1985.11.04/nt_19851104_n07_v1.1_n.bin']
North,1985,11,6,10.37,0, ['/ecs/DP1/PM/NSIDC-0051.001/1985.11.06/nt_19851106_n07_v1.1_n.bin']
North,1985,11,8,10.471,0, ['/ecs/DP1/PM/NSIDC-0051.001/1985.11.08/nt_19851108_n07_v1.1_n.bin']
North,1985,11,10,10.47,0, ['/ecs/DP1/PM/NSIDC-0051.001/1985.11.10/nt_19851110_n07_v1.1_n.bin']
North,1985,11,12,10.77,0, ['/ecs/DP1/PM/NSIDC-0051.001/1985.11.12/nt_19851112_n07_v1.1_n.bin']
North,1985,11,14,10.992,0, ['/ecs/DP1/PM/NSIDC-0051.001/1985.11.14/nt_19851114_n07_v1.1_n.bin']
North,1985,11,16,11.083,0, ['/ecs/DP1/PM/NSIDC-0051.001/1985.11.16/nt_19851116_n07_v1.1_n.bin']
North,1985,11,18,11.041,0, ['/ecs/DP1/PM/NSIDC-0051.001/1985.11.18/nt_19851118_n07_v1.1_n.bin']
North,1985,11,20,11.255,0, ['/ecs/DP1/PM/NSIDC-0051.001/1985.11.20/nt_19851120_n07_v1.1_n.bin']
North,1985,11,22,11.442,0, ['/ecs/DP1/PM/NSIDC-0051.001/1985.11.22/nt_19851122_n07_v1.1_n.bin']
North,1985,11,24,11.597,0, ['/ecs/DP1/PM/NSIDC-0051.001/1985.11.24/nt_19851124_n07_v1.1_n.bin']
North,1985,11,26,11.723,0, ['/ecs/DP1/PM/NSIDC-0051.001/1985.11.26/nt_19851126_n07_v1.1_n.bin']
North,1985,11,28,11.77,0, ['/ecs/DP1/PM/NSIDC-0051.001/1985.11.28/nt_19851128_n07_v1.1_n.bin']
North,1985,11,30,11.927,0, ['/ecs/DP1/PM/NSIDC-0051.001/1985.11.30/nt_19851130_n07_v1.1_n.bin']
North,1985,12,2,12.305,0, ['/ecs/DP1/PM/NSIDC-0051.001/1985.12.02/nt_19851202_n07_v1.1_n.bin']
North,1985,12,4,12.314,0, ['/ecs/DP1/PM/NSIDC-0051.001/1985.12.04/nt_19851204_n07_v1.1_n.bin']
North,1985,12,6,12.469,0, ['/ecs/DP1/PM/NSIDC-0051.001/1985.12.06/nt_19851206_n07_v1.1_n.bin']
North,1985,12,8,12.619,0, ['/ecs/DP1/PM/NSIDC-0051.001/1985.12.08/nt_19851208_n07_v1.1_n.bin']
North,1985,12,10,12.734,0, ['/ecs/DP1/PM/NSIDC-0051.001/1985.12.10/nt_19851210_n07_v1.1_n.bin']
North,1985,12,12,12.771,0, ['/ecs/DP1/PM/NSIDC-0051.001/1985.12.12/nt_19851212_n07_v1.1_n.bin']
North,1985,12,14,12.818,0, ['/ecs/DP1/PM/NSIDC-0051.001/1985.12.14/nt_19851214_n07_v1.1_n.bin']
North,1985,12,16,13.065,0, ['/ecs/DP1/PM/NSIDC-0051.001/1985.12.16/nt_19851216_n07_v1.1_n.bin']
North,1985,12,18,13.263,0, ['/ecs/DP1/PM/NSIDC-0051.001/1985.12.18/nt_19851218_n07_v1.1_n.bin']
North,1985,12,20,13.271,0, ['/ecs/DP1/PM/NSIDC-0051.001/1985.12.20/nt_19851220_n07_v1.1_n.bin']
North,1985,12,22,13.45,0, ['/ecs/DP1/PM/NSIDC-0051.001/1985.12.22/nt_19851222_n07_v1.1_n.bin']
North,1985,12,24,13.642,0, ['/ecs/DP1/PM/NSIDC-0051.001/1985.12.24/nt_19851224_n07_v1.1_n.bin']
North,1985,12,26,13.756,0, ['/ecs/DP1/PM/NSIDC-0051.001/1985.12.26/nt_19851226_n07_v1.1_n.bin']
North,1985,12,28,13.571,0, ['/ecs/DP1/PM/NSIDC-0051.001/1985.12.28/nt_19851228_n07_v1.1_n.bin']
North,1985,12,30,13.701,0, ['/ecs/DP1/PM/NSIDC-0051.001/1985.12.30/nt_19851230_n07_v1.1_n.bin']
North,1986,1,1,14.036,0, ['/ecs/DP1/PM/NSIDC-0051.001/1986.01.01/nt_19860101_n07_v1.1_n.bin']
North,1986,1,3,14.292,0, ['/ecs/DP1/PM/NSIDC-0051.001/1986.01.03/nt_19860103_n07_v1.1_n.bin']
North,1986,1,5,14.489,0, ['/ecs/DP1/PM/NSIDC-0051.001/1986.01.05/nt_19860105_n07_v1.1_n.bin']
North,1986,1,7,14.533,0, ['/ecs/DP1/PM/NSIDC-0051.001/1986.01.07/nt_19860107_n07_v1.1_n.bin']
North,1986,1,9,14.628,0, ['/ecs/DP1/PM/NSIDC-0051.001/1986.01.09/nt_19860109_n07_v1.1_n.bin']
North,1986,1,11,14.795,0, ['/ecs/DP1/PM/NSIDC-0051.001/1986.01.11/nt_19860111_n07_v1.1_n.bin']
North,1986,1,13,14.901,0, ['/ecs/DP1/PM/NSIDC-0051.001/1986.01.13/nt_19860113_n07_v1.1_n.bin']
North,1986,1,15,14.991,0, ['/ecs/DP1/PM/NSIDC-0051.001/1986.01.15/nt_19860115_n07_v1.1_n.bin']
North,1986,1,17,14.981,0, ['/ecs/DP1/PM/NSIDC-0051.001/1986.01.17/nt_19860117_n07_v1.1_n.bin']
North,1986,1,19,15.159,0, ['/ecs/DP1/PM/NSIDC-0051.001/1986.01.19/nt_19860119_n07_v1.1_n.bin']
North,1986,1,21,15.252,0, ['/ecs/DP1/PM/NSIDC-0051.001/1986.01.21/nt_19860121_n07_v1.1_n.bin']
North,1986,1,23,15.214,0, ['/ecs/DP1/PM/NSIDC-0051.001/1986.01.23/nt_19860123_n07_v1.1_n.bin']
North,1986,1,25,15.322,0, ['/ecs/DP1/PM/NSIDC-0051.001/1986.01.25/nt_19860125_n07_v1.1_n.bin']
North,1986,1,27,15.241,0, ['/ecs/DP1/PM/NSIDC-0051.001/1986.01.27/nt_19860127_n07_v1.1_n.bin']
North,1986,1,29,15.194,0, ['/ecs/DP1/PM/NSIDC-0051.001/1986.01.29/nt_19860129_n07_v1.1_n.bin']
North,1986,1,31,15.206,0, ['/ecs/DP1/PM/NSIDC-0051.001/1986.01.31/nt_19860131_n07_v1.1_n.bin']
North,1986,2,2,15.331,0, ['/ecs/DP1/PM/NSIDC-0051.001/1986.02.02/nt_19860202_n07_v1.1_n.bin']
North,1986,2,4,15.427,0, ['/ecs/DP1/PM/NSIDC-0051.001/1986.02.04/nt_19860204_n07_v1.1_n.bin']
North,1986,2,6,15.546,0, ['/ecs/DP1/PM/NSIDC-0051.001/1986.02.06/nt_19860206_n07_v1.1_n.bin']
North,1986,2,8,15.724,0, ['/ecs/DP1/PM/NSIDC-0051.001/1986.02.08/nt_19860208_n07_v1.1_n.bin']
North,1986,2,10,15.802,0, ['/ecs/DP1/PM/NSIDC-0051.001/1986.02.10/nt_19860210_n07_v1.1_n.bin']
North,1986,2,12,15.845,0, ['/ecs/DP1/PM/NSIDC-0051.001/1986.02.12/nt_19860212_n07_v1.1_n.bin']
North,1986,2,14,15.724,0, ['/ecs/DP1/PM/NSIDC-0051.001/1986.02.14/nt_19860214_n07_v1.1_n.bin']
North,1986,2,16,15.836,0, ['/ecs/DP1/PM/NSIDC-0051.001/1986.02.16/nt_19860216_n07_v1.1_n.bin']
North,1986,2,18,15.949,0, ['/ecs/DP1/PM/NSIDC-0051.001/1986.02.18/nt_19860218_n07_v1.1_n.bin']
North,1986,2,20,15.913,0, ['/ecs/DP1/PM/NSIDC-0051.001/1986.02.20/nt_19860220_n07_v1.1_n.bin']
North,1986,2,22,15.966,0, ['/ecs/DP1/PM/NSIDC-0051.001/1986.02.22/nt_19860222_n07_v1.1_n.bin']
North,1986,2,24,16.008,0, ['/ecs/DP1/PM/NSIDC-0051.001/1986.02.24/nt_19860224_n07_v1.1_n.bin']
North,1986,2,26,15.934,0, ['/ecs/DP1/PM/NSIDC-0051.001/1986.02.26/nt_19860226_n07_v1.1_n.bin']
North,1986,2,28,15.983,0, ['/ecs/DP1/PM/NSIDC-0051.001/1986.02.28/nt_19860228_n07_v1.1_n.bin']
North,1986,3,2,16.02,0, ['/ecs/DP1/PM/NSIDC-0051.001/1986.03.02/nt_19860302_n07_v1.1_n.bin']
North,1986,3,4,16.023,0, ['/ecs/DP1/PM/NSIDC-0051.001/1986.03.04/nt_19860304_n07_v1.1_n.bin']
North,1986,3,6,16.031,0, ['/ecs/DP1/PM/NSIDC-0051.001/1986.03.06/nt_19860306_n07_v1.1_n.bin']
North,1986,3,8,16.084,0, ['/ecs/DP1/PM/NSIDC-0051.001/1986.03.08/nt_19860308_n07_v1.1_n.bin']
North,1986,3,10,16.158,0, ['/ecs/DP1/PM/NSIDC-0051.001/1986.03.10/nt_19860310_n07_v1.1_n.bin']
North,1986,3,12,16.14,0, ['/ecs/DP1/PM/NSIDC-0051.001/1986.03.12/nt_19860312_n07_v1.1_n.bin']
North,1986,3,14,16.018,0, ['/ecs/DP1/PM/NSIDC-0051.001/1986.03.14/nt_19860314_n07_v1.1_n.bin']
North,1986,3,16,16.02,0, ['/ecs/DP1/PM/NSIDC-0051.001/1986.03.16/nt_19860316_n07_v1.1_n.bin']
North,1986,3,18,15.941,0, ['/ecs/DP1/PM/NSIDC-0051.001/1986.03.18/nt_19860318_n07_v1.1_n.bin']
North,1986,3,20,15.791,0, ['/ecs/DP1/PM/NSIDC-0051.001/1986.03.20/nt_19860320_n07_v1.1_n.bin']
North,1986,3,22,15.772,0, ['/ecs/DP1/PM/NSIDC-0051.001/1986.03.22/nt_19860322_n07_v1.1_n.bin']
North,1986,3,24,15.74,0, ['/ecs/DP1/PM/NSIDC-0051.001/1986.03.24/nt_19860324_n07_v1.1_n.bin']
North,1986,3,26,15.672,0, ['/ecs/DP1/PM/NSIDC-0051.001/1986.03.26/nt_19860326_n07_v1.1_n.bin']
North,1986,3,28,15.589,0, ['/ecs/DP1/PM/NSIDC-0051.001/1986.03.28/nt_19860328_n07_v1.1_n.bin']
North,1986,3,30,15.643,0, ['/ecs/DP1/PM/NSIDC-0051.001/1986.03.30/nt_19860330_n07_v1.1_n.bin']
North,1986,4,1,15.636,0, ['/ecs/DP1/PM/NSIDC-0051.001/1986.04.01/nt_19860401_n07_v1.1_n.bin']
North,1986,4,3,15.629,0, ['/ecs/DP1/PM/NSIDC-0051.001/1986.04.03/nt_19860403_n07_v1.1_n.bin']
North,1986,4,5,15.427,0, ['/ecs/DP1/PM/NSIDC-0051.001/1986.04.05/nt_19860405_n07_v1.1_n.bin']
North,1986,4,7,15.302,0, ['/ecs/DP1/PM/NSIDC-0051.001/1986.04.07/nt_19860407_n07_v1.1_n.bin']
North,1986,4,9,15.292,0, ['/ecs/DP1/PM/NSIDC-0051.001/1986.04.09/nt_19860409_n07_v1.1_n.bin']
North,1986,4,11,15.182,0, ['/ecs/DP1/PM/NSIDC-0051.001/1986.04.11/nt_19860411_n07_v1.1_n.bin']
North,1986,4,13,15.13,0, ['/ecs/DP1/PM/NSIDC-0051.001/1986.04.13/nt_19860413_n07_v1.1_n.bin']
North,1986,4,15,15.019,0, ['/ecs/DP1/PM/NSIDC-0051.001/1986.04.15/nt_19860415_n07_v1.1_n.bin']
North,1986,4,17,15.008,0, ['/ecs/DP1/PM/NSIDC-0051.001/1986.04.17/nt_19860417_n07_v1.1_n.bin']
North,1986,4,19,14.872,0, ['/ecs/DP1/PM/NSIDC-0051.001/1986.04.19/nt_19860419_n07_v1.1_n.bin']
North,1986,4,21,14.858,0, ['/ecs/DP1/PM/NSIDC-0051.001/1986.04.21/nt_19860421_n07_v1.1_n.bin']
North,1986,4,23,14.703,0, ['/ecs/DP1/PM/NSIDC-0051.001/1986.04.23/nt_19860423_n07_v1.1_n.bin']
North,1986,4,25,14.681,0, ['/ecs/DP1/PM/NSIDC-0051.001/1986.04.25/nt_19860425_n07_v1.1_n.bin']
North,1986,4,27,14.629,0, ['/ecs/DP1/PM/NSIDC-0051.001/1986.04.27/nt_19860427_n07_v1.1_n.bin']
North,1986,4,29,14.514,0, ['/ecs/DP1/PM/NSIDC-0051.001/1986.04.29/nt_19860429_n07_v1.1_n.bin']
North,1986,5,1,14.275,0, ['/ecs/DP1/PM/NSIDC-0051.001/1986.05.01/nt_19860501_n07_v1.1_n.bin']
North,1986,5,3,14.12,0, ['/ecs/DP1/PM/NSIDC-0051.001/1986.05.03/nt_19860503_n07_v1.1_n.bin']
North,1986,5,5,13.925,0, ['/ecs/DP1/PM/NSIDC-0051.001/1986.05.05/nt_19860505_n07_v1.1_n.bin']
North,1986,5,7,13.81,0, ['/ecs/DP1/PM/NSIDC-0051.001/1986.05.07/nt_19860507_n07_v1.1_n.bin']
North,1986,5,9,13.602,0, ['/ecs/DP1/PM/NSIDC-0051.001/1986.05.09/nt_19860509_n07_v1.1_n.bin']
North,1986,5,11,13.492,0, ['/ecs/DP1/PM/NSIDC-0051.001/1986.05.11/nt_19860511_n07_v1.1_n.bin']
North,1986,5,13,13.424,0, ['/ecs/DP1/PM/NSIDC-0051.001/1986.05.13/nt_19860513_n07_v1.1_n.bin']
North,1986,5,15,13.338,0, ['/ecs/DP1/PM/NSIDC-0051.001/1986.05.15/nt_19860515_n07_v1.1_n.bin']
North,1986,5,17,13.264,0, ['/ecs/DP1/PM/NSIDC-0051.001/1986.05.17/nt_19860517_n07_v1.1_n.bin']
North,1986,5,19,13.215,0, ['/ecs/DP1/PM/NSIDC-0051.001/1986.05.19/nt_19860519_n07_v1.1_n.bin']
North,1986,5,21,13.192,0, ['/ecs/DP1/PM/NSIDC-0051.001/1986.05.21/nt_19860521_n07_v1.1_n.bin']
North,1986,5,23,13.078,0, ['/ecs/DP1/PM/NSIDC-0051.001/1986.05.23/nt_19860523_n07_v1.1_n.bin']
North,1986,5,25,12.977,0, ['/ecs/DP1/PM/NSIDC-0051.001/1986.05.25/nt_19860525_n07_v1.1_n.bin']
North,1986,5,27,12.83,0, ['/ecs/DP1/PM/NSIDC-0051.001/1986.05.27/nt_19860527_n07_v1.1_n.bin']
North,1986,5,29,12.781,0, ['/ecs/DP1/PM/NSIDC-0051.001/1986.05.29/nt_19860529_n07_v1.1_n.bin']
North,1986,5,31,12.75,0, ['/ecs/DP1/PM/NSIDC-0051.001/1986.05.31/nt_19860531_n07_v1.1_n.bin']
North,1986,6,2,12.567,0, ['/ecs/DP1/PM/NSIDC-0051.001/1986.06.02/nt_19860602_n07_v1.1_n.bin']
North,1986,6,4,12.412,0, ['/ecs/DP1/PM/NSIDC-0051.001/1986.06.04/nt_19860604_n07_v1.1_n.bin']
North,1986,6,6,12.26,0, ['/ecs/DP1/PM/NSIDC-0051.001/1986.06.06/nt_19860606_n07_v1.1_n.bin']
North,1986,6,8,12.13,0, ['/ecs/DP1/PM/NSIDC-0051.001/1986.06.08/nt_19860608_n07_v1.1_n.bin']
North,1986,6,10,12.191,0, ['/ecs/DP1/PM/NSIDC-0051.001/1986.06.10/nt_19860610_n07_v1.1_n.bin']
North,1986,6,12,12.158,0, ['/ecs/DP1/PM/NSIDC-0051.001/1986.06.12/nt_19860612_n07_v1.1_n.bin']
North,1986,6,14,11.999,0, ['/ecs/DP1/PM/NSIDC-0051.001/1986.06.14/nt_19860614_n07_v1.1_n.bin']
North,1986,6,16,11.921,0, ['/ecs/DP1/PM/NSIDC-0051.001/1986.06.16/nt_19860616_n07_v1.1_n.bin']
North,1986,6,18,11.965,0, ['/ecs/DP1/PM/NSIDC-0051.001/1986.06.18/nt_19860618_n07_v1.1_n.bin']
North,1986,6,20,11.861,0, ['/ecs/DP1/PM/NSIDC-0051.001/1986.06.20/nt_19860620_n07_v1.1_n.bin']
North,1986,6,22,11.837,0, ['/ecs/DP1/PM/NSIDC-0051.001/1986.06.22/nt_19860622_n07_v1.1_n.bin']
North,1986,6,24,11.797,0, ['/ecs/DP1/PM/NSIDC-0051.001/1986.06.24/nt_19860624_n07_v1.1_n.bin']
North,1986,6,26,11.637,0, ['/ecs/DP1/PM/NSIDC-0051.001/1986.06.26/nt_19860626_n07_v1.1_n.bin']
North,1986,6,28,11.547,0, ['/ecs/DP1/PM/NSIDC-0051.001/1986.06.28/nt_19860628_n07_v1.1_n.bin']
North,1986,6,30,11.357,0, ['/ecs/DP1/PM/NSIDC-0051.001/1986.06.30/nt_19860630_n07_v1.1_n.bin']
North,1986,7,2,11.147,0, ['/ecs/DP1/PM/NSIDC-0051.001/1986.07.02/nt_19860702_n07_v1.1_n.bin']
North,1986,7,4,11.162,0, ['/ecs/DP1/PM/NSIDC-0051.001/1986.07.04/nt_19860704_n07_v1.1_n.bin']
North,1986,7,6,11.031,0, ['/ecs/DP1/PM/NSIDC-0051.001/1986.07.06/nt_19860706_n07_v1.1_n.bin']
North,1986,7,8,10.882,0, ['/ecs/DP1/PM/NSIDC-0051.001/1986.07.08/nt_19860708_n07_v1.1_n.bin']
North,1986,7,10,10.723,0, ['/ecs/DP1/PM/NSIDC-0051.001/1986.07.10/nt_19860710_n07_v1.1_n.bin']
North,1986,7,12,10.571,0, ['/ecs/DP1/PM/NSIDC-0051.001/1986.07.12/nt_19860712_n07_v1.1_n.bin']
North,1986,7,14,10.461,0, ['/ecs/DP1/PM/NSIDC-0051.001/1986.07.14/nt_19860714_n07_v1.1_n.bin']
North,1986,7,16,10.211,0, ['/ecs/DP1/PM/NSIDC-0051.001/1986.07.16/nt_19860716_n07_v1.1_n.bin']
North,1986,7,18,10.01,0, ['/ecs/DP1/PM/NSIDC-0051.001/1986.07.18/nt_19860718_n07_v1.1_n.bin']
North,1986,7,20,9.759,0, ['/ecs/DP1/PM/NSIDC-0051.001/1986.07.20/nt_19860720_n07_v1.1_n.bin']
North,1986,7,22,9.574,0, ['/ecs/DP1/PM/NSIDC-0051.001/1986.07.22/nt_19860722_n07_v1.1_n.bin']
North,1986,7,24,9.323,0, ['/ecs/DP1/PM/NSIDC-0051.001/1986.07.24/nt_19860724_n07_v1.1_n.bin']
North,1986,7,26,9.256,0, ['/ecs/DP1/PM/NSIDC-0051.001/1986.07.26/nt_19860726_n07_v1.1_n.bin']
North,1986,7,28,9.111,0, ['/ecs/DP1/PM/NSIDC-0051.001/1986.07.28/nt_19860728_n07_v1.1_n.bin']
North,1986,7,30,8.976,0, ['/ecs/DP1/PM/NSIDC-0051.001/1986.07.30/nt_19860730_n07_v1.1_n.bin']
North,1986,8,1,8.762,0, ['/ecs/DP1/PM/NSIDC-0051.001/1986.08.01/nt_19860801_n07_v1.1_n.bin']
North,1986,8,3,8.649,0, ['/ecs/DP1/PM/NSIDC-0051.001/1986.08.03/nt_19860803_n07_v1.1_n.bin']
North,1986,8,5,8.51,0, ['/ecs/DP1/PM/NSIDC-0051.001/1986.08.05/nt_19860805_n07_v1.1_n.bin']
North,1986,8,7,8.373,0, ['/ecs/DP1/PM/NSIDC-0051.001/1986.08.07/nt_19860807_n07_v1.1_n.bin']
North,1986,8,9,8.2,0, ['/ecs/DP1/PM/NSIDC-0051.001/1986.08.09/nt_19860809_n07_v1.1_n.bin']
North,1986,8,11,8.042,0, ['/ecs/DP1/PM/NSIDC-0051.001/1986.08.11/nt_19860811_n07_v1.1_n.bin']
North,1986,8,13,7.934,0, ['/ecs/DP1/PM/NSIDC-0051.001/1986.08.13/nt_19860813_n07_v1.1_n.bin']
North,1986,8,15,7.912,0, ['/ecs/DP1/PM/NSIDC-0051.001/1986.08.15/nt_19860815_n07_v1.1_n.bin']
North,1986,8,17,7.908,0, ['/ecs/DP1/PM/NSIDC-0051.001/1986.08.17/nt_19860817_n07_v1.1_n.bin']
North,1986,8,19,7.799,0, ['/ecs/DP1/PM/NSIDC-0051.001/1986.08.19/nt_19860819_n07_v1.1_n.bin']
North,1986,8,21,7.706,0, ['/ecs/DP1/PM/NSIDC-0051.001/1986.08.21/nt_19860821_n07_v1.1_n.bin']
North,1986,8,23,7.722,0, ['/ecs/DP1/PM/NSIDC-0051.001/1986.08.23/nt_19860823_n07_v1.1_n.bin']
North,1986,8,25,7.661,0, ['/ecs/DP1/PM/NSIDC-0051.001/1986.08.25/nt_19860825_n07_v1.1_n.bin']
North,1986,8,27,7.577,0, ['/ecs/DP1/PM/NSIDC-0051.001/1986.08.27/nt_19860827_n07_v1.1_n.bin']
North,1986,8,29,7.498,0, ['/ecs/DP1/PM/NSIDC-0051.001/1986.08.29/nt_19860829_n07_v1.1_n.bin']
North,1986,8,31,7.42,0, ['/ecs/DP1/PM/NSIDC-0051.001/1986.08.31/nt_19860831_n07_v1.1_n.bin']
North,1986,9,2,7.229,0, ['/ecs/DP1/PM/NSIDC-0051.001/1986.09.02/nt_19860902_n07_v1.1_n.bin']
North,1986,9,4,7.21,0, ['/ecs/DP1/PM/NSIDC-0051.001/1986.09.04/nt_19860904_n07_v1.1_n.bin']
North,1986,9,6,7.122,0, ['/ecs/DP1/PM/NSIDC-0051.001/1986.09.06/nt_19860906_n07_v1.1_n.bin']
North,1986,9,8,7.192,0, ['/ecs/DP1/PM/NSIDC-0051.001/1986.09.08/nt_19860908_n07_v1.1_n.bin']
North,1986,9,10,7.187,0, ['/ecs/DP1/PM/NSIDC-0051.001/1986.09.10/nt_19860910_n07_v1.1_n.bin']
North,1986,9,12,7.214,0, ['/ecs/DP1/PM/NSIDC-0051.001/1986.09.12/nt_19860912_n07_v1.1_n.bin']
North,1986,9,14,7.3,0, ['/ecs/DP1/PM/NSIDC-0051.001/1986.09.14/nt_19860914_n07_v1.1_n.bin']
North,1986,9,16,7.328,0, ['/ecs/DP1/PM/NSIDC-0051.001/1986.09.16/nt_19860916_n07_v1.1_n.bin']
North,1986,9,18,7.398,0, ['/ecs/DP1/PM/NSIDC-0051.001/1986.09.18/nt_19860918_n07_v1.1_n.bin']
North,1986,9,20,7.443,0, ['/ecs/DP1/PM/NSIDC-0051.001/1986.09.20/nt_19860920_n07_v1.1_n.bin']
North,1986,9,22,7.537,0, ['/ecs/DP1/PM/NSIDC-0051.001/1986.09.22/nt_19860922_n07_v1.1_n.bin']
North,1986,9,24,7.529,0, ['/ecs/DP1/PM/NSIDC-0051.001/1986.09.24/nt_19860924_n07_v1.1_n.bin']
North,1986,9,26,7.724,0, ['/ecs/DP1/PM/NSIDC-0051.001/1986.09.26/nt_19860926_n07_v1.1_n.bin']
North,1986,9,28,7.773,0, ['/ecs/DP1/PM/NSIDC-0051.001/1986.09.28/nt_19860928_n07_v1.1_n.bin']
North,1986,9,30,7.974,0, ['/ecs/DP1/PM/NSIDC-0051.001/1986.09.30/nt_19860930_n07_v1.1_n.bin']
North,1986,10,2,8.338,0, ['/ecs/DP1/PM/NSIDC-0051.001/1986.10.02/nt_19861002_n07_v1.1_n.bin']
North,1986,10,4,8.659,0, ['/ecs/DP1/PM/NSIDC-0051.001/1986.10.04/nt_19861004_n07_v1.1_n.bin']
North,1986,10,6,8.827,0, ['/ecs/DP1/PM/NSIDC-0051.001/1986.10.06/nt_19861006_n07_v1.1_n.bin']
North,1986,10,8,9.025,0, ['/ecs/DP1/PM/NSIDC-0051.001/1986.10.08/nt_19861008_n07_v1.1_n.bin']
North,1986,10,10,9.12,0, ['/ecs/DP1/PM/NSIDC-0051.001/1986.10.10/nt_19861010_n07_v1.1_n.bin']
North,1986,10,12,9.267,0, ['/ecs/DP1/PM/NSIDC-0051.001/1986.10.12/nt_19861012_n07_v1.1_n.bin']
North,1986,10,14,9.4,0, ['/ecs/DP1/PM/NSIDC-0051.001/1986.10.14/nt_19861014_n07_v1.1_n.bin']
North,1986,10,16,9.528,0, ['/ecs/DP1/PM/NSIDC-0051.001/1986.10.16/nt_19861016_n07_v1.1_n.bin']
North,1986,10,18,9.725,0, ['/ecs/DP1/PM/NSIDC-0051.001/1986.10.18/nt_19861018_n07_v1.1_n.bin']
North,1986,10,20,9.897,0, ['/ecs/DP1/PM/NSIDC-0051.001/1986.10.20/nt_19861020_n07_v1.1_n.bin']
North,1986,10,22,9.986,0, ['/ecs/DP1/PM/NSIDC-0051.001/1986.10.22/nt_19861022_n07_v1.1_n.bin']
North,1986,10,24,10.005,0, ['/ecs/DP1/PM/NSIDC-0051.001/1986.10.24/nt_19861024_n07_v1.1_n.bin']
North,1986,10,26,10.024,0, ['/ecs/DP1/PM/NSIDC-0051.001/1986.10.26/nt_19861026_n07_v1.1_n.bin']
North,1986,10,28,10.141,0, ['/ecs/DP1/PM/NSIDC-0051.001/1986.10.28/nt_19861028_n07_v1.1_n.bin']
North,1986,10,30,10.317,0, ['/ecs/DP1/PM/NSIDC-0051.001/1986.10.30/nt_19861030_n07_v1.1_n.bin']
North,1986,11,1,10.473,0, ['/ecs/DP1/PM/NSIDC-0051.001/1986.11.01/nt_19861101_n07_v1.1_n.bin']
North,1986,11,3,10.506,0, ['/ecs/DP1/PM/NSIDC-0051.001/1986.11.03/nt_19861103_n07_v1.1_n.bin']
North,1986,11,5,10.639,0, ['/ecs/DP1/PM/NSIDC-0051.001/1986.11.05/nt_19861105_n07_v1.1_n.bin']
North,1986,11,7,10.874,0, ['/ecs/DP1/PM/NSIDC-0051.001/1986.11.07/nt_19861107_n07_v1.1_n.bin']
North,1986,11,9,11.03,0, ['/ecs/DP1/PM/NSIDC-0051.001/1986.11.09/nt_19861109_n07_v1.1_n.bin']
North,1986,11,11,11.093,0, ['/ecs/DP1/PM/NSIDC-0051.001/1986.11.11/nt_19861111_n07_v1.1_n.bin']
North,1986,11,13,11.484,0, ['/ecs/DP1/PM/NSIDC-0051.001/1986.11.13/nt_19861113_n07_v1.1_n.bin']
North,1986,11,15,11.741,0, ['/ecs/DP1/PM/NSIDC-0051.001/1986.11.15/nt_19861115_n07_v1.1_n.bin']
North,1986,11,17,11.735,0, ['/ecs/DP1/PM/NSIDC-0051.001/1986.11.17/nt_19861117_n07_v1.1_n.bin']
North,1986,11,19,11.796,0, ['/ecs/DP1/PM/NSIDC-0051.001/1986.11.19/nt_19861119_n07_v1.1_n.bin']
North,1986,11,21,11.832,0, ['/ecs/DP1/PM/NSIDC-0051.001/1986.11.21/nt_19861121_n07_v1.1_n.bin']
North,1986,11,23,11.959,0, ['/ecs/DP1/PM/NSIDC-0051.001/1986.11.23/nt_19861123_n07_v1.1_n.bin']
North,1986,11,25,12.142,0, ['/ecs/DP1/PM/NSIDC-0051.001/1986.11.25/nt_19861125_n07_v1.1_n.bin']
North,1986,11,27,12.227,0, ['/ecs/DP1/PM/NSIDC-0051.001/1986.11.27/nt_19861127_n07_v1.1_n.bin']
North,1986,11,29,12.268,0, ['/ecs/DP1/PM/NSIDC-0051.001/1986.11.29/nt_19861129_n07_v1.1_n.bin']
North,1986,12,1,12.591,0, ['/ecs/DP1/PM/NSIDC-0051.001/1986.12.01/nt_19861201_n07_v1.1_n.bin']
North,1986,12,3,12.649,0, ['/ecs/DP1/PM/NSIDC-0051.001/1986.12.03/nt_19861203_n07_v1.1_n.bin']
North,1986,12,5,12.717,0, ['/ecs/DP1/PM/NSIDC-0051.001/1986.12.05/nt_19861205_n07_v1.1_n.bin']
North,1986,12,7,12.775,0, ['/ecs/DP1/PM/NSIDC-0051.001/1986.12.07/nt_19861207_n07_v1.1_n.bin']
North,1986,12,9,12.822,0, ['/ecs/DP1/PM/NSIDC-0051.001/1986.12.09/nt_19861209_n07_v1.1_n.bin']
North,1986,12,11,12.88,0, ['/ecs/DP1/PM/NSIDC-0051.001/1986.12.11/nt_19861211_n07_v1.1_n.bin']
North,1986,12,13,12.903,0, ['/ecs/DP1/PM/NSIDC-0051.001/1986.12.13/nt_19861213_n07_v1.1_n.bin']
North,1986,12,15,13.03,0, ['/ecs/DP1/PM/NSIDC-0051.001/1986.12.15/nt_19861215_n07_v1.1_n.bin']
North,1986,12,17,13.17,0, ['/ecs/DP1/PM/NSIDC-0051.001/1986.12.17/nt_19861217_n07_v1.1_n.bin']
North,1986,12,19,13.373,0, ['/ecs/DP1/PM/NSIDC-0051.001/1986.12.19/nt_19861219_n07_v1.1_n.bin']
North,1986,12,21,13.523,0, ['/ecs/DP1/PM/NSIDC-0051.001/1986.12.21/nt_19861221_n07_v1.1_n.bin']
North,1986,12,23,13.672,0, ['/ecs/DP1/PM/NSIDC-0051.001/1986.12.23/nt_19861223_n07_v1.1_n.bin']
North,1986,12,25,13.695,0, ['/ecs/DP1/PM/NSIDC-0051.001/1986.12.25/nt_19861225_n07_v1.1_n.bin']
North,1986,12,27,13.766,0, ['/ecs/DP1/PM/NSIDC-0051.001/1986.12.27/nt_19861227_n07_v1.1_n.bin']
North,1986,12,29,13.904,0, ['/ecs/DP1/PM/NSIDC-0051.001/1986.12.29/nt_19861229_n07_v1.1_n.bin']
North,1986,12,31,14.089,0, ['/ecs/DP1/PM/NSIDC-0051.001/1986.12.31/nt_19861231_n07_v1.1_n.bin']
North,1987,1,2,14.305,0, ['/ecs/DP1/PM/NSIDC-0051.001/1987.01.02/nt_19870102_n07_v1.1_n.bin']
North,1987,1,4,14.417,0, ['/ecs/DP1/PM/NSIDC-0051.001/1987.01.04/nt_19870104_n07_v1.1_n.bin']
North,1987,1,6,14.515,0, ['/ecs/DP1/PM/NSIDC-0051.001/1987.01.06/nt_19870106_n07_v1.1_n.bin']
North,1987,1,8,14.688,0, ['/ecs/DP1/PM/NSIDC-0051.001/1987.01.08/nt_19870108_n07_v1.1_n.bin']
North,1987,1,10,14.692,0, ['/ecs/DP1/PM/NSIDC-0051.001/1987.01.10/nt_19870110_n07_v1.1_n.bin']
North,1987,1,12,14.771,0, ['/ecs/DP1/PM/NSIDC-0051.001/1987.01.12/nt_19870112_n07_v1.1_n.bin']
North,1987,1,14,14.732,0, ['/ecs/DP1/PM/NSIDC-0051.001/1987.01.14/nt_19870114_n07_v1.1_n.bin']
North,1987,1,16,14.797,0, ['/ecs/DP1/PM/NSIDC-0051.001/1987.01.16/nt_19870116_n07_v1.1_n.bin']
North,1987,1,18,14.943,0, ['/ecs/DP1/PM/NSIDC-0051.001/1987.01.18/nt_19870118_n07_v1.1_n.bin']
North,1987,1,20,15.022,0, ['/ecs/DP1/PM/NSIDC-0051.001/1987.01.20/nt_19870120_n07_v1.1_n.bin']
North,1987,1,22,15.299,0, ['/ecs/DP1/PM/NSIDC-0051.001/1987.01.22/nt_19870122_n07_v1.1_n.bin']
North,1987,1,24,15.408,0, ['/ecs/DP1/PM/NSIDC-0051.001/1987.01.24/nt_19870124_n07_v1.1_n.bin']
North,1987,1,26,15.55,0, ['/ecs/DP1/PM/NSIDC-0051.001/1987.01.26/nt_19870126_n07_v1.1_n.bin']
North,1987,1,28,15.621,0, ['/ecs/DP1/PM/NSIDC-0051.001/1987.01.28/nt_19870128_n07_v1.1_n.bin']
North,1987,1,30,15.787,0, ['/ecs/DP1/PM/NSIDC-0051.001/1987.01.30/nt_19870130_n07_v1.1_n.bin']
North,1987,2,1,15.81,0, ['/ecs/DP1/PM/NSIDC-0051.001/1987.02.01/nt_19870201_n07_v1.1_n.bin']
North,1987,2,3,15.898,0, ['/ecs/DP1/PM/NSIDC-0051.001/1987.02.03/nt_19870203_n07_v1.1_n.bin']
North,1987,2,5,15.877,0, ['/ecs/DP1/PM/NSIDC-0051.001/1987.02.05/nt_19870205_n07_v1.1_n.bin']
North,1987,2,7,15.94,0, ['/ecs/DP1/PM/NSIDC-0051.001/1987.02.07/nt_19870207_n07_v1.1_n.bin']
North,1987,2,9,15.934,0, ['/ecs/DP1/PM/NSIDC-0051.001/1987.02.09/nt_19870209_n07_v1.1_n.bin']
North,1987,2,11,15.9,0, ['/ecs/DP1/PM/NSIDC-0051.001/1987.02.11/nt_19870211_n07_v1.1_n.bin']
North,1987,2,13,15.952,0, ['/ecs/DP1/PM/NSIDC-0051.001/1987.02.13/nt_19870213_n07_v1.1_n.bin']
North,1987,2,15,15.977,0, ['/ecs/DP1/PM/NSIDC-0051.001/1987.02.15/nt_19870215_n07_v1.1_n.bin']
North,1987,2,17,16.169,0, ['/ecs/DP1/PM/NSIDC-0051.001/1987.02.17/nt_19870217_n07_v1.1_n.bin']
North,1987,2,19,16.136,0, ['/ecs/DP1/PM/NSIDC-0051.001/1987.02.19/nt_19870219_n07_v1.1_n.bin']
North,1987,2,21,16.293,0, ['/ecs/DP1/PM/NSIDC-0051.001/1987.02.21/nt_19870221_n07_v1.1_n.bin']
North,1987,2,23,16.275,0, ['/ecs/DP1/PM/NSIDC-0051.001/1987.02.23/nt_19870223_n07_v1.1_n.bin']
North,1987,2,25,16.276,0, ['/ecs/DP1/PM/NSIDC-0051.001/1987.02.25/nt_19870225_n07_v1.1_n.bin']
North,1987,2,27,16.265,0, ['/ecs/DP1/PM/NSIDC-0051.001/1987.02.27/nt_19870227_n07_v1.1_n.bin']
North,1987,3,1,16.059,0, ['/ecs/DP1/PM/NSIDC-0051.001/1987.03.01/nt_19870301_n07_v1.1_n.bin']
North,1987,3,3,15.874,0, ['/ecs/DP1/PM/NSIDC-0051.001/1987.03.03/nt_19870303_n07_v1.1_n.bin']
North,1987,3,5,15.936,0, ['/ecs/DP1/PM/NSIDC-0051.001/1987.03.05/nt_19870305_n07_v1.1_n.bin']
North,1987,3,7,15.78,0, ['/ecs/DP1/PM/NSIDC-0051.001/1987.03.07/nt_19870307_n07_v1.1_n.bin']
North,1987,3,9,15.713,0, ['/ecs/DP1/PM/NSIDC-0051.001/1987.03.09/nt_19870309_n07_v1.1_n.bin']
North,1987,3,11,15.778,0, ['/ecs/DP1/PM/NSIDC-0051.001/1987.03.11/nt_19870311_n07_v1.1_n.bin']
North,1987,3,13,15.844,0, ['/ecs/DP1/PM/NSIDC-0051.001/1987.03.13/nt_19870313_n07_v1.1_n.bin']
North,1987,3,15,15.902,0, ['/ecs/DP1/PM/NSIDC-0051.001/1987.03.15/nt_19870315_n07_v1.1_n.bin']
North,1987,3,17,15.886,0, ['/ecs/DP1/PM/NSIDC-0051.001/1987.03.17/nt_19870317_n07_v1.1_n.bin']
North,1987,3,19,15.75,0, ['/ecs/DP1/PM/NSIDC-0051.001/1987.03.19/nt_19870319_n07_v1.1_n.bin']
North,1987,3,21,15.78,0, ['/ecs/DP1/PM/NSIDC-0051.001/1987.03.21/nt_19870321_n07_v1.1_n.bin']
North,1987,3,23,15.778,0, ['/ecs/DP1/PM/NSIDC-0051.001/1987.03.23/nt_19870323_n07_v1.1_n.bin']
North,1987,3,25,15.708,0, ['/ecs/DP1/PM/NSIDC-0051.001/1987.03.25/nt_19870325_n07_v1.1_n.bin']
North,1987,3,27,15.754,0, ['/ecs/DP1/PM/NSIDC-0051.001/1987.03.27/nt_19870327_n07_v1.1_n.bin']
North,1987,3,29,15.804,0, ['/ecs/DP1/PM/NSIDC-0051.001/1987.03.29/nt_19870329_n07_v1.1_n.bin']
North,1987,3,31,15.709,0, ['/ecs/DP1/PM/NSIDC-0051.001/1987.03.31/nt_19870331_n07_v1.1_n.bin']
North,1987,4,2,15.626,0, ['/ecs/DP1/PM/NSIDC-0051.001/1987.04.02/nt_19870402_n07_v1.1_n.bin']
North,1987,4,4,15.506,0, ['/ecs/DP1/PM/NSIDC-0051.001/1987.04.04/nt_19870404_n07_v1.1_n.bin']
North,1987,4,6,15.539,0, ['/ecs/DP1/PM/NSIDC-0051.001/1987.04.06/nt_19870406_n07_v1.1_n.bin']
North,1987,4,8,15.541,0, ['/ecs/DP1/PM/NSIDC-0051.001/1987.04.08/nt_19870408_n07_v1.1_n.bin']
North,1987,4,10,15.573,0, ['/ecs/DP1/PM/NSIDC-0051.001/1987.04.10/nt_19870410_n07_v1.1_n.bin']
North,1987,4,12,15.408,0, ['/ecs/DP1/PM/NSIDC-0051.001/1987.04.12/nt_19870412_n07_v1.1_n.bin']
North,1987,4,14,15.374,0, ['/ecs/DP1/PM/NSIDC-0051.001/1987.04.14/nt_19870414_n07_v1.1_n.bin']
North,1987,4,16,15.414,0, ['/ecs/DP1/PM/NSIDC-0051.001/1987.04.16/nt_19870416_n07_v1.1_n.bin']
North,1987,4,18,15.247,0, ['/ecs/DP1/PM/NSIDC-0051.001/1987.04.18/nt_19870418_n07_v1.1_n.bin']
North,1987,4,20,15.151,0, ['/ecs/DP1/PM/NSIDC-0051.001/1987.04.20/nt_19870420_n07_v1.1_n.bin']
North,1987,4,22,14.991,0, ['/ecs/DP1/PM/NSIDC-0051.001/1987.04.22/nt_19870422_n07_v1.1_n.bin']
North,1987,4,24,14.869,0, ['/ecs/DP1/PM/NSIDC-0051.001/1987.04.24/nt_19870424_n07_v1.1_n.bin']
North,1987,4,26,14.742,0, ['/ecs/DP1/PM/NSIDC-0051.001/1987.04.26/nt_19870426_n07_v1.1_n.bin']
North,1987,4,28,14.629,0, ['/ecs/DP1/PM/NSIDC-0051.001/1987.04.28/nt_19870428_n07_v1.1_n.bin']
North,1987,4,30,14.553,0, ['/ecs/DP1/PM/NSIDC-0051.001/1987.04.30/nt_19870430_n07_v1.1_n.bin']
North,1987,5,2,14.292,0, ['/ecs/DP1/PM/NSIDC-0051.001/1987.05.02/nt_19870502_n07_v1.1_n.bin']
North,1987,5,4,14.241,0, ['/ecs/DP1/PM/NSIDC-0051.001/1987.05.04/nt_19870504_n07_v1.1_n.bin']
North,1987,5,6,14.118,0, ['/ecs/DP1/PM/NSIDC-0051.001/1987.05.06/nt_19870506_n07_v1.1_n.bin']
North,1987,5,8,13.996,0, ['/ecs/DP1/PM/NSIDC-0051.001/1987.05.08/nt_19870508_n07_v1.1_n.bin']
North,1987,5,10,13.932,0, ['/ecs/DP1/PM/NSIDC-0051.001/1987.05.10/nt_19870510_n07_v1.1_n.bin']
North,1987,5,12,13.886,0, ['/ecs/DP1/PM/NSIDC-0051.001/1987.05.12/nt_19870512_n07_v1.1_n.bin']
North,1987,5,14,13.806,0, ['/ecs/DP1/PM/NSIDC-0051.001/1987.05.14/nt_19870514_n07_v1.1_n.bin']
North,1987,5,16,13.735,0, ['/ecs/DP1/PM/NSIDC-0051.001/1987.05.16/nt_19870516_n07_v1.1_n.bin']
North,1987,5,18,13.72,0, ['/ecs/DP1/PM/NSIDC-0051.001/1987.05.18/nt_19870518_n07_v1.1_n.bin']
North,1987,5,20,13.596,0, ['/ecs/DP1/PM/NSIDC-0051.001/1987.05.20/nt_19870520_n07_v1.1_n.bin']
North,1987,5,22,13.406,0, ['/ecs/DP1/PM/NSIDC-0051.001/1987.05.22/nt_19870522_n07_v1.1_n.bin']
North,1987,5,24,13.417,0, ['/ecs/DP1/PM/NSIDC-0051.001/1987.05.24/nt_19870524_n07_v1.1_n.bin']
North,1987,5,26,13.423,0, ['/ecs/DP1/PM/NSIDC-0051.001/1987.05.26/nt_19870526_n07_v1.1_n.bin']
North,1987,5,28,13.342,0, ['/ecs/DP1/PM/NSIDC-0051.001/1987.05.28/nt_19870528_n07_v1.1_n.bin']
North,1987,5,30,13.234,0, ['/ecs/DP1/PM/NSIDC-0051.001/1987.05.30/nt_19870530_n07_v1.1_n.bin']
North,1987,6,1,13.042,0, ['/ecs/DP1/PM/NSIDC-0051.001/1987.06.01/nt_19870601_n07_v1.1_n.bin']
North,1987,6,3,12.995,0, ['/ecs/DP1/PM/NSIDC-0051.001/1987.06.03/nt_19870603_n07_v1.1_n.bin']
North,1987,6,5,12.866,0, ['/ecs/DP1/PM/NSIDC-0051.001/1987.06.05/nt_19870605_n07_v1.1_n.bin']
North,1987,6,7,12.739,0, ['/ecs/DP1/PM/NSIDC-0051.001/1987.06.07/nt_19870607_n07_v1.1_n.bin']
North,1987,6,9,12.677,0, ['/ecs/DP1/PM/NSIDC-0051.001/1987.06.09/nt_19870609_n07_v1.1_n.bin']
North,1987,6,11,12.658,0, ['/ecs/DP1/PM/NSIDC-0051.001/1987.06.11/nt_19870611_n07_v1.1_n.bin']
North,1987,6,13,12.553,0, ['/ecs/DP1/PM/NSIDC-0051.001/1987.06.13/nt_19870613_n07_v1.1_n.bin']
North,1987,6,15,12.482,0, ['/ecs/DP1/PM/NSIDC-0051.001/1987.06.15/nt_19870615_n07_v1.1_n.bin']
North,1987,6,17,12.474,0, ['/ecs/DP1/PM/NSIDC-0051.001/1987.06.17/nt_19870617_n07_v1.1_n.bin']
North,1987,6,19,12.396,0, ['/ecs/DP1/PM/NSIDC-0051.001/1987.06.19/nt_19870619_n07_v1.1_n.bin']
North,1987,6,21,12.288,0, ['/ecs/DP1/PM/NSIDC-0051.001/1987.06.21/nt_19870621_n07_v1.1_n.bin']
North,1987,6,23,12.217,0, ['/ecs/DP1/PM/NSIDC-0051.001/1987.06.23/nt_19870623_n07_v1.1_n.bin']
North,1987,6,25,12.067,0, ['/ecs/DP1/PM/NSIDC-0051.001/1987.06.25/nt_19870625_n07_v1.1_n.bin']
North,1987,6,27,11.956,0, ['/ecs/DP1/PM/NSIDC-0051.001/1987.06.27/nt_19870627_n07_v1.1_n.bin']
North,1987,6,29,11.875,0, ['/ecs/DP1/PM/NSIDC-0051.001/1987.06.29/nt_19870629_n07_v1.1_n.bin']
North,1987,7,1,11.423,0, ['/ecs/DP1/PM/NSIDC-0051.001/1987.07.01/nt_19870701_n07_v1.1_n.bin']
North,1987,7,3,11.329,0, ['/ecs/DP1/PM/NSIDC-0051.001/1987.07.03/nt_19870703_n07_v1.1_n.bin']
North,1987,7,5,11.232,0, ['/ecs/DP1/PM/NSIDC-0051.001/1987.07.05/nt_19870705_n07_v1.1_n.bin']
North,1987,7,7,11.126,0, ['/ecs/DP1/PM/NSIDC-0051.001/1987.07.07/nt_19870707_n07_v1.1_n.bin']
North,1987,7,9,11.021,0, ['/ecs/DP1/PM/NSIDC-0051.001/1987.07.09/nt_19870709_n07_v1.1_n.bin']
North,1987,7,11,10.819,0, ['/ecs/DP1/PM/NSIDC-0051.001/1987.07.11/nt_19870711_n07_v1.1_n.bin']
North,1987,7,13,10.632,0, ['/ecs/DP1/PM/NSIDC-0051.001/1987.07.13/nt_19870713_n07_v1.1_n.bin']
North,1987,7,15,10.525,0, ['/ecs/DP1/PM/NSIDC-0051.001/1987.07.15/nt_19870715_n07_v1.1_n.bin']
North,1987,7,17,10.312,0, ['/ecs/DP1/PM/NSIDC-0051.001/1987.07.17/nt_19870717_n07_v1.1_n.bin']
North,1987,7,19,10.068,0, ['/ecs/DP1/PM/NSIDC-0051.001/1987.07.19/nt_19870719_n07_v1.1_n.bin']
North,1987,7,21,9.89,0, ['/ecs/DP1/PM/NSIDC-0051.001/1987.07.21/nt_19870721_n07_v1.1_n.bin']
North,1987,7,23,9.711,0, ['/ecs/DP1/PM/NSIDC-0051.001/1987.07.23/nt_19870723_n07_v1.1_n.bin']
North,1987,7,25,9.62,0, ['/ecs/DP1/PM/NSIDC-0051.001/1987.07.25/nt_19870725_n07_v1.1_n.bin']
North,1987,7,27,9.469,0, ['/ecs/DP1/PM/NSIDC-0051.001/1987.07.27/nt_19870727_n07_v1.1_n.bin']
North,1987,7,29,9.165,0, ['/ecs/DP1/PM/NSIDC-0051.001/1987.07.29/nt_19870729_n07_v1.1_n.bin']
North,1987,7,31,8.979,0, ['/ecs/DP1/PM/NSIDC-0051.001/1987.07.31/nt_19870731_n07_v1.1_n.bin']
North,1987,8,2,8.67,0, ['/ecs/DP1/PM/NSIDC-0051.001/1987.08.02/nt_19870802_n07_v1.1_n.bin']
North,1987,8,4,8.371,0, ['/ecs/DP1/PM/NSIDC-0051.001/1987.08.04/nt_19870804_n07_v1.1_n.bin']
North,1987,8,6,8.242,0, ['/ecs/DP1/PM/NSIDC-0051.001/1987.08.06/nt_19870806_n07_v1.1_n.bin']
North,1987,8,8,8.165,0, ['/ecs/DP1/PM/NSIDC-0051.001/1987.08.08/nt_19870808_n07_v1.1_n.bin']
North,1987,8,10,8.072,0, ['/ecs/DP1/PM/NSIDC-0051.001/1987.08.10/nt_19870810_n07_v1.1_n.bin']
North,1987,8,12,7.793,0, ['/ecs/DP1/PM/NSIDC-0051.001/1987.08.12/nt_19870812_n07_v1.1_n.bin']
North,1987,8,14,7.557,0, ['/ecs/DP1/PM/NSIDC-0051.001/1987.08.14/nt_19870814_n07_v1.1_n.bin']
North,1987,8,16,7.382,0, ['/ecs/DP1/PM/NSIDC-0051.001/1987.08.16/nt_19870816_n07_v1.1_n.bin']
North,1987,8,18,7.39,0, ['/ecs/DP1/PM/NSIDC-0051.001/1987.08.18/nt_19870818_n07_v1.1_n.bin']
North,1987,8,20,7.319,0, ['/ecs/DP1/PM/NSIDC-0051.001/1987.08.20/nt_19870820_n07_v1.1_n.bin']
North,1987,8,21,7.21,0, ['/ecs/DP1/PM/NSIDC-0051.001/1987.08.21/nt_19870821_f08_v1.1_n.bin']
North,1987,8,22,7.21,0, ['/ecs/DP1/PM/NSIDC-0051.001/1987.08.22/nt_19870822_f08_v1.1_n.bin']
North,1987,8,23,7.265,0, ['/ecs/DP1/PM/NSIDC-0051.001/1987.08.23/nt_19870823_f08_v1.1_n.bin']
North,1987,8,24,7.216,0, ['/ecs/DP1/PM/NSIDC-0051.001/1987.08.24/nt_19870824_f08_v1.1_n.bin']
North,1987,8,25,7.157,0, ['/ecs/DP1/PM/NSIDC-0051.001/1987.08.25/nt_19870825_f08_v1.1_n.bin']
North,1987,8,26,7.145,0, ['/ecs/DP1/PM/NSIDC-0051.001/1987.08.26/nt_19870826_f08_v1.1_n.bin']
North,1987,8,27,7.079,0, ['/ecs/DP1/PM/NSIDC-0051.001/1987.08.27/nt_19870827_f08_v1.1_n.bin']
North,1987,8,28,7.123,0, ['/ecs/DP1/PM/NSIDC-0051.001/1987.08.28/nt_19870828_f08_v1.1_n.bin']
North,1987,8,29,7.041,0, ['/ecs/DP1/PM/NSIDC-0051.001/1987.08.29/nt_19870829_f08_v1.1_n.bin']
North,1987,8,30,7.019,0, ['/ecs/DP1/PM/NSIDC-0051.001/1987.08.30/nt_19870830_f08_v1.1_n.bin']
North,1987,8,31,7.072,0, ['/ecs/DP1/PM/NSIDC-0051.001/1987.08.31/nt_19870831_f08_v1.1_n.bin']
North,1987,9,1,6.967,0, ['/ecs/DP1/PM/NSIDC-0051.001/1987.09.01/nt_19870901_f08_v1.1_n.bin']
North,1987,9,2,6.89,0, ['/ecs/DP1/PM/NSIDC-0051.001/1987.09.02/nt_19870902_f08_v1.1_n.bin']
North,1987,9,3,6.909,0, ['/ecs/DP1/PM/NSIDC-0051.001/1987.09.03/nt_19870903_f08_v1.1_n.bin']
North,1987,9,4,7.008,0, ['/ecs/DP1/PM/NSIDC-0051.001/1987.09.04/nt_19870904_f08_v1.1_n.bin']
North,1987,9,5,7.041,0, ['/ecs/DP1/PM/NSIDC-0051.001/1987.09.05/nt_19870905_f08_v1.1_n.bin']
North,1987,9,6,7.059,0, ['/ecs/DP1/PM/NSIDC-0051.001/1987.09.06/nt_19870906_f08_v1.1_n.bin']
North,1987,9,7,7.087,0, ['/ecs/DP1/PM/NSIDC-0051.001/1987.09.07/nt_19870907_f08_v1.1_n.bin']
North,1987,9,8,7.041,0, ['/ecs/DP1/PM/NSIDC-0051.001/1987.09.08/nt_19870908_f08_v1.1_n.bin']
North,1987,9,9,7.145,0, ['/ecs/DP1/PM/NSIDC-0051.001/1987.09.09/nt_19870909_f08_v1.1_n.bin']
North,1987,9,10,7.106,0, ['/ecs/DP1/PM/NSIDC-0051.001/1987.09.10/nt_19870910_f08_v1.1_n.bin']
North,1987,9,11,7.121,0, ['/ecs/DP1/PM/NSIDC-0051.001/1987.09.11/nt_19870911_f08_v1.1_n.bin']
North,1987,9,12,7.127,0, ['/ecs/DP1/PM/NSIDC-0051.001/1987.09.12/nt_19870912_f08_v1.1_n.bin']
North,1987,9,13,7.174,0, ['/ecs/DP1/PM/NSIDC-0051.001/1987.09.13/nt_19870913_f08_v1.1_n.bin']
North,1987,9,14,7.19,0, ['/ecs/DP1/PM/NSIDC-0051.001/1987.09.14/nt_19870914_f08_v1.1_n.bin']
North,1987,9,15,7.177,0, ['/ecs/DP1/PM/NSIDC-0051.001/1987.09.15/nt_19870915_f08_v1.1_n.bin']
North,1987,9,16,7.117,0, ['/ecs/DP1/PM/NSIDC-0051.001/1987.09.16/nt_19870916_f08_v1.1_n.bin']
North,1987,9,17,7.223,0, ['/ecs/DP1/PM/NSIDC-0051.001/1987.09.17/nt_19870917_f08_v1.1_n.bin']
North,1987,9,18,7.205,0, ['/ecs/DP1/PM/NSIDC-0051.001/1987.09.18/nt_19870918_f08_v1.1_n.bin']
North,1987,9,19,7.233,0, ['/ecs/DP1/PM/NSIDC-0051.001/1987.09.19/nt_19870919_f08_v1.1_n.bin']
North,1987,9,20,7.353,0, ['/ecs/DP1/PM/NSIDC-0051.001/1987.09.20/nt_19870920_f08_v1.1_n.bin']
North,1987,9,21,7.397,0, ['/ecs/DP1/PM/NSIDC-0051.001/1987.09.21/nt_19870921_f08_v1.1_n.bin']
North,1987,9,22,7.459,0, ['/ecs/DP1/PM/NSIDC-0051.001/1987.09.22/nt_19870922_f08_v1.1_n.bin']
North,1987,9,23,7.51,0, ['/ecs/DP1/PM/NSIDC-0051.001/1987.09.23/nt_19870923_f08_v1.1_n.bin']
North,1987,9,24,7.571,0, ['/ecs/DP1/PM/NSIDC-0051.001/1987.09.24/nt_19870924_f08_v1.1_n.bin']
North,1987,9,25,7.648,0, ['/ecs/DP1/PM/NSIDC-0051.001/1987.09.25/nt_19870925_f08_v1.1_n.bin']
North,1987,9,26,7.665,0, ['/ecs/DP1/PM/NSIDC-0051.001/1987.09.26/nt_19870926_f08_v1.1_n.bin']
North,1987,9,27,7.653,0, ['/ecs/DP1/PM/NSIDC-0051.001/1987.09.27/nt_19870927_f08_v1.1_n.bin']
North,1987,9,28,7.694,0, ['/ecs/DP1/PM/NSIDC-0051.001/1987.09.28/nt_19870928_f08_v1.1_n.bin']
North,1987,9,29,7.757,0, ['/ecs/DP1/PM/NSIDC-0051.001/1987.09.29/nt_19870929_f08_v1.1_n.bin']
North,1987,9,30,7.834,0, ['/ecs/DP1/PM/NSIDC-0051.001/1987.09.30/nt_19870930_f08_v1.1_n.bin']
North,1987,10,1,8.039,0, ['/ecs/DP1/PM/NSIDC-0051.001/1987.10.01/nt_19871001_f08_v1.1_n.bin']
North,1987,10,2,8.221,0, ['/ecs/DP1/PM/NSIDC-0051.001/1987.10.02/nt_19871002_f08_v1.1_n.bin']
North,1987,10,3,8.311,0, ['/ecs/DP1/PM/NSIDC-0051.001/1987.10.03/nt_19871003_f08_v1.1_n.bin']
North,1987,10,4,8.508,0, ['/ecs/DP1/PM/NSIDC-0051.001/1987.10.04/nt_19871004_f08_v1.1_n.bin']
North,1987,10,5,8.486,0, ['/ecs/DP1/PM/NSIDC-0051.001/1987.10.05/nt_19871005_f08_v1.1_n.bin']
North,1987,10,6,8.587,0, ['/ecs/DP1/PM/NSIDC-0051.001/1987.10.06/nt_19871006_f08_v1.1_n.bin']
North,1987,10,7,8.635,0, ['/ecs/DP1/PM/NSIDC-0051.001/1987.10.07/nt_19871007_f08_v1.1_n.bin']
North,1987,10,8,8.675,0, ['/ecs/DP1/PM/NSIDC-0051.001/1987.10.08/nt_19871008_f08_v1.1_n.bin']
North,1987,10,9,8.691,0, ['/ecs/DP1/PM/NSIDC-0051.001/1987.10.09/nt_19871009_f08_v1.1_n.bin']
North,1987,10,10,8.851,0, ['/ecs/DP1/PM/NSIDC-0051.001/1987.10.10/nt_19871010_f08_v1.1_n.bin']
North,1987,10,11,8.874,0, ['/ecs/DP1/PM/NSIDC-0051.001/1987.10.11/nt_19871011_f08_v1.1_n.bin']
North,1987,10,12,8.837,0, ['/ecs/DP1/PM/NSIDC-0051.001/1987.10.12/nt_19871012_f08_v1.1_n.bin']
North,1987,10,13,8.984,0, ['/ecs/DP1/PM/NSIDC-0051.001/1987.10.13/nt_19871013_f08_v1.1_n.bin']
North,1987,10,14,9.088,0, ['/ecs/DP1/PM/NSIDC-0051.001/1987.10.14/nt_19871014_f08_v1.1_n.bin']
North,1987,10,15,8.996,0, ['/ecs/DP1/PM/NSIDC-0051.001/1987.10.15/nt_19871015_f08_v1.1_n.bin']
North,1987,10,16,8.997,0, ['/ecs/DP1/PM/NSIDC-0051.001/1987.10.16/nt_19871016_f08_v1.1_n.bin']
North,1987,10,17,9.04,0, ['/ecs/DP1/PM/NSIDC-0051.001/1987.10.17/nt_19871017_f08_v1.1_n.bin']
North,1987,10,18,9.046,0, ['/ecs/DP1/PM/NSIDC-0051.001/1987.10.18/nt_19871018_f08_v1.1_n.bin']
North,1987,10,19,9.141,0, ['/ecs/DP1/PM/NSIDC-0051.001/1987.10.19/nt_19871019_f08_v1.1_n.bin']
North,1987,10,20,9.228,0, ['/ecs/DP1/PM/NSIDC-0051.001/1987.10.20/nt_19871020_f08_v1.1_n.bin']
North,1987,10,21,9.322,0, ['/ecs/DP1/PM/NSIDC-0051.001/1987.10.21/nt_19871021_f08_v1.1_n.bin']
North,1987,10,22,9.441,0, ['/ecs/DP1/PM/NSIDC-0051.001/1987.10.22/nt_19871022_f08_v1.1_n.bin']
North,1987,10,23,9.471,0, ['/ecs/DP1/PM/NSIDC-0051.001/1987.10.23/nt_19871023_f08_v1.1_n.bin']
North,1987,10,24,9.498,0, ['/ecs/DP1/PM/NSIDC-0051.001/1987.10.24/nt_19871024_f08_v1.1_n.bin']
North,1987,10,25,9.468,0, ['/ecs/DP1/PM/NSIDC-0051.001/1987.10.25/nt_19871025_f08_v1.1_n.bin']
North,1987,10,26,9.448,0, ['/ecs/DP1/PM/NSIDC-0051.001/1987.10.26/nt_19871026_f08_v1.1_n.bin']
North,1987,10,27,9.478,0, ['/ecs/DP1/PM/NSIDC-0051.001/1987.10.27/nt_19871027_f08_v1.1_n.bin']
North,1987,10,28,9.587,0, ['/ecs/DP1/PM/NSIDC-0051.001/1987.10.28/nt_19871028_f08_v1.1_n.bin']
North,1987,10,29,9.709,0, ['/ecs/DP1/PM/NSIDC-0051.001/1987.10.29/nt_19871029_f08_v1.1_n.bin']
North,1987,10,30,9.867,0, ['/ecs/DP1/PM/NSIDC-0051.001/1987.10.30/nt_19871030_f08_v1.1_n.bin']
North,1987,10,31,9.988,0, ['/ecs/DP1/PM/NSIDC-0051.001/1987.10.31/nt_19871031_f08_v1.1_n.bin']
North,1987,11,1,10.163,0, ['/ecs/DP1/PM/NSIDC-0051.001/1987.11.01/nt_19871101_f08_v1.1_n.bin']
North,1987,11,2,10.214,0, ['/ecs/DP1/PM/NSIDC-0051.001/1987.11.02/nt_19871102_f08_v1.1_n.bin']
North,1987,11,3,10.256,0, ['/ecs/DP1/PM/NSIDC-0051.001/1987.11.03/nt_19871103_f08_v1.1_n.bin']
North,1987,11,4,10.297,0, ['/ecs/DP1/PM/NSIDC-0051.001/1987.11.04/nt_19871104_f08_v1.1_n.bin']
North,1987,11,5,10.381,0, ['/ecs/DP1/PM/NSIDC-0051.001/1987.11.05/nt_19871105_f08_v1.1_n.bin']
North,1987,11,6,10.404,0, ['/ecs/DP1/PM/NSIDC-0051.001/1987.11.06/nt_19871106_f08_v1.1_n.bin']
North,1987,11,7,10.482,0, ['/ecs/DP1/PM/NSIDC-0051.001/1987.11.07/nt_19871107_f08_v1.1_n.bin']
North,1987,11,8,10.599,0, ['/ecs/DP1/PM/NSIDC-0051.001/1987.11.08/nt_19871108_f08_v1.1_n.bin']
North,1987,11,9,10.679,0, ['/ecs/DP1/PM/NSIDC-0051.001/1987.11.09/nt_19871109_f08_v1.1_n.bin']
North,1987,11,10,10.771,0, ['/ecs/DP1/PM/NSIDC-0051.001/1987.11.10/nt_19871110_f08_v1.1_n.bin']
North,1987,11,11,10.89,0, ['/ecs/DP1/PM/NSIDC-0051.001/1987.11.11/nt_19871111_f08_v1.1_n.bin']
North,1987,11,12,10.973,0, ['/ecs/DP1/PM/NSIDC-0051.001/1987.11.12/nt_19871112_f08_v1.1_n.bin']
North,1987,11,13,11.139,0, ['/ecs/DP1/PM/NSIDC-0051.001/1987.11.13/nt_19871113_f08_v1.1_n.bin']
North,1987,11,14,11.203,0, ['/ecs/DP1/PM/NSIDC-0051.001/1987.11.14/nt_19871114_f08_v1.1_n.bin']
North,1987,11,15,11.302,0, ['/ecs/DP1/PM/NSIDC-0051.001/1987.11.15/nt_19871115_f08_v1.1_n.bin']
North,1987,11,16,11.436,0, ['/ecs/DP1/PM/NSIDC-0051.001/1987.11.16/nt_19871116_f08_v1.1_n.bin']
North,1987,11,17,11.508,0, ['/ecs/DP1/PM/NSIDC-0051.001/1987.11.17/nt_19871117_f08_v1.1_n.bin']
North,1987,11,18,11.448,0, ['/ecs/DP1/PM/NSIDC-0051.001/1987.11.18/nt_19871118_f08_v1.1_n.bin']
North,1987,11,19,11.485,0, ['/ecs/DP1/PM/NSIDC-0051.001/1987.11.19/nt_19871119_f08_v1.1_n.bin']
North,1987,11,20,11.592,0, ['/ecs/DP1/PM/NSIDC-0051.001/1987.11.20/nt_19871120_f08_v1.1_n.bin']
North,1987,11,21,11.635,0, ['/ecs/DP1/PM/NSIDC-0051.001/1987.11.21/nt_19871121_f08_v1.1_n.bin']
North,1987,11,22,11.712,0, ['/ecs/DP1/PM/NSIDC-0051.001/1987.11.22/nt_19871122_f08_v1.1_n.bin']
North,1987,11,23,11.745,0, ['/ecs/DP1/PM/NSIDC-0051.001/1987.11.23/nt_19871123_f08_v1.1_n.bin']
North,1987,11,24,11.847,0, ['/ecs/DP1/PM/NSIDC-0051.001/1987.11.24/nt_19871124_f08_v1.1_n.bin']
North,1987,11,25,11.934,0, ['/ecs/DP1/PM/NSIDC-0051.001/1987.11.25/nt_19871125_f08_v1.1_n.bin']
North,1987,11,26,12.003,0, ['/ecs/DP1/PM/NSIDC-0051.001/1987.11.26/nt_19871126_f08_v1.1_n.bin']
North,1987,11,27,12.073,0, ['/ecs/DP1/PM/NSIDC-0051.001/1987.11.27/nt_19871127_f08_v1.1_n.bin']
North,1987,11,28,12.137,0, ['/ecs/DP1/PM/NSIDC-0051.001/1987.11.28/nt_19871128_f08_v1.1_n.bin']
North,1987,11,29,12.185,0, ['/ecs/DP1/PM/NSIDC-0051.001/1987.11.29/nt_19871129_f08_v1.1_n.bin']
North,1987,11,30,12.228,0, ['/ecs/DP1/PM/NSIDC-0051.001/1987.11.30/nt_19871130_f08_v1.1_n.bin']
North,1987,12,1,12.497,0, ['/ecs/DP1/PM/NSIDC-0051.001/1987.12.01/nt_19871201_f08_v1.1_n.bin']
North,1987,12,2,12.584,0, ['/ecs/DP1/PM/NSIDC-0051.001/1987.12.02/nt_19871202_f08_v1.1_n.bin']
North,1988,1,13,14.826,0, ['/ecs/DP1/PM/NSIDC-0051.001/1988.01.13/nt_19880113_f08_v1.1_n.bin']
North,1988,1,14,14.854,0, ['/ecs/DP1/PM/NSIDC-0051.001/1988.01.14/nt_19880114_f08_v1.1_n.bin']
North,1988,1,15,14.973,0, ['/ecs/DP1/PM/NSIDC-0051.001/1988.01.15/nt_19880115_f08_v1.1_n.bin']
North,1988,1,16,14.987,0, ['/ecs/DP1/PM/NSIDC-0051.001/1988.01.16/nt_19880116_f08_v1.1_n.bin']
North,1988,1,17,15,0, ['/ecs/DP1/PM/NSIDC-0051.001/1988.01.17/nt_19880117_f08_v1.1_n.bin']
North,1988,1,18,15.051,0, ['/ecs/DP1/PM/NSIDC-0051.001/1988.01.18/nt_19880118_f08_v1.1_n.bin']
North,1988,1,19,15.047,0, ['/ecs/DP1/PM/NSIDC-0051.001/1988.01.19/nt_19880119_f08_v1.1_n.bin']
North,1988,1,20,15.049,0, ['/ecs/DP1/PM/NSIDC-0051.001/1988.01.20/nt_19880120_f08_v1.1_n.bin']
North,1988,1,21,15.113,0, ['/ecs/DP1/PM/NSIDC-0051.001/1988.01.21/nt_19880121_f08_v1.1_n.bin']
North,1988,1,22,15.09,0, ['/ecs/DP1/PM/NSIDC-0051.001/1988.01.22/nt_19880122_f08_v1.1_n.bin']
North,1988,1,23,15.085,0, ['/ecs/DP1/PM/NSIDC-0051.001/1988.01.23/nt_19880123_f08_v1.1_n.bin']
North,1988,1,24,15.022,0, ['/ecs/DP1/PM/NSIDC-0051.001/1988.01.24/nt_19880124_f08_v1.1_n.bin']
North,1988,1,25,15.02,0, ['/ecs/DP1/PM/NSIDC-0051.001/1988.01.25/nt_19880125_f08_v1.1_n.bin']
North,1988,1,26,15.115,0, ['/ecs/DP1/PM/NSIDC-0051.001/1988.01.26/nt_19880126_f08_v1.1_n.bin']
North,1988,1,27,15.163,0, ['/ecs/DP1/PM/NSIDC-0051.001/1988.01.27/nt_19880127_f08_v1.1_n.bin']
North,1988,1,28,15.241,0, ['/ecs/DP1/PM/NSIDC-0051.001/1988.01.28/nt_19880128_f08_v1.1_n.bin']
North,1988,1,29,15.278,0, ['/ecs/DP1/PM/NSIDC-0051.001/1988.01.29/nt_19880129_f08_v1.1_n.bin']
North,1988,1,30,15.362,0, ['/ecs/DP1/PM/NSIDC-0051.001/1988.01.30/nt_19880130_f08_v1.1_n.bin']
North,1988,1,31,15.443,0, ['/ecs/DP1/PM/NSIDC-0051.001/1988.01.31/nt_19880131_f08_v1.1_n.bin']
North,1988,2,1,15.56,0, ['/ecs/DP1/PM/NSIDC-0051.001/1988.02.01/nt_19880201_f08_v1.1_n.bin']
North,1988,2,2,15.568,0, ['/ecs/DP1/PM/NSIDC-0051.001/1988.02.02/nt_19880202_f08_v1.1_n.bin']
North,1988,2,3,15.462,0, ['/ecs/DP1/PM/NSIDC-0051.001/1988.02.03/nt_19880203_f08_v1.1_n.bin']
North,1988,2,4,15.479,0, ['/ecs/DP1/PM/NSIDC-0051.001/1988.02.04/nt_19880204_f08_v1.1_n.bin']
North,1988,2,5,15.413,0, ['/ecs/DP1/PM/NSIDC-0051.001/1988.02.05/nt_19880205_f08_v1.1_n.bin']
North,1988,2,6,15.448,0, ['/ecs/DP1/PM/NSIDC-0051.001/1988.02.06/nt_19880206_f08_v1.1_n.bin']
North,1988,2,7,15.313,0, ['/ecs/DP1/PM/NSIDC-0051.001/1988.02.07/nt_19880207_f08_v1.1_n.bin']
North,1988,2,8,15.309,0, ['/ecs/DP1/PM/NSIDC-0051.001/1988.02.08/nt_19880208_f08_v1.1_n.bin']
North,1988,2,9,15.276,0, ['/ecs/DP1/PM/NSIDC-0051.001/1988.02.09/nt_19880209_f08_v1.1_n.bin']
North,1988,2,10,15.304,0, ['/ecs/DP1/PM/NSIDC-0051.001/1988.02.10/nt_19880210_f08_v1.1_n.bin']
North,1988,2,11,15.292,0, ['/ecs/DP1/PM/NSIDC-0051.001/1988.02.11/nt_19880211_f08_v1.1_n.bin']
North,1988,2,12,15.326,0, ['/ecs/DP1/PM/NSIDC-0051.001/1988.02.12/nt_19880212_f08_v1.1_n.bin']
North,1988,2,13,15.332,0, ['/ecs/DP1/PM/NSIDC-0051.001/1988.02.13/nt_19880213_f08_v1.1_n.bin']
North,1988,2,14,15.363,0, ['/ecs/DP1/PM/NSIDC-0051.001/1988.02.14/nt_19880214_f08_v1.1_n.bin']
North,1988,2,15,15.379,0, ['/ecs/DP1/PM/NSIDC-0051.001/1988.02.15/nt_19880215_f08_v1.1_n.bin']
North,1988,2,16,15.476,0, ['/ecs/DP1/PM/NSIDC-0051.001/1988.02.16/nt_19880216_f08_v1.1_n.bin']
North,1988,2,17,15.443,0, ['/ecs/DP1/PM/NSIDC-0051.001/1988.02.17/nt_19880217_f08_v1.1_n.bin']
North,1988,2,18,15.471,0, ['/ecs/DP1/PM/NSIDC-0051.001/1988.02.18/nt_19880218_f08_v1.1_n.bin']
North,1988,2,19,15.546,0, ['/ecs/DP1/PM/NSIDC-0051.001/1988.02.19/nt_19880219_f08_v1.1_n.bin']
North,1988,2,20,15.639,0, ['/ecs/DP1/PM/NSIDC-0051.001/1988.02.20/nt_19880220_f08_v1.1_n.bin']
North,1988,2,21,15.73,0, ['/ecs/DP1/PM/NSIDC-0051.001/1988.02.21/nt_19880221_f08_v1.1_n.bin']
North,1988,2,22,15.831,0, ['/ecs/DP1/PM/NSIDC-0051.001/1988.02.22/nt_19880222_f08_v1.1_n.bin']
North,1988,2,23,16.015,0, ['/ecs/DP1/PM/NSIDC-0051.001/1988.02.23/nt_19880223_f08_v1.1_n.bin']
North,1988,2,24,15.906,0, ['/ecs/DP1/PM/NSIDC-0051.001/1988.02.24/nt_19880224_f08_v1.1_n.bin']
North,1988,2,25,15.836,0, ['/ecs/DP1/PM/NSIDC-0051.001/1988.02.25/nt_19880225_f08_v1.1_n.bin']
North,1988,2,26,15.962,0, ['/ecs/DP1/PM/NSIDC-0051.001/1988.02.26/nt_19880226_f08_v1.1_n.bin']
North,1988,2,27,16.017,0, ['/ecs/DP1/PM/NSIDC-0051.001/1988.02.27/nt_19880227_f08_v1.1_n.bin']
North,1988,2,28,16.111,0, ['/ecs/DP1/PM/NSIDC-0051.001/1988.02.28/nt_19880228_f08_v1.1_n.bin']
North,1988,2,29,16.111,0, ['/ecs/DP1/PM/NSIDC-0051.001/1988.02.29/nt_19880229_f08_v1.1_n.bin']
North,1988,3,1,16.129,0, ['/ecs/DP1/PM/NSIDC-0051.001/1988.03.01/nt_19880301_f08_v1.1_n.bin']
North,1988,3,2,16.162,0, ['/ecs/DP1/PM/NSIDC-0051.001/1988.03.02/nt_19880302_f08_v1.1_n.bin']
North,1988,3,3,16.179,0, ['/ecs/DP1/PM/NSIDC-0051.001/1988.03.03/nt_19880303_f08_v1.1_n.bin']
North,1988,3,4,16.099,0, ['/ecs/DP1/PM/NSIDC-0051.001/1988.03.04/nt_19880304_f08_v1.1_n.bin']
North,1988,3,5,16.137,0, ['/ecs/DP1/PM/NSIDC-0051.001/1988.03.05/nt_19880305_f08_v1.1_n.bin']
North,1988,3,6,16.169,0, ['/ecs/DP1/PM/NSIDC-0051.001/1988.03.06/nt_19880306_f08_v1.1_n.bin']
North,1988,3,7,16.24,0, ['/ecs/DP1/PM/NSIDC-0051.001/1988.03.07/nt_19880307_f08_v1.1_n.bin']
North,1988,3,8,16.247,0, ['/ecs/DP1/PM/NSIDC-0051.001/1988.03.08/nt_19880308_f08_v1.1_n.bin']
North,1988,3,9,16.244,0, ['/ecs/DP1/PM/NSIDC-0051.001/1988.03.09/nt_19880309_f08_v1.1_n.bin']
North,1988,3,10,16.309,0, ['/ecs/DP1/PM/NSIDC-0051.001/1988.03.10/nt_19880310_f08_v1.1_n.bin']
North,1988,3,11,16.296,0, ['/ecs/DP1/PM/NSIDC-0051.001/1988.03.11/nt_19880311_f08_v1.1_n.bin']
North,1988,3,12,16.276,0, ['/ecs/DP1/PM/NSIDC-0051.001/1988.03.12/nt_19880312_f08_v1.1_n.bin']
North,1988,3,13,16.182,0, ['/ecs/DP1/PM/NSIDC-0051.001/1988.03.13/nt_19880313_f08_v1.1_n.bin']
North,1988,3,14,16.013,0, ['/ecs/DP1/PM/NSIDC-0051.001/1988.03.14/nt_19880314_f08_v1.1_n.bin']
North,1988,3,15,15.983,0, ['/ecs/DP1/PM/NSIDC-0051.001/1988.03.15/nt_19880315_f08_v1.1_n.bin']
North,1988,3,16,15.96,0, ['/ecs/DP1/PM/NSIDC-0051.001/1988.03.16/nt_19880316_f08_v1.1_n.bin']
North,1988,3,17,15.847,0, ['/ecs/DP1/PM/NSIDC-0051.001/1988.03.17/nt_19880317_f08_v1.1_n.bin']
North,1988,3,18,15.871,0, ['/ecs/DP1/PM/NSIDC-0051.001/1988.03.18/nt_19880318_f08_v1.1_n.bin']
North,1988,3,19,15.835,0, ['/ecs/DP1/PM/NSIDC-0051.001/1988.03.19/nt_19880319_f08_v1.1_n.bin']
North,1988,3,20,15.815,0, ['/ecs/DP1/PM/NSIDC-0051.001/1988.03.20/nt_19880320_f08_v1.1_n.bin']
North,1988,3,21,15.758,0, ['/ecs/DP1/PM/NSIDC-0051.001/1988.03.21/nt_19880321_f08_v1.1_n.bin']
North,1988,3,22,15.861,0, ['/ecs/DP1/PM/NSIDC-0051.001/1988.03.22/nt_19880322_f08_v1.1_n.bin']
North,1988,3,23,15.781,0, ['/ecs/DP1/PM/NSIDC-0051.001/1988.03.23/nt_19880323_f08_v1.1_n.bin']
North,1988,3,24,15.743,0, ['/ecs/DP1/PM/NSIDC-0051.001/1988.03.24/nt_19880324_f08_v1.1_n.bin']
North,1988,3,25,15.702,0, ['/ecs/DP1/PM/NSIDC-0051.001/1988.03.25/nt_19880325_f08_v1.1_n.bin']
North,1988,3,26,15.748,0, ['/ecs/DP1/PM/NSIDC-0051.001/1988.03.26/nt_19880326_f08_v1.1_n.bin']
North,1988,3,27,15.737,0, ['/ecs/DP1/PM/NSIDC-0051.001/1988.03.27/nt_19880327_f08_v1.1_n.bin']
North,1988,3,28,15.676,0, ['/ecs/DP1/PM/NSIDC-0051.001/1988.03.28/nt_19880328_f08_v1.1_n.bin']
North,1988,3,29,15.63,0, ['/ecs/DP1/PM/NSIDC-0051.001/1988.03.29/nt_19880329_f08_v1.1_n.bin']
North,1988,3,30,15.522,0, ['/ecs/DP1/PM/NSIDC-0051.001/1988.03.30/nt_19880330_f08_v1.1_n.bin']
North,1988,3,31,15.523,0, ['/ecs/DP1/PM/NSIDC-0051.001/1988.03.31/nt_19880331_f08_v1.1_n.bin']
North,1988,4,1,15.523,0, ['/ecs/DP1/PM/NSIDC-0051.001/1988.04.01/nt_19880401_f08_v1.1_n.bin']
North,1988,4,2,15.562,0, ['/ecs/DP1/PM/NSIDC-0051.001/1988.04.02/nt_19880402_f08_v1.1_n.bin']
North,1988,4,3,15.598,0, ['/ecs/DP1/PM/NSIDC-0051.001/1988.04.03/nt_19880403_f08_v1.1_n.bin']
North,1988,4,4,15.601,0, ['/ecs/DP1/PM/NSIDC-0051.001/1988.04.04/nt_19880404_f08_v1.1_n.bin']
North,1988,4,5,15.534,0, ['/ecs/DP1/PM/NSIDC-0051.001/1988.04.05/nt_19880405_f08_v1.1_n.bin']
North,1988,4,6,15.514,0, ['/ecs/DP1/PM/NSIDC-0051.001/1988.04.06/nt_19880406_f08_v1.1_n.bin']
North,1988,4,7,15.536,0, ['/ecs/DP1/PM/NSIDC-0051.001/1988.04.07/nt_19880407_f08_v1.1_n.bin']
North,1988,4,8,15.49,0, ['/ecs/DP1/PM/NSIDC-0051.001/1988.04.08/nt_19880408_f08_v1.1_n.bin']
North,1988,4,9,15.489,0, ['/ecs/DP1/PM/NSIDC-0051.001/1988.04.09/nt_19880409_f08_v1.1_n.bin']
North,1988,4,10,15.447,0, ['/ecs/DP1/PM/NSIDC-0051.001/1988.04.10/nt_19880410_f08_v1.1_n.bin']
North,1988,4,11,15.341,0, ['/ecs/DP1/PM/NSIDC-0051.001/1988.04.11/nt_19880411_f08_v1.1_n.bin']
North,1988,4,12,15.273,0, ['/ecs/DP1/PM/NSIDC-0051.001/1988.04.12/nt_19880412_f08_v1.1_n.bin']
North,1988,4,13,15.193,0, ['/ecs/DP1/PM/NSIDC-0051.001/1988.04.13/nt_19880413_f08_v1.1_n.bin']
North,1988,4,14,15.179,0, ['/ecs/DP1/PM/NSIDC-0051.001/1988.04.14/nt_19880414_f08_v1.1_n.bin']
North,1988,4,15,15.164,0, ['/ecs/DP1/PM/NSIDC-0051.001/1988.04.15/nt_19880415_f08_v1.1_n.bin']
North,1988,4,16,15.152,0, ['/ecs/DP1/PM/NSIDC-0051.001/1988.04.16/nt_19880416_f08_v1.1_n.bin']
North,1988,4,17,15.107,0, ['/ecs/DP1/PM/NSIDC-0051.001/1988.04.17/nt_19880417_f08_v1.1_n.bin']
North,1988,4,18,15.031,0, ['/ecs/DP1/PM/NSIDC-0051.001/1988.04.18/nt_19880418_f08_v1.1_n.bin']
North,1988,4,19,15.062,0, ['/ecs/DP1/PM/NSIDC-0051.001/1988.04.19/nt_19880419_f08_v1.1_n.bin']
North,1988,4,20,15.037,0, ['/ecs/DP1/PM/NSIDC-0051.001/1988.04.20/nt_19880420_f08_v1.1_n.bin']
North,1988,4,21,14.91,0, ['/ecs/DP1/PM/NSIDC-0051.001/1988.04.21/nt_19880421_f08_v1.1_n.bin']
North,1988,4,22,14.917,0, ['/ecs/DP1/PM/NSIDC-0051.001/1988.04.22/nt_19880422_f08_v1.1_n.bin']
North,1988,4,23,14.829,0, ['/ecs/DP1/PM/NSIDC-0051.001/1988.04.23/nt_19880423_f08_v1.1_n.bin']
North,1988,4,24,14.62,0, ['/ecs/DP1/PM/NSIDC-0051.001/1988.04.24/nt_19880424_f08_v1.1_n.bin']
North,1988,4,25,14.617,0, ['/ecs/DP1/PM/NSIDC-0051.001/1988.04.25/nt_19880425_f08_v1.1_n.bin']
North,1988,4,26,14.584,0, ['/ecs/DP1/PM/NSIDC-0051.001/1988.04.26/nt_19880426_f08_v1.1_n.bin']
North,1988,4,27,14.637,0, ['/ecs/DP1/PM/NSIDC-0051.001/1988.04.27/nt_19880427_f08_v1.1_n.bin']
North,1988,4,28,14.635,0, ['/ecs/DP1/PM/NSIDC-0051.001/1988.04.28/nt_19880428_f08_v1.1_n.bin']
North,1988,4,29,14.578,0, ['/ecs/DP1/PM/NSIDC-0051.001/1988.04.29/nt_19880429_f08_v1.1_n.bin']
North,1988,4,30,14.54,0, ['/ecs/DP1/PM/NSIDC-0051.001/1988.04.30/nt_19880430_f08_v1.1_n.bin']
North,1988,5,1,14.362,0, ['/ecs/DP1/PM/NSIDC-0051.001/1988.05.01/nt_19880501_f08_v1.1_n.bin']
North,1988,5,2,14.318,0, ['/ecs/DP1/PM/NSIDC-0051.001/1988.05.02/nt_19880502_f08_v1.1_n.bin']
North,1988,5,3,14.298,0, ['/ecs/DP1/PM/NSIDC-0051.001/1988.05.03/nt_19880503_f08_v1.1_n.bin']
North,1988,5,4,14.234,0, ['/ecs/DP1/PM/NSIDC-0051.001/1988.05.04/nt_19880504_f08_v1.1_n.bin']
North,1988,5,5,14.159,0, ['/ecs/DP1/PM/NSIDC-0051.001/1988.05.05/nt_19880505_f08_v1.1_n.bin']
North,1988,5,6,14.112,0, ['/ecs/DP1/PM/NSIDC-0051.001/1988.05.06/nt_19880506_f08_v1.1_n.bin']
North,1988,5,7,14.057,0, ['/ecs/DP1/PM/NSIDC-0051.001/1988.05.07/nt_19880507_f08_v1.1_n.bin']
North,1988,5,8,14.02,0, ['/ecs/DP1/PM/NSIDC-0051.001/1988.05.08/nt_19880508_f08_v1.1_n.bin']
North,1988,5,9,13.957,0, ['/ecs/DP1/PM/NSIDC-0051.001/1988.05.09/nt_19880509_f08_v1.1_n.bin']
North,1988,5,10,13.909,0, ['/ecs/DP1/PM/NSIDC-0051.001/1988.05.10/nt_19880510_f08_v1.1_n.bin']
North,1988,5,11,13.827,0, ['/ecs/DP1/PM/NSIDC-0051.001/1988.05.11/nt_19880511_f08_v1.1_n.bin']
North,1988,5,12,13.765,0, ['/ecs/DP1/PM/NSIDC-0051.001/1988.05.12/nt_19880512_f08_v1.1_n.bin']
North,1988,5,13,13.696,0, ['/ecs/DP1/PM/NSIDC-0051.001/1988.05.13/nt_19880513_f08_v1.1_n.bin']
North,1988,5,14,13.657,0, ['/ecs/DP1/PM/NSIDC-0051.001/1988.05.14/nt_19880514_f08_v1.1_n.bin']
North,1988,5,15,13.599,0, ['/ecs/DP1/PM/NSIDC-0051.001/1988.05.15/nt_19880515_f08_v1.1_n.bin']
North,1988,5,16,13.589,0, ['/ecs/DP1/PM/NSIDC-0051.001/1988.05.16/nt_19880516_f08_v1.1_n.bin']
North,1988,5,17,13.513,0, ['/ecs/DP1/PM/NSIDC-0051.001/1988.05.17/nt_19880517_f08_v1.1_n.bin']
North,1988,5,18,13.486,0, ['/ecs/DP1/PM/NSIDC-0051.001/1988.05.18/nt_19880518_f08_v1.1_n.bin']
North,1988,5,19,13.391,0, ['/ecs/DP1/PM/NSIDC-0051.001/1988.05.19/nt_19880519_f08_v1.1_n.bin']
North,1988,5,20,13.289,0, ['/ecs/DP1/PM/NSIDC-0051.001/1988.05.20/nt_19880520_f08_v1.1_n.bin']
North,1988,5,21,13.224,0, ['/ecs/DP1/PM/NSIDC-0051.001/1988.05.21/nt_19880521_f08_v1.1_n.bin']
North,1988,5,22,13.17,0, ['/ecs/DP1/PM/NSIDC-0051.001/1988.05.22/nt_19880522_f08_v1.1_n.bin']
North,1988,5,23,13.125,0, ['/ecs/DP1/PM/NSIDC-0051.001/1988.05.23/nt_19880523_f08_v1.1_n.bin']
North,1988,5,24,13.098,0, ['/ecs/DP1/PM/NSIDC-0051.001/1988.05.24/nt_19880524_f08_v1.1_n.bin']
North,1988,5,25,13.078,0, ['/ecs/DP1/PM/NSIDC-0051.001/1988.05.25/nt_19880525_f08_v1.1_n.bin']
North,1988,5,26,13.034,0, ['/ecs/DP1/PM/NSIDC-0051.001/1988.05.26/nt_19880526_f08_v1.1_n.bin']
North,1988,5,27,12.983,0, ['/ecs/DP1/PM/NSIDC-0051.001/1988.05.27/nt_19880527_f08_v1.1_n.bin']
North,1988,5,28,12.918,0, ['/ecs/DP1/PM/NSIDC-0051.001/1988.05.28/nt_19880528_f08_v1.1_n.bin']
North,1988,5,29,12.871,0, ['/ecs/DP1/PM/NSIDC-0051.001/1988.05.29/nt_19880529_f08_v1.1_n.bin']
North,1988,5,30,12.828,0, ['/ecs/DP1/PM/NSIDC-0051.001/1988.05.30/nt_19880530_f08_v1.1_n.bin']
North,1988,5,31,12.82,0, ['/ecs/DP1/PM/NSIDC-0051.001/1988.05.31/nt_19880531_f08_v1.1_n.bin']
North,1988,6,1,12.608,0, ['/ecs/DP1/PM/NSIDC-0051.001/1988.06.01/nt_19880601_f08_v1.1_n.bin']
North,1988,6,2,12.527,0, ['/ecs/DP1/PM/NSIDC-0051.001/1988.06.02/nt_19880602_f08_v1.1_n.bin']
North,1988,6,3,12.448,0, ['/ecs/DP1/PM/NSIDC-0051.001/1988.06.03/nt_19880603_f08_v1.1_n.bin']
North,1988,6,4,12.451,0, ['/ecs/DP1/PM/NSIDC-0051.001/1988.06.04/nt_19880604_f08_v1.1_n.bin']
North,1988,6,5,12.454,0, ['/ecs/DP1/PM/NSIDC-0051.001/1988.06.05/nt_19880605_f08_v1.1_n.bin']
North,1988,6,6,12.411,0, ['/ecs/DP1/PM/NSIDC-0051.001/1988.06.06/nt_19880606_f08_v1.1_n.bin']
North,1988,6,7,12.384,0, ['/ecs/DP1/PM/NSIDC-0051.001/1988.06.07/nt_19880607_f08_v1.1_n.bin']
North,1988,6,8,12.336,0, ['/ecs/DP1/PM/NSIDC-0051.001/1988.06.08/nt_19880608_f08_v1.1_n.bin']
North,1988,6,9,12.211,0, ['/ecs/DP1/PM/NSIDC-0051.001/1988.06.09/nt_19880609_f08_v1.1_n.bin']
North,1988,6,10,12.177,0, ['/ecs/DP1/PM/NSIDC-0051.001/1988.06.10/nt_19880610_f08_v1.1_n.bin']
North,1988,6,11,12.183,0, ['/ecs/DP1/PM/NSIDC-0051.001/1988.06.11/nt_19880611_f08_v1.1_n.bin']
North,1988,6,12,12.116,0, ['/ecs/DP1/PM/NSIDC-0051.001/1988.06.12/nt_19880612_f08_v1.1_n.bin']
North,1988,6,13,12.048,0, ['/ecs/DP1/PM/NSIDC-0051.001/1988.06.13/nt_19880613_f08_v1.1_n.bin']
North,1988,6,14,12.044,0, ['/ecs/DP1/PM/NSIDC-0051.001/1988.06.14/nt_19880614_f08_v1.1_n.bin']
North,1988,6,15,12.045,0, ['/ecs/DP1/PM/NSIDC-0051.001/1988.06.15/nt_19880615_f08_v1.1_n.bin']
North,1988,6,16,11.961,0, ['/ecs/DP1/PM/NSIDC-0051.001/1988.06.16/nt_19880616_f08_v1.1_n.bin']
North,1988,6,17,11.978,0, ['/ecs/DP1/PM/NSIDC-0051.001/1988.06.17/nt_19880617_f08_v1.1_n.bin']
North,1988,6,18,11.869,0, ['/ecs/DP1/PM/NSIDC-0051.001/1988.06.18/nt_19880618_f08_v1.1_n.bin']
North,1988,6,19,11.803,0, ['/ecs/DP1/PM/NSIDC-0051.001/1988.06.19/nt_19880619_f08_v1.1_n.bin']
North,1988,6,20,11.739,0, ['/ecs/DP1/PM/NSIDC-0051.001/1988.06.20/nt_19880620_f08_v1.1_n.bin']
North,1988,6,21,11.752,0, ['/ecs/DP1/PM/NSIDC-0051.001/1988.06.21/nt_19880621_f08_v1.1_n.bin']
North,1988,6,22,11.693,0, ['/ecs/DP1/PM/NSIDC-0051.001/1988.06.22/nt_19880622_f08_v1.1_n.bin']
North,1988,6,23,11.571,0, ['/ecs/DP1/PM/NSIDC-0051.001/1988.06.23/nt_19880623_f08_v1.1_n.bin']
North,1988,6,24,11.543,0, ['/ecs/DP1/PM/NSIDC-0051.001/1988.06.24/nt_19880624_f08_v1.1_n.bin']
North,1988,6,25,11.635,0, ['/ecs/DP1/PM/NSIDC-0051.001/1988.06.25/nt_19880625_f08_v1.1_n.bin']
North,1988,6,26,11.39,0, ['/ecs/DP1/PM/NSIDC-0051.001/1988.06.26/nt_19880626_f08_v1.1_n.bin']
North,1988,6,27,11.376,0, ['/ecs/DP1/PM/NSIDC-0051.001/1988.06.27/nt_19880627_f08_v1.1_n.bin']
North,1988,6,28,11.267,0, ['/ecs/DP1/PM/NSIDC-0051.001/1988.06.28/nt_19880628_f08_v1.1_n.bin']
North,1988,6,29,11.145,0, ['/ecs/DP1/PM/NSIDC-0051.001/1988.06.29/nt_19880629_f08_v1.1_n.bin']
North,1988,6,30,11.138,0, ['/ecs/DP1/PM/NSIDC-0051.001/1988.06.30/nt_19880630_f08_v1.1_n.bin']
North,1988,7,1,10.98,0, ['/ecs/DP1/PM/NSIDC-0051.001/1988.07.01/nt_19880701_f08_v1.1_n.bin']
North,1988,7,2,10.919,0, ['/ecs/DP1/PM/NSIDC-0051.001/1988.07.02/nt_19880702_f08_v1.1_n.bin']
North,1988,7,3,10.885,0, ['/ecs/DP1/PM/NSIDC-0051.001/1988.07.03/nt_19880703_f08_v1.1_n.bin']
North,1988,7,4,10.769,0, ['/ecs/DP1/PM/NSIDC-0051.001/1988.07.04/nt_19880704_f08_v1.1_n.bin']
North,1988,7,5,10.712,0, ['/ecs/DP1/PM/NSIDC-0051.001/1988.07.05/nt_19880705_f08_v1.1_n.bin']
North,1988,7,6,10.61,0, ['/ecs/DP1/PM/NSIDC-0051.001/1988.07.06/nt_19880706_f08_v1.1_n.bin']
North,1988,7,7,10.49,0, ['/ecs/DP1/PM/NSIDC-0051.001/1988.07.07/nt_19880707_f08_v1.1_n.bin']
North,1988,7,8,10.387,0, ['/ecs/DP1/PM/NSIDC-0051.001/1988.07.08/nt_19880708_f08_v1.1_n.bin']
North,1988,7,9,10.306,0, ['/ecs/DP1/PM/NSIDC-0051.001/1988.07.09/nt_19880709_f08_v1.1_n.bin']
North,1988,7,10,10.267,0, ['/ecs/DP1/PM/NSIDC-0051.001/1988.07.10/nt_19880710_f08_v1.1_n.bin']
North,1988,7,11,10.218,0, ['/ecs/DP1/PM/NSIDC-0051.001/1988.07.11/nt_19880711_f08_v1.1_n.bin']
North,1988,7,12,10.141,0, ['/ecs/DP1/PM/NSIDC-0051.001/1988.07.12/nt_19880712_f08_v1.1_n.bin']
North,1988,7,13,9.982,0, ['/ecs/DP1/PM/NSIDC-0051.001/1988.07.13/nt_19880713_f08_v1.1_n.bin']
North,1988,7,14,9.939,0, ['/ecs/DP1/PM/NSIDC-0051.001/1988.07.14/nt_19880714_f08_v1.1_n.bin']
North,1988,7,15,9.765,0, ['/ecs/DP1/PM/NSIDC-0051.001/1988.07.15/nt_19880715_f08_v1.1_n.bin']
North,1988,7,16,9.738,0, ['/ecs/DP1/PM/NSIDC-0051.001/1988.07.16/nt_19880716_f08_v1.1_n.bin']
North,1988,7,17,9.719,0, ['/ecs/DP1/PM/NSIDC-0051.001/1988.07.17/nt_19880717_f08_v1.1_n.bin']
North,1988,7,18,9.673,0, ['/ecs/DP1/PM/NSIDC-0051.001/1988.07.18/nt_19880718_f08_v1.1_n.bin']
North,1988,7,19,9.568,0, ['/ecs/DP1/PM/NSIDC-0051.001/1988.07.19/nt_19880719_f08_v1.1_n.bin']
North,1988,7,20,9.527,0, ['/ecs/DP1/PM/NSIDC-0051.001/1988.07.20/nt_19880720_f08_v1.1_n.bin']
North,1988,7,21,9.459,0, ['/ecs/DP1/PM/NSIDC-0051.001/1988.07.21/nt_19880721_f08_v1.1_n.bin']
North,1988,7,22,9.376,0, ['/ecs/DP1/PM/NSIDC-0051.001/1988.07.22/nt_19880722_f08_v1.1_n.bin']
North,1988,7,23,9.191,0, ['/ecs/DP1/PM/NSIDC-0051.001/1988.07.23/nt_19880723_f08_v1.1_n.bin']
North,1988,7,24,9.045,0, ['/ecs/DP1/PM/NSIDC-0051.001/1988.07.24/nt_19880724_f08_v1.1_n.bin']
North,1988,7,25,9.095,0, ['/ecs/DP1/PM/NSIDC-0051.001/1988.07.25/nt_19880725_f08_v1.1_n.bin']
North,1988,7,26,9.09,0, ['/ecs/DP1/PM/NSIDC-0051.001/1988.07.26/nt_19880726_f08_v1.1_n.bin']
North,1988,7,27,8.995,0, ['/ecs/DP1/PM/NSIDC-0051.001/1988.07.27/nt_19880727_f08_v1.1_n.bin']
North,1988,7,28,8.925,0, ['/ecs/DP1/PM/NSIDC-0051.001/1988.07.28/nt_19880728_f08_v1.1_n.bin']
North,1988,7,29,8.803,0, ['/ecs/DP1/PM/NSIDC-0051.001/1988.07.29/nt_19880729_f08_v1.1_n.bin']
North,1988,7,30,8.778,0, ['/ecs/DP1/PM/NSIDC-0051.001/1988.07.30/nt_19880730_f08_v1.1_n.bin']
North,1988,7,31,8.717,0, ['/ecs/DP1/PM/NSIDC-0051.001/1988.07.31/nt_19880731_f08_v1.1_n.bin']
North,1988,8,1,8.588,0, ['/ecs/DP1/PM/NSIDC-0051.001/1988.08.01/nt_19880801_f08_v1.1_n.bin']
North,1988,8,2,8.518,0, ['/ecs/DP1/PM/NSIDC-0051.001/1988.08.02/nt_19880802_f08_v1.1_n.bin']
North,1988,8,3,8.478,0, ['/ecs/DP1/PM/NSIDC-0051.001/1988.08.03/nt_19880803_f08_v1.1_n.bin']
North,1988,8,4,8.427,0, ['/ecs/DP1/PM/NSIDC-0051.001/1988.08.04/nt_19880804_f08_v1.1_n.bin']
North,1988,8,5,8.382,0, ['/ecs/DP1/PM/NSIDC-0051.001/1988.08.05/nt_19880805_f08_v1.1_n.bin']
North,1988,8,6,8.413,0, ['/ecs/DP1/PM/NSIDC-0051.001/1988.08.06/nt_19880806_f08_v1.1_n.bin']
North,1988,8,7,8.355,0, ['/ecs/DP1/PM/NSIDC-0051.001/1988.08.07/nt_19880807_f08_v1.1_n.bin']
North,1988,8,8,8.399,0, ['/ecs/DP1/PM/NSIDC-0051.001/1988.08.08/nt_19880808_f08_v1.1_n.bin']
North,1988,8,9,8.27,0, ['/ecs/DP1/PM/NSIDC-0051.001/1988.08.09/nt_19880809_f08_v1.1_n.bin']
North,1988,8,10,8.107,0, ['/ecs/DP1/PM/NSIDC-0051.001/1988.08.10/nt_19880810_f08_v1.1_n.bin']
North,1988,8,11,8.114,0, ['/ecs/DP1/PM/NSIDC-0051.001/1988.08.11/nt_19880811_f08_v1.1_n.bin']
North,1988,8,12,8.017,0, ['/ecs/DP1/PM/NSIDC-0051.001/1988.08.12/nt_19880812_f08_v1.1_n.bin']
North,1988,8,13,8.005,0, ['/ecs/DP1/PM/NSIDC-0051.001/1988.08.13/nt_19880813_f08_v1.1_n.bin']
North,1988,8,14,7.949,0, ['/ecs/DP1/PM/NSIDC-0051.001/1988.08.14/nt_19880814_f08_v1.1_n.bin']
North,1988,8,15,7.922,0, ['/ecs/DP1/PM/NSIDC-0051.001/1988.08.15/nt_19880815_f08_v1.1_n.bin']
North,1988,8,16,7.865,0, ['/ecs/DP1/PM/NSIDC-0051.001/1988.08.16/nt_19880816_f08_v1.1_n.bin']
North,1988,8,17,7.84,0, ['/ecs/DP1/PM/NSIDC-0051.001/1988.08.17/nt_19880817_f08_v1.1_n.bin']
North,1988,8,18,7.731,0, ['/ecs/DP1/PM/NSIDC-0051.001/1988.08.18/nt_19880818_f08_v1.1_n.bin']
North,1988,8,19,7.719,0, ['/ecs/DP1/PM/NSIDC-0051.001/1988.08.19/nt_19880819_f08_v1.1_n.bin']
North,1988,8,20,7.735,0, ['/ecs/DP1/PM/NSIDC-0051.001/1988.08.20/nt_19880820_f08_v1.1_n.bin']
North,1988,8,21,7.719,0, ['/ecs/DP1/PM/NSIDC-0051.001/1988.08.21/nt_19880821_f08_v1.1_n.bin']
North,1988,8,22,7.635,0, ['/ecs/DP1/PM/NSIDC-0051.001/1988.08.22/nt_19880822_f08_v1.1_n.bin']
North,1988,8,23,7.524,0, ['/ecs/DP1/PM/NSIDC-0051.001/1988.08.23/nt_19880823_f08_v1.1_n.bin']
North,1988,8,24,7.5,0, ['/ecs/DP1/PM/NSIDC-0051.001/1988.08.24/nt_19880824_f08_v1.1_n.bin']
North,1988,8,25,7.372,0, ['/ecs/DP1/PM/NSIDC-0051.001/1988.08.25/nt_19880825_f08_v1.1_n.bin']
North,1988,8,26,7.442,0, ['/ecs/DP1/PM/NSIDC-0051.001/1988.08.26/nt_19880826_f08_v1.1_n.bin']
North,1988,8,27,7.442,0, ['/ecs/DP1/PM/NSIDC-0051.001/1988.08.27/nt_19880827_f08_v1.1_n.bin']
North,1988,8,28,7.298,0, ['/ecs/DP1/PM/NSIDC-0051.001/1988.08.28/nt_19880828_f08_v1.1_n.bin']
North,1988,8,29,7.264,0, ['/ecs/DP1/PM/NSIDC-0051.001/1988.08.29/nt_19880829_f08_v1.1_n.bin']
North,1988,8,30,7.302,0, ['/ecs/DP1/PM/NSIDC-0051.001/1988.08.30/nt_19880830_f08_v1.1_n.bin']
North,1988,8,31,7.307,0, ['/ecs/DP1/PM/NSIDC-0051.001/1988.08.31/nt_19880831_f08_v1.1_n.bin']
North,1988,9,1,7.189,0, ['/ecs/DP1/PM/NSIDC-0051.001/1988.09.01/nt_19880901_f08_v1.1_n.bin']
North,1988,9,2,7.217,0, ['/ecs/DP1/PM/NSIDC-0051.001/1988.09.02/nt_19880902_f08_v1.1_n.bin']
North,1988,9,3,7.205,0, ['/ecs/DP1/PM/NSIDC-0051.001/1988.09.03/nt_19880903_f08_v1.1_n.bin']
North,1988,9,4,7.183,0, ['/ecs/DP1/PM/NSIDC-0051.001/1988.09.04/nt_19880904_f08_v1.1_n.bin']
North,1988,9,5,7.18,0, ['/ecs/DP1/PM/NSIDC-0051.001/1988.09.05/nt_19880905_f08_v1.1_n.bin']
North,1988,9,6,7.181,0, ['/ecs/DP1/PM/NSIDC-0051.001/1988.09.06/nt_19880906_f08_v1.1_n.bin']
North,1988,9,7,7.213,0, ['/ecs/DP1/PM/NSIDC-0051.001/1988.09.07/nt_19880907_f08_v1.1_n.bin']
North,1988,9,8,7.144,0, ['/ecs/DP1/PM/NSIDC-0051.001/1988.09.08/nt_19880908_f08_v1.1_n.bin']
North,1988,9,9,7.175,0, ['/ecs/DP1/PM/NSIDC-0051.001/1988.09.09/nt_19880909_f08_v1.1_n.bin']
North,1988,9,10,7.121,0, ['/ecs/DP1/PM/NSIDC-0051.001/1988.09.10/nt_19880910_f08_v1.1_n.bin']
North,1988,9,11,7.048,0, ['/ecs/DP1/PM/NSIDC-0051.001/1988.09.11/nt_19880911_f08_v1.1_n.bin']
North,1988,9,12,7.144,0, ['/ecs/DP1/PM/NSIDC-0051.001/1988.09.12/nt_19880912_f08_v1.1_n.bin']
North,1988,9,13,7.198,0, ['/ecs/DP1/PM/NSIDC-0051.001/1988.09.13/nt_19880913_f08_v1.1_n.bin']
North,1988,9,14,7.208,0, ['/ecs/DP1/PM/NSIDC-0051.001/1988.09.14/nt_19880914_f08_v1.1_n.bin']
North,1988,9,15,7.276,0, ['/ecs/DP1/PM/NSIDC-0051.001/1988.09.15/nt_19880915_f08_v1.1_n.bin']
North,1988,9,16,7.294,0, ['/ecs/DP1/PM/NSIDC-0051.001/1988.09.16/nt_19880916_f08_v1.1_n.bin']
North,1988,9,17,7.394,0, ['/ecs/DP1/PM/NSIDC-0051.001/1988.09.17/nt_19880917_f08_v1.1_n.bin']
North,1988,9,18,7.409,0, ['/ecs/DP1/PM/NSIDC-0051.001/1988.09.18/nt_19880918_f08_v1.1_n.bin']
North,1988,9,19,7.438,0, ['/ecs/DP1/PM/NSIDC-0051.001/1988.09.19/nt_19880919_f08_v1.1_n.bin']
North,1988,9,20,7.449,0, ['/ecs/DP1/PM/NSIDC-0051.001/1988.09.20/nt_19880920_f08_v1.1_n.bin']
North,1988,9,21,7.455,0, ['/ecs/DP1/PM/NSIDC-0051.001/1988.09.21/nt_19880921_f08_v1.1_n.bin']
North,1988,9,22,7.462,0, ['/ecs/DP1/PM/NSIDC-0051.001/1988.09.22/nt_19880922_f08_v1.1_n.bin']
North,1988,9,23,7.5,0, ['/ecs/DP1/PM/NSIDC-0051.001/1988.09.23/nt_19880923_f08_v1.1_n.bin']
North,1988,9,24,7.477,0, ['/ecs/DP1/PM/NSIDC-0051.001/1988.09.24/nt_19880924_f08_v1.1_n.bin']
North,1988,9,25,7.57,0, ['/ecs/DP1/PM/NSIDC-0051.001/1988.09.25/nt_19880925_f08_v1.1_n.bin']
North,1988,9,26,7.653,0, ['/ecs/DP1/PM/NSIDC-0051.001/1988.09.26/nt_19880926_f08_v1.1_n.bin']
North,1988,9,27,7.669,0, ['/ecs/DP1/PM/NSIDC-0051.001/1988.09.27/nt_19880927_f08_v1.1_n.bin']
North,1988,9,28,7.766,0, ['/ecs/DP1/PM/NSIDC-0051.001/1988.09.28/nt_19880928_f08_v1.1_n.bin']
North,1988,9,29,7.873,0, ['/ecs/DP1/PM/NSIDC-0051.001/1988.09.29/nt_19880929_f08_v1.1_n.bin']
North,1988,9,30,7.979,0, ['/ecs/DP1/PM/NSIDC-0051.001/1988.09.30/nt_19880930_f08_v1.1_n.bin']
North,1988,10,1,8.069,0, ['/ecs/DP1/PM/NSIDC-0051.001/1988.10.01/nt_19881001_f08_v1.1_n.bin']
North,1988,10,2,8.185,0, ['/ecs/DP1/PM/NSIDC-0051.001/1988.10.02/nt_19881002_f08_v1.1_n.bin']
North,1988,10,3,8.155,0, ['/ecs/DP1/PM/NSIDC-0051.001/1988.10.03/nt_19881003_f08_v1.1_n.bin']
North,1988,10,4,8.232,0, ['/ecs/DP1/PM/NSIDC-0051.001/1988.10.04/nt_19881004_f08_v1.1_n.bin']
North,1988,10,5,8.305,0, ['/ecs/DP1/PM/NSIDC-0051.001/1988.10.05/nt_19881005_f08_v1.1_n.bin']
North,1988,10,6,8.482,0, ['/ecs/DP1/PM/NSIDC-0051.001/1988.10.06/nt_19881006_f08_v1.1_n.bin']
North,1988,10,7,8.575,0, ['/ecs/DP1/PM/NSIDC-0051.001/1988.10.07/nt_19881007_f08_v1.1_n.bin']
North,1988,10,8,8.649,0, ['/ecs/DP1/PM/NSIDC-0051.001/1988.10.08/nt_19881008_f08_v1.1_n.bin']
North,1988,10,9,8.675,0, ['/ecs/DP1/PM/NSIDC-0051.001/1988.10.09/nt_19881009_f08_v1.1_n.bin']
North,1988,10,10,8.77,0, ['/ecs/DP1/PM/NSIDC-0051.001/1988.10.10/nt_19881010_f08_v1.1_n.bin']
North,1988,10,11,8.81,0, ['/ecs/DP1/PM/NSIDC-0051.001/1988.10.11/nt_19881011_f08_v1.1_n.bin']
North,1988,10,12,8.868,0, ['/ecs/DP1/PM/NSIDC-0051.001/1988.10.12/nt_19881012_f08_v1.1_n.bin']
North,1988,10,13,8.959,0, ['/ecs/DP1/PM/NSIDC-0051.001/1988.10.13/nt_19881013_f08_v1.1_n.bin']
North,1988,10,14,9.171,0, ['/ecs/DP1/PM/NSIDC-0051.001/1988.10.14/nt_19881014_f08_v1.1_n.bin']
North,1988,10,15,9.289,0, ['/ecs/DP1/PM/NSIDC-0051.001/1988.10.15/nt_19881015_f08_v1.1_n.bin']
North,1988,10,16,9.358,0, ['/ecs/DP1/PM/NSIDC-0051.001/1988.10.16/nt_19881016_f08_v1.1_n.bin']
North,1988,10,17,9.34,0, ['/ecs/DP1/PM/NSIDC-0051.001/1988.10.17/nt_19881017_f08_v1.1_n.bin']
North,1988,10,18,9.34,0, ['/ecs/DP1/PM/NSIDC-0051.001/1988.10.18/nt_19881018_f08_v1.1_n.bin']
North,1988,10,19,9.377,0, ['/ecs/DP1/PM/NSIDC-0051.001/1988.10.19/nt_19881019_f08_v1.1_n.bin']
North,1988,10,20,9.421,0, ['/ecs/DP1/PM/NSIDC-0051.001/1988.10.20/nt_19881020_f08_v1.1_n.bin']
North,1988,10,21,9.445,0, ['/ecs/DP1/PM/NSIDC-0051.001/1988.10.21/nt_19881021_f08_v1.1_n.bin']
North,1988,10,22,9.537,0, ['/ecs/DP1/PM/NSIDC-0051.001/1988.10.22/nt_19881022_f08_v1.1_n.bin']
North,1988,10,23,9.561,0, ['/ecs/DP1/PM/NSIDC-0051.001/1988.10.23/nt_19881023_f08_v1.1_n.bin']
North,1988,10,24,9.61,0, ['/ecs/DP1/PM/NSIDC-0051.001/1988.10.24/nt_19881024_f08_v1.1_n.bin']
North,1988,10,25,9.7,0, ['/ecs/DP1/PM/NSIDC-0051.001/1988.10.25/nt_19881025_f08_v1.1_n.bin']
North,1988,10,26,9.797,0, ['/ecs/DP1/PM/NSIDC-0051.001/1988.10.26/nt_19881026_f08_v1.1_n.bin']
North,1988,10,27,9.828,0, ['/ecs/DP1/PM/NSIDC-0051.001/1988.10.27/nt_19881027_f08_v1.1_n.bin']
North,1988,10,28,9.8,0, ['/ecs/DP1/PM/NSIDC-0051.001/1988.10.28/nt_19881028_f08_v1.1_n.bin']
North,1988,10,29,9.879,0, ['/ecs/DP1/PM/NSIDC-0051.001/1988.10.29/nt_19881029_f08_v1.1_n.bin']
North,1988,10,30,9.978,0, ['/ecs/DP1/PM/NSIDC-0051.001/1988.10.30/nt_19881030_f08_v1.1_n.bin']
North,1988,10,31,10.021,0, ['/ecs/DP1/PM/NSIDC-0051.001/1988.10.31/nt_19881031_f08_v1.1_n.bin']
North,1988,11,1,10.162,0, ['/ecs/DP1/PM/NSIDC-0051.001/1988.11.01/nt_19881101_f08_v1.1_n.bin']
North,1988,11,2,10.21,0, ['/ecs/DP1/PM/NSIDC-0051.001/1988.11.02/nt_19881102_f08_v1.1_n.bin']
North,1988,11,3,10.36,0, ['/ecs/DP1/PM/NSIDC-0051.001/1988.11.03/nt_19881103_f08_v1.1_n.bin']
North,1988,11,4,10.373,0, ['/ecs/DP1/PM/NSIDC-0051.001/1988.11.04/nt_19881104_f08_v1.1_n.bin']
North,1988,11,5,10.391,0, ['/ecs/DP1/PM/NSIDC-0051.001/1988.11.05/nt_19881105_f08_v1.1_n.bin']
North,1988,11,6,10.436,0, ['/ecs/DP1/PM/NSIDC-0051.001/1988.11.06/nt_19881106_f08_v1.1_n.bin']
North,1988,11,7,10.555,0, ['/ecs/DP1/PM/NSIDC-0051.001/1988.11.07/nt_19881107_f08_v1.1_n.bin']
North,1988,11,8,10.642,0, ['/ecs/DP1/PM/NSIDC-0051.001/1988.11.08/nt_19881108_f08_v1.1_n.bin']
North,1988,11,9,10.767,0, ['/ecs/DP1/PM/NSIDC-0051.001/1988.11.09/nt_19881109_f08_v1.1_n.bin']
North,1988,11,10,10.895,0, ['/ecs/DP1/PM/NSIDC-0051.001/1988.11.10/nt_19881110_f08_v1.1_n.bin']
North,1988,11,11,10.951,0, ['/ecs/DP1/PM/NSIDC-0051.001/1988.11.11/nt_19881111_f08_v1.1_n.bin']
North,1988,11,12,11.069,0, ['/ecs/DP1/PM/NSIDC-0051.001/1988.11.12/nt_19881112_f08_v1.1_n.bin']
North,1988,11,13,11.175,0, ['/ecs/DP1/PM/NSIDC-0051.001/1988.11.13/nt_19881113_f08_v1.1_n.bin']
North,1988,11,14,11.297,0, ['/ecs/DP1/PM/NSIDC-0051.001/1988.11.14/nt_19881114_f08_v1.1_n.bin']
North,1988,11,15,11.397,0, ['/ecs/DP1/PM/NSIDC-0051.001/1988.11.15/nt_19881115_f08_v1.1_n.bin']
North,1988,11,16,11.512,0, ['/ecs/DP1/PM/NSIDC-0051.001/1988.11.16/nt_19881116_f08_v1.1_n.bin']
North,1988,11,17,11.511,0, ['/ecs/DP1/PM/NSIDC-0051.001/1988.11.17/nt_19881117_f08_v1.1_n.bin']
North,1988,11,18,11.523,0, ['/ecs/DP1/PM/NSIDC-0051.001/1988.11.18/nt_19881118_f08_v1.1_n.bin']
North,1988,11,19,11.574,0, ['/ecs/DP1/PM/NSIDC-0051.001/1988.11.19/nt_19881119_f08_v1.1_n.bin']
North,1988,11,20,11.667,0, ['/ecs/DP1/PM/NSIDC-0051.001/1988.11.20/nt_19881120_f08_v1.1_n.bin']
North,1988,11,21,11.761,0, ['/ecs/DP1/PM/NSIDC-0051.001/1988.11.21/nt_19881121_f08_v1.1_n.bin']
North,1988,11,22,11.913,0, ['/ecs/DP1/PM/NSIDC-0051.001/1988.11.22/nt_19881122_f08_v1.1_n.bin']
North,1988,11,23,11.997,0, ['/ecs/DP1/PM/NSIDC-0051.001/1988.11.23/nt_19881123_f08_v1.1_n.bin']
North,1988,11,24,12.055,0, ['/ecs/DP1/PM/NSIDC-0051.001/1988.11.24/nt_19881124_f08_v1.1_n.bin']
North,1988,11,25,12.096,0, ['/ecs/DP1/PM/NSIDC-0051.001/1988.11.25/nt_19881125_f08_v1.1_n.bin']
North,1988,11,26,12.116,0, ['/ecs/DP1/PM/NSIDC-0051.001/1988.11.26/nt_19881126_f08_v1.1_n.bin']
North,1988,11,27,12.203,0, ['/ecs/DP1/PM/NSIDC-0051.001/1988.11.27/nt_19881127_f08_v1.1_n.bin']
North,1988,11,28,12.326,0, ['/ecs/DP1/PM/NSIDC-0051.001/1988.11.28/nt_19881128_f08_v1.1_n.bin']
North,1988,11,29,12.465,0, ['/ecs/DP1/PM/NSIDC-0051.001/1988.11.29/nt_19881129_f08_v1.1_n.bin']
North,1988,11,30,12.526,0, ['/ecs/DP1/PM/NSIDC-0051.001/1988.11.30/nt_19881130_f08_v1.1_n.bin']
North,1988,12,1,12.699,0, ['/ecs/DP1/PM/NSIDC-0051.001/1988.12.01/nt_19881201_f08_v1.1_n.bin']
North,1988,12,2,12.704,0, ['/ecs/DP1/PM/NSIDC-0051.001/1988.12.02/nt_19881202_f08_v1.1_n.bin']
North,1988,12,3,12.827,0, ['/ecs/DP1/PM/NSIDC-0051.001/1988.12.03/nt_19881203_f08_v1.1_n.bin']
North,1988,12,4,12.905,0, ['/ecs/DP1/PM/NSIDC-0051.001/1988.12.04/nt_19881204_f08_v1.1_n.bin']
North,1988,12,5,13.008,0, ['/ecs/DP1/PM/NSIDC-0051.001/1988.12.05/nt_19881205_f08_v1.1_n.bin']
North,1988,12,6,13.117,0, ['/ecs/DP1/PM/NSIDC-0051.001/1988.12.06/nt_19881206_f08_v1.1_n.bin']
North,1988,12,7,13.181,0, ['/ecs/DP1/PM/NSIDC-0051.001/1988.12.07/nt_19881207_f08_v1.1_n.bin']
North,1988,12,8,13.292,0, ['/ecs/DP1/PM/NSIDC-0051.001/1988.12.08/nt_19881208_f08_v1.1_n.bin']
North,1988,12,9,13.303,0, ['/ecs/DP1/PM/NSIDC-0051.001/1988.12.09/nt_19881209_f08_v1.1_n.bin']
North,1988,12,10,13.374,0, ['/ecs/DP1/PM/NSIDC-0051.001/1988.12.10/nt_19881210_f08_v1.1_n.bin']
North,1988,12,11,13.437,0, ['/ecs/DP1/PM/NSIDC-0051.001/1988.12.11/nt_19881211_f08_v1.1_n.bin']
North,1988,12,12,13.512,0, ['/ecs/DP1/PM/NSIDC-0051.001/1988.12.12/nt_19881212_f08_v1.1_n.bin']
North,1988,12,13,13.629,0, ['/ecs/DP1/PM/NSIDC-0051.001/1988.12.13/nt_19881213_f08_v1.1_n.bin']
North,1988,12,14,13.695,0, ['/ecs/DP1/PM/NSIDC-0051.001/1988.12.14/nt_19881214_f08_v1.1_n.bin']
North,1988,12,15,13.746,0, ['/ecs/DP1/PM/NSIDC-0051.001/1988.12.15/nt_19881215_f08_v1.1_n.bin']
North,1988,12,16,13.749,0, ['/ecs/DP1/PM/NSIDC-0051.001/1988.12.16/nt_19881216_f08_v1.1_n.bin']
North,1988,12,17,13.778,0, ['/ecs/DP1/PM/NSIDC-0051.001/1988.12.17/nt_19881217_f08_v1.1_n.bin']
North,1988,12,18,13.747,0, ['/ecs/DP1/PM/NSIDC-0051.001/1988.12.18/nt_19881218_f08_v1.1_n.bin']
North,1988,12,19,13.819,0, ['/ecs/DP1/PM/NSIDC-0051.001/1988.12.19/nt_19881219_f08_v1.1_n.bin']
North,1988,12,20,13.815,0, ['/ecs/DP1/PM/NSIDC-0051.001/1988.12.20/nt_19881220_f08_v1.1_n.bin']
North,1988,12,21,13.919,0, ['/ecs/DP1/PM/NSIDC-0051.001/1988.12.21/nt_19881221_f08_v1.1_n.bin']
North,1988,12,22,13.976,0, ['/ecs/DP1/PM/NSIDC-0051.001/1988.12.22/nt_19881222_f08_v1.1_n.bin']
North,1988,12,23,14.099,0, ['/ecs/DP1/PM/NSIDC-0051.001/1988.12.23/nt_19881223_f08_v1.1_n.bin']
North,1988,12,24,14.071,0, ['/ecs/DP1/PM/NSIDC-0051.001/1988.12.24/nt_19881224_f08_v1.1_n.bin']
North,1988,12,25,14.103,0, ['/ecs/DP1/PM/NSIDC-0051.001/1988.12.25/nt_19881225_f08_v1.1_n.bin']
North,1988,12,26,14.124,0, ['/ecs/DP1/PM/NSIDC-0051.001/1988.12.26/nt_19881226_f08_v1.1_n.bin']
North,1988,12,27,14.116,0, ['/ecs/DP1/PM/NSIDC-0051.001/1988.12.27/nt_19881227_f08_v1.1_n.bin']
North,1988,12,28,14.115,0, ['/ecs/DP1/PM/NSIDC-0051.001/1988.12.28/nt_19881228_f08_v1.1_n.bin']
North,1988,12,29,14.141,0, ['/ecs/DP1/PM/NSIDC-0051.001/1988.12.29/nt_19881229_f08_v1.1_n.bin']
North,1988,12,30,14.18,0, ['/ecs/DP1/PM/NSIDC-0051.001/1988.12.30/nt_19881230_f08_v1.1_n.bin']
North,1988,12,31,14.211,0, ['/ecs/DP1/PM/NSIDC-0051.001/1988.12.31/nt_19881231_f08_v1.1_n.bin']
North,1989,1,1,14.261,0, ['/ecs/DP1/PM/NSIDC-0051.001/1989.01.01/nt_19890101_f08_v1.1_n.bin']
North,1989,1,2,14.313,0, ['/ecs/DP1/PM/NSIDC-0051.001/1989.01.02/nt_19890102_f08_v1.1_n.bin']
North,1989,1,3,14.402,0, ['/ecs/DP1/PM/NSIDC-0051.001/1989.01.03/nt_19890103_f08_v1.1_n.bin']
North,1989,1,4,14.417,0, ['/ecs/DP1/PM/NSIDC-0051.001/1989.01.04/nt_19890104_f08_v1.1_n.bin']
North,1989,1,5,14.381,0, ['/ecs/DP1/PM/NSIDC-0051.001/1989.01.05/nt_19890105_f08_v1.1_n.bin']
North,1989,1,6,14.359,0, ['/ecs/DP1/PM/NSIDC-0051.001/1989.01.06/nt_19890106_f08_v1.1_n.bin']
North,1989,1,7,14.42,0, ['/ecs/DP1/PM/NSIDC-0051.001/1989.01.07/nt_19890107_f08_v1.1_n.bin']
North,1989,1,8,14.548,0, ['/ecs/DP1/PM/NSIDC-0051.001/1989.01.08/nt_19890108_f08_v1.1_n.bin']
North,1989,1,9,14.701,0, ['/ecs/DP1/PM/NSIDC-0051.001/1989.01.09/nt_19890109_f08_v1.1_n.bin']
North,1989,1,10,14.755,0, ['/ecs/DP1/PM/NSIDC-0051.001/1989.01.10/nt_19890110_f08_v1.1_n.bin']
North,1989,1,11,14.819,0, ['/ecs/DP1/PM/NSIDC-0051.001/1989.01.11/nt_19890111_f08_v1.1_n.bin']
North,1989,1,12,14.886,0, ['/ecs/DP1/PM/NSIDC-0051.001/1989.01.12/nt_19890112_f08_v1.1_n.bin']
North,1989,1,13,14.921,0, ['/ecs/DP1/PM/NSIDC-0051.001/1989.01.13/nt_19890113_f08_v1.1_n.bin']
North,1989,1,14,14.997,0, ['/ecs/DP1/PM/NSIDC-0051.001/1989.01.14/nt_19890114_f08_v1.1_n.bin']
North,1989,1,15,15.011,0, ['/ecs/DP1/PM/NSIDC-0051.001/1989.01.15/nt_19890115_f08_v1.1_n.bin']
North,1989,1,16,14.956,0, ['/ecs/DP1/PM/NSIDC-0051.001/1989.01.16/nt_19890116_f08_v1.1_n.bin']
North,1989,1,17,15.012,0, ['/ecs/DP1/PM/NSIDC-0051.001/1989.01.17/nt_19890117_f08_v1.1_n.bin']
North,1989,1,18,15.08,0, ['/ecs/DP1/PM/NSIDC-0051.001/1989.01.18/nt_19890118_f08_v1.1_n.bin']
North,1989,1,19,15.166,0, ['/ecs/DP1/PM/NSIDC-0051.001/1989.01.19/nt_19890119_f08_v1.1_n.bin']
North,1989,1,20,15.165,0, ['/ecs/DP1/PM/NSIDC-0051.001/1989.01.20/nt_19890120_f08_v1.1_n.bin']
North,1989,1,21,15.265,0, ['/ecs/DP1/PM/NSIDC-0051.001/1989.01.21/nt_19890121_f08_v1.1_n.bin']
North,1989,1,22,15.288,0, ['/ecs/DP1/PM/NSIDC-0051.001/1989.01.22/nt_19890122_f08_v1.1_n.bin']
North,1989,1,23,15.378,0, ['/ecs/DP1/PM/NSIDC-0051.001/1989.01.23/nt_19890123_f08_v1.1_n.bin']
North,1989,1,24,15.369,0, ['/ecs/DP1/PM/NSIDC-0051.001/1989.01.24/nt_19890124_f08_v1.1_n.bin']
North,1989,1,25,15.38,0, ['/ecs/DP1/PM/NSIDC-0051.001/1989.01.25/nt_19890125_f08_v1.1_n.bin']
North,1989,1,26,15.373,0, ['/ecs/DP1/PM/NSIDC-0051.001/1989.01.26/nt_19890126_f08_v1.1_n.bin']
North,1989,1,27,15.43,0, ['/ecs/DP1/PM/NSIDC-0051.001/1989.01.27/nt_19890127_f08_v1.1_n.bin']
North,1989,1,28,15.502,0, ['/ecs/DP1/PM/NSIDC-0051.001/1989.01.28/nt_19890128_f08_v1.1_n.bin']
North,1989,1,29,15.364,0, ['/ecs/DP1/PM/NSIDC-0051.001/1989.01.29/nt_19890129_f08_v1.1_n.bin']
North,1989,1,30,15.319,0, ['/ecs/DP1/PM/NSIDC-0051.001/1989.01.30/nt_19890130_f08_v1.1_n.bin']
North,1989,1,31,15.361,0, ['/ecs/DP1/PM/NSIDC-0051.001/1989.01.31/nt_19890131_f08_v1.1_n.bin']
North,1989,2,1,15.386,0, ['/ecs/DP1/PM/NSIDC-0051.001/1989.02.01/nt_19890201_f08_v1.1_n.bin']
North,1989,2,2,15.427,0, ['/ecs/DP1/PM/NSIDC-0051.001/1989.02.02/nt_19890202_f08_v1.1_n.bin']
North,1989,2,3,15.454,0, ['/ecs/DP1/PM/NSIDC-0051.001/1989.02.03/nt_19890203_f08_v1.1_n.bin']
North,1989,2,4,15.378,0, ['/ecs/DP1/PM/NSIDC-0051.001/1989.02.04/nt_19890204_f08_v1.1_n.bin']
North,1989,2,5,15.482,0, ['/ecs/DP1/PM/NSIDC-0051.001/1989.02.05/nt_19890205_f08_v1.1_n.bin']
North,1989,2,6,15.463,0, ['/ecs/DP1/PM/NSIDC-0051.001/1989.02.06/nt_19890206_f08_v1.1_n.bin']
North,1989,2,7,15.485,0, ['/ecs/DP1/PM/NSIDC-0051.001/1989.02.07/nt_19890207_f08_v1.1_n.bin']
North,1989,2,8,15.515,0, ['/ecs/DP1/PM/NSIDC-0051.001/1989.02.08/nt_19890208_f08_v1.1_n.bin']
North,1989,2,9,15.577,0, ['/ecs/DP1/PM/NSIDC-0051.001/1989.02.09/nt_19890209_f08_v1.1_n.bin']
North,1989,2,10,15.594,0, ['/ecs/DP1/PM/NSIDC-0051.001/1989.02.10/nt_19890210_f08_v1.1_n.bin']
North,1989,2,11,15.473,0, ['/ecs/DP1/PM/NSIDC-0051.001/1989.02.11/nt_19890211_f08_v1.1_n.bin']
North,1989,2,12,15.383,0, ['/ecs/DP1/PM/NSIDC-0051.001/1989.02.12/nt_19890212_f08_v1.1_n.bin']
North,1989,2,13,15.424,0, ['/ecs/DP1/PM/NSIDC-0051.001/1989.02.13/nt_19890213_f08_v1.1_n.bin']
North,1989,2,14,15.465,0, ['/ecs/DP1/PM/NSIDC-0051.001/1989.02.14/nt_19890214_f08_v1.1_n.bin']
North,1989,2,15,15.503,0, ['/ecs/DP1/PM/NSIDC-0051.001/1989.02.15/nt_19890215_f08_v1.1_n.bin']
North,1989,2,16,15.368,0, ['/ecs/DP1/PM/NSIDC-0051.001/1989.02.16/nt_19890216_f08_v1.1_n.bin']
North,1989,2,17,15.314,0, ['/ecs/DP1/PM/NSIDC-0051.001/1989.02.17/nt_19890217_f08_v1.1_n.bin']
North,1989,2,18,15.396,0, ['/ecs/DP1/PM/NSIDC-0051.001/1989.02.18/nt_19890218_f08_v1.1_n.bin']
North,1989,2,19,15.455,0, ['/ecs/DP1/PM/NSIDC-0051.001/1989.02.19/nt_19890219_f08_v1.1_n.bin']
North,1989,2,20,15.469,0, ['/ecs/DP1/PM/NSIDC-0051.001/1989.02.20/nt_19890220_f08_v1.1_n.bin']
North,1989,2,21,15.467,0, ['/ecs/DP1/PM/NSIDC-0051.001/1989.02.21/nt_19890221_f08_v1.1_n.bin']
North,1989,2,22,15.534,0, ['/ecs/DP1/PM/NSIDC-0051.001/1989.02.22/nt_19890222_f08_v1.1_n.bin']
North,1989,2,23,15.571,0, ['/ecs/DP1/PM/NSIDC-0051.001/1989.02.23/nt_19890223_f08_v1.1_n.bin']
North,1989,2,24,15.638,0, ['/ecs/DP1/PM/NSIDC-0051.001/1989.02.24/nt_19890224_f08_v1.1_n.bin']
North,1989,2,25,15.664,0, ['/ecs/DP1/PM/NSIDC-0051.001/1989.02.25/nt_19890225_f08_v1.1_n.bin']
North,1989,2,26,15.655,0, ['/ecs/DP1/PM/NSIDC-0051.001/1989.02.26/nt_19890226_f08_v1.1_n.bin']
North,1989,2,27,15.68,0, ['/ecs/DP1/PM/NSIDC-0051.001/1989.02.27/nt_19890227_f08_v1.1_n.bin']
North,1989,2,28,15.655,0, ['/ecs/DP1/PM/NSIDC-0051.001/1989.02.28/nt_19890228_f08_v1.1_n.bin']
North,1989,3,1,15.557,0, ['/ecs/DP1/PM/NSIDC-0051.001/1989.03.01/nt_19890301_f08_v1.1_n.bin']
North,1989,3,2,15.607,0, ['/ecs/DP1/PM/NSIDC-0051.001/1989.03.02/nt_19890302_f08_v1.1_n.bin']
North,1989,3,3,15.686,0, ['/ecs/DP1/PM/NSIDC-0051.001/1989.03.03/nt_19890303_f08_v1.1_n.bin']
North,1989,3,4,15.72,0, ['/ecs/DP1/PM/NSIDC-0051.001/1989.03.04/nt_19890304_f08_v1.1_n.bin']
North,1989,3,5,15.689,0, ['/ecs/DP1/PM/NSIDC-0051.001/1989.03.05/nt_19890305_f08_v1.1_n.bin']
North,1989,3,6,15.766,0, ['/ecs/DP1/PM/NSIDC-0051.001/1989.03.06/nt_19890306_f08_v1.1_n.bin']
North,1989,3,7,15.646,0, ['/ecs/DP1/PM/NSIDC-0051.001/1989.03.07/nt_19890307_f08_v1.1_n.bin']
North,1989,3,8,15.564,0, ['/ecs/DP1/PM/NSIDC-0051.001/1989.03.08/nt_19890308_f08_v1.1_n.bin']
North,1989,3,9,15.442,0, ['/ecs/DP1/PM/NSIDC-0051.001/1989.03.09/nt_19890309_f08_v1.1_n.bin']
North,1989,3,10,15.388,0, ['/ecs/DP1/PM/NSIDC-0051.001/1989.03.10/nt_19890310_f08_v1.1_n.bin']
North,1989,3,11,15.409,0, ['/ecs/DP1/PM/NSIDC-0051.001/1989.03.11/nt_19890311_f08_v1.1_n.bin']
North,1989,3,12,15.295,0, ['/ecs/DP1/PM/NSIDC-0051.001/1989.03.12/nt_19890312_f08_v1.1_n.bin']
North,1989,3,13,15.367,0, ['/ecs/DP1/PM/NSIDC-0051.001/1989.03.13/nt_19890313_f08_v1.1_n.bin']
North,1989,3,14,15.385,0, ['/ecs/DP1/PM/NSIDC-0051.001/1989.03.14/nt_19890314_f08_v1.1_n.bin']
North,1989,3,15,15.413,0, ['/ecs/DP1/PM/NSIDC-0051.001/1989.03.15/nt_19890315_f08_v1.1_n.bin']
North,1989,3,16,15.338,0, ['/ecs/DP1/PM/NSIDC-0051.001/1989.03.16/nt_19890316_f08_v1.1_n.bin']
North,1989,3,17,15.295,0, ['/ecs/DP1/PM/NSIDC-0051.001/1989.03.17/nt_19890317_f08_v1.1_n.bin']
North,1989,3,18,15.308,0, ['/ecs/DP1/PM/NSIDC-0051.001/1989.03.18/nt_19890318_f08_v1.1_n.bin']
North,1989,3,19,15.4,0, ['/ecs/DP1/PM/NSIDC-0051.001/1989.03.19/nt_19890319_f08_v1.1_n.bin']
North,1989,3,20,15.431,0, ['/ecs/DP1/PM/NSIDC-0051.001/1989.03.20/nt_19890320_f08_v1.1_n.bin']
North,1989,3,21,15.464,0, ['/ecs/DP1/PM/NSIDC-0051.001/1989.03.21/nt_19890321_f08_v1.1_n.bin']
North,1989,3,22,15.397,0, ['/ecs/DP1/PM/NSIDC-0051.001/1989.03.22/nt_19890322_f08_v1.1_n.bin']
North,1989,3,23,15.362,0, ['/ecs/DP1/PM/NSIDC-0051.001/1989.03.23/nt_19890323_f08_v1.1_n.bin']
North,1989,3,24,15.329,0, ['/ecs/DP1/PM/NSIDC-0051.001/1989.03.24/nt_19890324_f08_v1.1_n.bin']
North,1989,3,25,15.283,0, ['/ecs/DP1/PM/NSIDC-0051.001/1989.03.25/nt_19890325_f08_v1.1_n.bin']
North,1989,3,26,15.235,0, ['/ecs/DP1/PM/NSIDC-0051.001/1989.03.26/nt_19890326_f08_v1.1_n.bin']
North,1989,3,27,15.238,0, ['/ecs/DP1/PM/NSIDC-0051.001/1989.03.27/nt_19890327_f08_v1.1_n.bin']
North,1989,3,28,15.302,0, ['/ecs/DP1/PM/NSIDC-0051.001/1989.03.28/nt_19890328_f08_v1.1_n.bin']
North,1989,3,29,15.277,0, ['/ecs/DP1/PM/NSIDC-0051.001/1989.03.29/nt_19890329_f08_v1.1_n.bin']
North,1989,3,30,15.281,0, ['/ecs/DP1/PM/NSIDC-0051.001/1989.03.30/nt_19890330_f08_v1.1_n.bin']
North,1989,3,31,15.248,0, ['/ecs/DP1/PM/NSIDC-0051.001/1989.03.31/nt_19890331_f08_v1.1_n.bin']
North,1989,4,1,15.116,0, ['/ecs/DP1/PM/NSIDC-0051.001/1989.04.01/nt_19890401_f08_v1.1_n.bin']
North,1989,4,2,14.993,0, ['/ecs/DP1/PM/NSIDC-0051.001/1989.04.02/nt_19890402_f08_v1.1_n.bin']
North,1989,4,3,14.933,0, ['/ecs/DP1/PM/NSIDC-0051.001/1989.04.03/nt_19890403_f08_v1.1_n.bin']
North,1989,4,4,15.029,0, ['/ecs/DP1/PM/NSIDC-0051.001/1989.04.04/nt_19890404_f08_v1.1_n.bin']
North,1989,4,5,15.012,0, ['/ecs/DP1/PM/NSIDC-0051.001/1989.04.05/nt_19890405_f08_v1.1_n.bin']
North,1989,4,6,14.968,0, ['/ecs/DP1/PM/NSIDC-0051.001/1989.04.06/nt_19890406_f08_v1.1_n.bin']
North,1989,4,7,14.857,0, ['/ecs/DP1/PM/NSIDC-0051.001/1989.04.07/nt_19890407_f08_v1.1_n.bin']
North,1989,4,8,14.772,0, ['/ecs/DP1/PM/NSIDC-0051.001/1989.04.08/nt_19890408_f08_v1.1_n.bin']
North,1989,4,9,14.724,0, ['/ecs/DP1/PM/NSIDC-0051.001/1989.04.09/nt_19890409_f08_v1.1_n.bin']
North,1989,4,10,14.656,0, ['/ecs/DP1/PM/NSIDC-0051.001/1989.04.10/nt_19890410_f08_v1.1_n.bin']
North,1989,4,11,14.648,0, ['/ecs/DP1/PM/NSIDC-0051.001/1989.04.11/nt_19890411_f08_v1.1_n.bin']
North,1989,4,12,14.591,0, ['/ecs/DP1/PM/NSIDC-0051.001/1989.04.12/nt_19890412_f08_v1.1_n.bin']
North,1989,4,13,14.516,0, ['/ecs/DP1/PM/NSIDC-0051.001/1989.04.13/nt_19890413_f08_v1.1_n.bin']
North,1989,4,14,14.349,0, ['/ecs/DP1/PM/NSIDC-0051.001/1989.04.14/nt_19890414_f08_v1.1_n.bin']
North,1989,4,15,14.37,0, ['/ecs/DP1/PM/NSIDC-0051.001/1989.04.15/nt_19890415_f08_v1.1_n.bin']
North,1989,4,16,14.265,0, ['/ecs/DP1/PM/NSIDC-0051.001/1989.04.16/nt_19890416_f08_v1.1_n.bin']
North,1989,4,17,14.239,0, ['/ecs/DP1/PM/NSIDC-0051.001/1989.04.17/nt_19890417_f08_v1.1_n.bin']
North,1989,4,18,14.064,0, ['/ecs/DP1/PM/NSIDC-0051.001/1989.04.18/nt_19890418_f08_v1.1_n.bin']
North,1989,4,19,14.004,0, ['/ecs/DP1/PM/NSIDC-0051.001/1989.04.19/nt_19890419_f08_v1.1_n.bin']
North,1989,4,20,13.996,0, ['/ecs/DP1/PM/NSIDC-0051.001/1989.04.20/nt_19890420_f08_v1.1_n.bin']
North,1989,4,21,13.959,0, ['/ecs/DP1/PM/NSIDC-0051.001/1989.04.21/nt_19890421_f08_v1.1_n.bin']
North,1989,4,22,13.963,0, ['/ecs/DP1/PM/NSIDC-0051.001/1989.04.22/nt_19890422_f08_v1.1_n.bin']
North,1989,4,23,13.929,0, ['/ecs/DP1/PM/NSIDC-0051.001/1989.04.23/nt_19890423_f08_v1.1_n.bin']
North,1989,4,24,13.898,0, ['/ecs/DP1/PM/NSIDC-0051.001/1989.04.24/nt_19890424_f08_v1.1_n.bin']
North,1989,4,25,13.794,0, ['/ecs/DP1/PM/NSIDC-0051.001/1989.04.25/nt_19890425_f08_v1.1_n.bin']
North,1989,4,26,13.754,0, ['/ecs/DP1/PM/NSIDC-0051.001/1989.04.26/nt_19890426_f08_v1.1_n.bin']
North,1989,4,27,13.679,0, ['/ecs/DP1/PM/NSIDC-0051.001/1989.04.27/nt_19890427_f08_v1.1_n.bin']
North,1989,4,28,13.627,0, ['/ecs/DP1/PM/NSIDC-0051.001/1989.04.28/nt_19890428_f08_v1.1_n.bin']
North,1989,4,29,13.577,0, ['/ecs/DP1/PM/NSIDC-0051.001/1989.04.29/nt_19890429_f08_v1.1_n.bin']
North,1989,4,30,13.57,0, ['/ecs/DP1/PM/NSIDC-0051.001/1989.04.30/nt_19890430_f08_v1.1_n.bin']
North,1989,5,1,13.363,0, ['/ecs/DP1/PM/NSIDC-0051.001/1989.05.01/nt_19890501_f08_v1.1_n.bin']
North,1989,5,2,13.342,0, ['/ecs/DP1/PM/NSIDC-0051.001/1989.05.02/nt_19890502_f08_v1.1_n.bin']
North,1989,5,3,13.369,0, ['/ecs/DP1/PM/NSIDC-0051.001/1989.05.03/nt_19890503_f08_v1.1_n.bin']
North,1989,5,4,13.319,0, ['/ecs/DP1/PM/NSIDC-0051.001/1989.05.04/nt_19890504_f08_v1.1_n.bin']
North,1989,5,5,13.252,0, ['/ecs/DP1/PM/NSIDC-0051.001/1989.05.05/nt_19890505_f08_v1.1_n.bin']
North,1989,5,6,13.25,0, ['/ecs/DP1/PM/NSIDC-0051.001/1989.05.06/nt_19890506_f08_v1.1_n.bin']
North,1989,5,7,13.24,0, ['/ecs/DP1/PM/NSIDC-0051.001/1989.05.07/nt_19890507_f08_v1.1_n.bin']
North,1989,5,8,13.247,0, ['/ecs/DP1/PM/NSIDC-0051.001/1989.05.08/nt_19890508_f08_v1.1_n.bin']
North,1989,5,9,13.189,0, ['/ecs/DP1/PM/NSIDC-0051.001/1989.05.09/nt_19890509_f08_v1.1_n.bin']
North,1989,5,10,13.187,0, ['/ecs/DP1/PM/NSIDC-0051.001/1989.05.10/nt_19890510_f08_v1.1_n.bin']
North,1989,5,11,13.122,0, ['/ecs/DP1/PM/NSIDC-0051.001/1989.05.11/nt_19890511_f08_v1.1_n.bin']
North,1989,5,12,13.094,0, ['/ecs/DP1/PM/NSIDC-0051.001/1989.05.12/nt_19890512_f08_v1.1_n.bin']
North,1989,5,13,13.058,0, ['/ecs/DP1/PM/NSIDC-0051.001/1989.05.13/nt_19890513_f08_v1.1_n.bin']
North,1989,5,14,13.084,0, ['/ecs/DP1/PM/NSIDC-0051.001/1989.05.14/nt_19890514_f08_v1.1_n.bin']
North,1989,5,15,13.051,0, ['/ecs/DP1/PM/NSIDC-0051.001/1989.05.15/nt_19890515_f08_v1.1_n.bin']
North,1989,5,16,13.008,0, ['/ecs/DP1/PM/NSIDC-0051.001/1989.05.16/nt_19890516_f08_v1.1_n.bin']
North,1989,5,17,12.975,0, ['/ecs/DP1/PM/NSIDC-0051.001/1989.05.17/nt_19890517_f08_v1.1_n.bin']
North,1989,5,18,12.922,0, ['/ecs/DP1/PM/NSIDC-0051.001/1989.05.18/nt_19890518_f08_v1.1_n.bin']
North,1989,5,19,13.027,0, ['/ecs/DP1/PM/NSIDC-0051.001/1989.05.19/nt_19890519_f08_v1.1_n.bin']
North,1989,5,20,12.96,0, ['/ecs/DP1/PM/NSIDC-0051.001/1989.05.20/nt_19890520_f08_v1.1_n.bin']
North,1989,5,21,12.923,0, ['/ecs/DP1/PM/NSIDC-0051.001/1989.05.21/nt_19890521_f08_v1.1_n.bin']
North,1989,5,22,12.886,0, ['/ecs/DP1/PM/NSIDC-0051.001/1989.05.22/nt_19890522_f08_v1.1_n.bin']
North,1989,5,23,12.874,0, ['/ecs/DP1/PM/NSIDC-0051.001/1989.05.23/nt_19890523_f08_v1.1_n.bin']
North,1989,5,24,12.856,0, ['/ecs/DP1/PM/NSIDC-0051.001/1989.05.24/nt_19890524_f08_v1.1_n.bin']
North,1989,5,25,12.878,0, ['/ecs/DP1/PM/NSIDC-0051.001/1989.05.25/nt_19890525_f08_v1.1_n.bin']
North,1989,5,26,12.849,0, ['/ecs/DP1/PM/NSIDC-0051.001/1989.05.26/nt_19890526_f08_v1.1_n.bin']
North,1989,5,27,12.853,0, ['/ecs/DP1/PM/NSIDC-0051.001/1989.05.27/nt_19890527_f08_v1.1_n.bin']
North,1989,5,28,12.807,0, ['/ecs/DP1/PM/NSIDC-0051.001/1989.05.28/nt_19890528_f08_v1.1_n.bin']
North,1989,5,29,12.823,0, ['/ecs/DP1/PM/NSIDC-0051.001/1989.05.29/nt_19890529_f08_v1.1_n.bin']
North,1989,5,30,12.766,0, ['/ecs/DP1/PM/NSIDC-0051.001/1989.05.30/nt_19890530_f08_v1.1_n.bin']
North,1989,5,31,12.794,0, ['/ecs/DP1/PM/NSIDC-0051.001/1989.05.31/nt_19890531_f08_v1.1_n.bin']
North,1989,6,1,12.729,0, ['/ecs/DP1/PM/NSIDC-0051.001/1989.06.01/nt_19890601_f08_v1.1_n.bin']
North,1989,6,2,12.687,0, ['/ecs/DP1/PM/NSIDC-0051.001/1989.06.02/nt_19890602_f08_v1.1_n.bin']
North,1989,6,3,12.643,0, ['/ecs/DP1/PM/NSIDC-0051.001/1989.06.03/nt_19890603_f08_v1.1_n.bin']
North,1989,6,4,12.638,0, ['/ecs/DP1/PM/NSIDC-0051.001/1989.06.04/nt_19890604_f08_v1.1_n.bin']
North,1989,6,5,12.641,0, ['/ecs/DP1/PM/NSIDC-0051.001/1989.06.05/nt_19890605_f08_v1.1_n.bin']
North,1989,6,6,12.601,0, ['/ecs/DP1/PM/NSIDC-0051.001/1989.06.06/nt_19890606_f08_v1.1_n.bin']
North,1989,6,7,12.561,0, ['/ecs/DP1/PM/NSIDC-0051.001/1989.06.07/nt_19890607_f08_v1.1_n.bin']
North,1989,6,8,12.541,0, ['/ecs/DP1/PM/NSIDC-0051.001/1989.06.08/nt_19890608_f08_v1.1_n.bin']
North,1989,6,9,12.506,0, ['/ecs/DP1/PM/NSIDC-0051.001/1989.06.09/nt_19890609_f08_v1.1_n.bin']
North,1989,6,10,12.452,0, ['/ecs/DP1/PM/NSIDC-0051.001/1989.06.10/nt_19890610_f08_v1.1_n.bin']
North,1989,6,11,12.422,0, ['/ecs/DP1/PM/NSIDC-0051.001/1989.06.11/nt_19890611_f08_v1.1_n.bin']
North,1989,6,12,12.455,0, ['/ecs/DP1/PM/NSIDC-0051.001/1989.06.12/nt_19890612_f08_v1.1_n.bin']
North,1989,6,13,12.414,0, ['/ecs/DP1/PM/NSIDC-0051.001/1989.06.13/nt_19890613_f08_v1.1_n.bin']
North,1989,6,14,12.341,0, ['/ecs/DP1/PM/NSIDC-0051.001/1989.06.14/nt_19890614_f08_v1.1_n.bin']
North,1989,6,15,12.336,0, ['/ecs/DP1/PM/NSIDC-0051.001/1989.06.15/nt_19890615_f08_v1.1_n.bin']
North,1989,6,16,12.308,0, ['/ecs/DP1/PM/NSIDC-0051.001/1989.06.16/nt_19890616_f08_v1.1_n.bin']
North,1989,6,17,12.235,0, ['/ecs/DP1/PM/NSIDC-0051.001/1989.06.17/nt_19890617_f08_v1.1_n.bin']
North,1989,6,18,12.233,0, ['/ecs/DP1/PM/NSIDC-0051.001/1989.06.18/nt_19890618_f08_v1.1_n.bin']
North,1989,6,19,12.171,0, ['/ecs/DP1/PM/NSIDC-0051.001/1989.06.19/nt_19890619_f08_v1.1_n.bin']
North,1989,6,20,12.118,0, ['/ecs/DP1/PM/NSIDC-0051.001/1989.06.20/nt_19890620_f08_v1.1_n.bin']
North,1989,6,21,12.066,0, ['/ecs/DP1/PM/NSIDC-0051.001/1989.06.21/nt_19890621_f08_v1.1_n.bin']
North,1989,6,22,11.966,0, ['/ecs/DP1/PM/NSIDC-0051.001/1989.06.22/nt_19890622_f08_v1.1_n.bin']
North,1989,6,23,11.957,0, ['/ecs/DP1/PM/NSIDC-0051.001/1989.06.23/nt_19890623_f08_v1.1_n.bin']
North,1989,6,24,11.927,0, ['/ecs/DP1/PM/NSIDC-0051.001/1989.06.24/nt_19890624_f08_v1.1_n.bin']
North,1989,6,25,11.892,0, ['/ecs/DP1/PM/NSIDC-0051.001/1989.06.25/nt_19890625_f08_v1.1_n.bin']
North,1989,6,26,11.804,0, ['/ecs/DP1/PM/NSIDC-0051.001/1989.06.26/nt_19890626_f08_v1.1_n.bin']
North,1989,6,27,11.749,0, ['/ecs/DP1/PM/NSIDC-0051.001/1989.06.27/nt_19890627_f08_v1.1_n.bin']
North,1989,6,28,11.692,0, ['/ecs/DP1/PM/NSIDC-0051.001/1989.06.28/nt_19890628_f08_v1.1_n.bin']
North,1989,6,29,11.635,0, ['/ecs/DP1/PM/NSIDC-0051.001/1989.06.29/nt_19890629_f08_v1.1_n.bin']
North,1989,6,30,11.616,0, ['/ecs/DP1/PM/NSIDC-0051.001/1989.06.30/nt_19890630_f08_v1.1_n.bin']
North,1989,7,1,11.34,0, ['/ecs/DP1/PM/NSIDC-0051.001/1989.07.01/nt_19890701_f08_v1.1_n.bin']
North,1989,7,2,11.277,0, ['/ecs/DP1/PM/NSIDC-0051.001/1989.07.02/nt_19890702_f08_v1.1_n.bin']
North,1989,7,3,11.128,0, ['/ecs/DP1/PM/NSIDC-0051.001/1989.07.03/nt_19890703_f08_v1.1_n.bin']
North,1989,7,4,11.164,0, ['/ecs/DP1/PM/NSIDC-0051.001/1989.07.04/nt_19890704_f08_v1.1_n.bin']
North,1989,7,5,11.068,0, ['/ecs/DP1/PM/NSIDC-0051.001/1989.07.05/nt_19890705_f08_v1.1_n.bin']
North,1989,7,6,11.002,0, ['/ecs/DP1/PM/NSIDC-0051.001/1989.07.06/nt_19890706_f08_v1.1_n.bin']
North,1989,7,7,10.914,0, ['/ecs/DP1/PM/NSIDC-0051.001/1989.07.07/nt_19890707_f08_v1.1_n.bin']
North,1989,7,8,10.86,0, ['/ecs/DP1/PM/NSIDC-0051.001/1989.07.08/nt_19890708_f08_v1.1_n.bin']
North,1989,7,9,10.861,0, ['/ecs/DP1/PM/NSIDC-0051.001/1989.07.09/nt_19890709_f08_v1.1_n.bin']
North,1989,7,10,10.711,0, ['/ecs/DP1/PM/NSIDC-0051.001/1989.07.10/nt_19890710_f08_v1.1_n.bin']
North,1989,7,11,10.633,0, ['/ecs/DP1/PM/NSIDC-0051.001/1989.07.11/nt_19890711_f08_v1.1_n.bin']
North,1989,7,12,10.597,0, ['/ecs/DP1/PM/NSIDC-0051.001/1989.07.12/nt_19890712_f08_v1.1_n.bin']
North,1989,7,13,10.514,0, ['/ecs/DP1/PM/NSIDC-0051.001/1989.07.13/nt_19890713_f08_v1.1_n.bin']
North,1989,7,14,10.3,0, ['/ecs/DP1/PM/NSIDC-0051.001/1989.07.14/nt_19890714_f08_v1.1_n.bin']
North,1989,7,15,10.199,0, ['/ecs/DP1/PM/NSIDC-0051.001/1989.07.15/nt_19890715_f08_v1.1_n.bin']
North,1989,7,16,10.165,0, ['/ecs/DP1/PM/NSIDC-0051.001/1989.07.16/nt_19890716_f08_v1.1_n.bin']
North,1989,7,17,10.104,0, ['/ecs/DP1/PM/NSIDC-0051.001/1989.07.17/nt_19890717_f08_v1.1_n.bin']
North,1989,7,18,9.99,0, ['/ecs/DP1/PM/NSIDC-0051.001/1989.07.18/nt_19890718_f08_v1.1_n.bin']
North,1989,7,19,9.837,0, ['/ecs/DP1/PM/NSIDC-0051.001/1989.07.19/nt_19890719_f08_v1.1_n.bin']
North,1989,7,20,9.662,0, ['/ecs/DP1/PM/NSIDC-0051.001/1989.07.20/nt_19890720_f08_v1.1_n.bin']
North,1989,7,21,9.627,0, ['/ecs/DP1/PM/NSIDC-0051.001/1989.07.21/nt_19890721_f08_v1.1_n.bin']
North,1989,7,22,9.607,0, ['/ecs/DP1/PM/NSIDC-0051.001/1989.07.22/nt_19890722_f08_v1.1_n.bin']
North,1989,7,23,9.497,0, ['/ecs/DP1/PM/NSIDC-0051.001/1989.07.23/nt_19890723_f08_v1.1_n.bin']
North,1989,7,24,9.419,0, ['/ecs/DP1/PM/NSIDC-0051.001/1989.07.24/nt_19890724_f08_v1.1_n.bin']
North,1989,7,25,9.338,0, ['/ecs/DP1/PM/NSIDC-0051.001/1989.07.25/nt_19890725_f08_v1.1_n.bin']
North,1989,7,26,9.304,0, ['/ecs/DP1/PM/NSIDC-0051.001/1989.07.26/nt_19890726_f08_v1.1_n.bin']
North,1989,7,27,9.13,0, ['/ecs/DP1/PM/NSIDC-0051.001/1989.07.27/nt_19890727_f08_v1.1_n.bin']
North,1989,7,28,9.099,0, ['/ecs/DP1/PM/NSIDC-0051.001/1989.07.28/nt_19890728_f08_v1.1_n.bin']
North,1989,7,29,8.953,0, ['/ecs/DP1/PM/NSIDC-0051.001/1989.07.29/nt_19890729_f08_v1.1_n.bin']
North,1989,7,30,8.861,0, ['/ecs/DP1/PM/NSIDC-0051.001/1989.07.30/nt_19890730_f08_v1.1_n.bin']
North,1989,7,31,8.86,0, ['/ecs/DP1/PM/NSIDC-0051.001/1989.07.31/nt_19890731_f08_v1.1_n.bin']
North,1989,8,1,8.83,0, ['/ecs/DP1/PM/NSIDC-0051.001/1989.08.01/nt_19890801_f08_v1.1_n.bin']
North,1989,8,2,8.765,0, ['/ecs/DP1/PM/NSIDC-0051.001/1989.08.02/nt_19890802_f08_v1.1_n.bin']
North,1989,8,3,8.69,0, ['/ecs/DP1/PM/NSIDC-0051.001/1989.08.03/nt_19890803_f08_v1.1_n.bin']
North,1989,8,4,8.548,0, ['/ecs/DP1/PM/NSIDC-0051.001/1989.08.04/nt_19890804_f08_v1.1_n.bin']
North,1989,8,5,8.474,0, ['/ecs/DP1/PM/NSIDC-0051.001/1989.08.05/nt_19890805_f08_v1.1_n.bin']
North,1989,8,6,8.417,0, ['/ecs/DP1/PM/NSIDC-0051.001/1989.08.06/nt_19890806_f08_v1.1_n.bin']
North,1989,8,7,8.319,0, ['/ecs/DP1/PM/NSIDC-0051.001/1989.08.07/nt_19890807_f08_v1.1_n.bin']
North,1989,8,8,8.295,0, ['/ecs/DP1/PM/NSIDC-0051.001/1989.08.08/nt_19890808_f08_v1.1_n.bin']
North,1989,8,9,8.237,0, ['/ecs/DP1/PM/NSIDC-0051.001/1989.08.09/nt_19890809_f08_v1.1_n.bin']
North,1989,8,10,8.195,0, ['/ecs/DP1/PM/NSIDC-0051.001/1989.08.10/nt_19890810_f08_v1.1_n.bin']
North,1989,8,11,8.113,0, ['/ecs/DP1/PM/NSIDC-0051.001/1989.08.11/nt_19890811_f08_v1.1_n.bin']
North,1989,8,12,8.048,0, ['/ecs/DP1/PM/NSIDC-0051.001/1989.08.12/nt_19890812_f08_v1.1_n.bin']
North,1989,8,13,8.02,0, ['/ecs/DP1/PM/NSIDC-0051.001/1989.08.13/nt_19890813_f08_v1.1_n.bin']
North,1989,8,14,7.93,0, ['/ecs/DP1/PM/NSIDC-0051.001/1989.08.14/nt_19890814_f08_v1.1_n.bin']
North,1989,8,15,7.887,0, ['/ecs/DP1/PM/NSIDC-0051.001/1989.08.15/nt_19890815_f08_v1.1_n.bin']
North,1989,8,16,7.906,0, ['/ecs/DP1/PM/NSIDC-0051.001/1989.08.16/nt_19890816_f08_v1.1_n.bin']
North,1989,8,17,7.844,0, ['/ecs/DP1/PM/NSIDC-0051.001/1989.08.17/nt_19890817_f08_v1.1_n.bin']
North,1989,8,18,7.783,0, ['/ecs/DP1/PM/NSIDC-0051.001/1989.08.18/nt_19890818_f08_v1.1_n.bin']
North,1989,8,19,7.605,0, ['/ecs/DP1/PM/NSIDC-0051.001/1989.08.19/nt_19890819_f08_v1.1_n.bin']
North,1989,8,20,7.527,0, ['/ecs/DP1/PM/NSIDC-0051.001/1989.08.20/nt_19890820_f08_v1.1_n.bin']
North,1989,8,21,7.469,0, ['/ecs/DP1/PM/NSIDC-0051.001/1989.08.21/nt_19890821_f08_v1.1_n.bin']
North,1989,8,22,7.407,0, ['/ecs/DP1/PM/NSIDC-0051.001/1989.08.22/nt_19890822_f08_v1.1_n.bin']
North,1989,8,23,7.443,0, ['/ecs/DP1/PM/NSIDC-0051.001/1989.08.23/nt_19890823_f08_v1.1_n.bin']
North,1989,8,24,7.457,0, ['/ecs/DP1/PM/NSIDC-0051.001/1989.08.24/nt_19890824_f08_v1.1_n.bin']
North,1989,8,25,7.459,0, ['/ecs/DP1/PM/NSIDC-0051.001/1989.08.25/nt_19890825_f08_v1.1_n.bin']
North,1989,8,26,7.475,0, ['/ecs/DP1/PM/NSIDC-0051.001/1989.08.26/nt_19890826_f08_v1.1_n.bin']
North,1989,8,27,7.354,0, ['/ecs/DP1/PM/NSIDC-0051.001/1989.08.27/nt_19890827_f08_v1.1_n.bin']
North,1989,8,28,7.351,0, ['/ecs/DP1/PM/NSIDC-0051.001/1989.08.28/nt_19890828_f08_v1.1_n.bin']
North,1989,8,29,7.182,0, ['/ecs/DP1/PM/NSIDC-0051.001/1989.08.29/nt_19890829_f08_v1.1_n.bin']
North,1989,8,30,7.157,0, ['/ecs/DP1/PM/NSIDC-0051.001/1989.08.30/nt_19890830_f08_v1.1_n.bin']
North,1989,8,31,7.148,0, ['/ecs/DP1/PM/NSIDC-0051.001/1989.08.31/nt_19890831_f08_v1.1_n.bin']
North,1989,9,1,7.088,0, ['/ecs/DP1/PM/NSIDC-0051.001/1989.09.01/nt_19890901_f08_v1.1_n.bin']
North,1989,9,2,7.075,0, ['/ecs/DP1/PM/NSIDC-0051.001/1989.09.02/nt_19890902_f08_v1.1_n.bin']
North,1989,9,3,7.082,0, ['/ecs/DP1/PM/NSIDC-0051.001/1989.09.03/nt_19890903_f08_v1.1_n.bin']
North,1989,9,4,7.003,0, ['/ecs/DP1/PM/NSIDC-0051.001/1989.09.04/nt_19890904_f08_v1.1_n.bin']
North,1989,9,5,6.998,0, ['/ecs/DP1/PM/NSIDC-0051.001/1989.09.05/nt_19890905_f08_v1.1_n.bin']
North,1989,9,6,6.991,0, ['/ecs/DP1/PM/NSIDC-0051.001/1989.09.06/nt_19890906_f08_v1.1_n.bin']
North,1989,9,7,6.959,0, ['/ecs/DP1/PM/NSIDC-0051.001/1989.09.07/nt_19890907_f08_v1.1_n.bin']
North,1989,9,8,6.98,0, ['/ecs/DP1/PM/NSIDC-0051.001/1989.09.08/nt_19890908_f08_v1.1_n.bin']
North,1989,9,9,6.95,0, ['/ecs/DP1/PM/NSIDC-0051.001/1989.09.09/nt_19890909_f08_v1.1_n.bin']
North,1989,9,10,6.907,0, ['/ecs/DP1/PM/NSIDC-0051.001/1989.09.10/nt_19890910_f08_v1.1_n.bin']
North,1989,9,11,6.903,0, ['/ecs/DP1/PM/NSIDC-0051.001/1989.09.11/nt_19890911_f08_v1.1_n.bin']
North,1989,9,12,6.922,0, ['/ecs/DP1/PM/NSIDC-0051.001/1989.09.12/nt_19890912_f08_v1.1_n.bin']
North,1989,9,13,6.908,0, ['/ecs/DP1/PM/NSIDC-0051.001/1989.09.13/nt_19890913_f08_v1.1_n.bin']
North,1989,9,14,6.907,0, ['/ecs/DP1/PM/NSIDC-0051.001/1989.09.14/nt_19890914_f08_v1.1_n.bin']
North,1989,9,15,6.894,0, ['/ecs/DP1/PM/NSIDC-0051.001/1989.09.15/nt_19890915_f08_v1.1_n.bin']
North,1989,9,16,6.968,0, ['/ecs/DP1/PM/NSIDC-0051.001/1989.09.16/nt_19890916_f08_v1.1_n.bin']
North,1989,9,17,6.95,0, ['/ecs/DP1/PM/NSIDC-0051.001/1989.09.17/nt_19890917_f08_v1.1_n.bin']
North,1989,9,18,6.964,0, ['/ecs/DP1/PM/NSIDC-0051.001/1989.09.18/nt_19890918_f08_v1.1_n.bin']
North,1989,9,19,6.976,0, ['/ecs/DP1/PM/NSIDC-0051.001/1989.09.19/nt_19890919_f08_v1.1_n.bin']
North,1989,9,20,6.901,0, ['/ecs/DP1/PM/NSIDC-0051.001/1989.09.20/nt_19890920_f08_v1.1_n.bin']
North,1989,9,21,6.918,0, ['/ecs/DP1/PM/NSIDC-0051.001/1989.09.21/nt_19890921_f08_v1.1_n.bin']
North,1989,9,22,6.888,0, ['/ecs/DP1/PM/NSIDC-0051.001/1989.09.22/nt_19890922_f08_v1.1_n.bin']
North,1989,9,23,6.917,0, ['/ecs/DP1/PM/NSIDC-0051.001/1989.09.23/nt_19890923_f08_v1.1_n.bin']
North,1989,9,24,6.979,0, ['/ecs/DP1/PM/NSIDC-0051.001/1989.09.24/nt_19890924_f08_v1.1_n.bin']
North,1989,9,25,7.053,0, ['/ecs/DP1/PM/NSIDC-0051.001/1989.09.25/nt_19890925_f08_v1.1_n.bin']
North,1989,9,26,7.197,0, ['/ecs/DP1/PM/NSIDC-0051.001/1989.09.26/nt_19890926_f08_v1.1_n.bin']
North,1989,9,27,7.229,0, ['/ecs/DP1/PM/NSIDC-0051.001/1989.09.27/nt_19890927_f08_v1.1_n.bin']
North,1989,9,28,7.267,0, ['/ecs/DP1/PM/NSIDC-0051.001/1989.09.28/nt_19890928_f08_v1.1_n.bin']
North,1989,9,29,7.213,0, ['/ecs/DP1/PM/NSIDC-0051.001/1989.09.29/nt_19890929_f08_v1.1_n.bin']
North,1989,9,30,7.263,0, ['/ecs/DP1/PM/NSIDC-0051.001/1989.09.30/nt_19890930_f08_v1.1_n.bin']
North,1989,10,1,7.453,0, ['/ecs/DP1/PM/NSIDC-0051.001/1989.10.01/nt_19891001_f08_v1.1_n.bin']
North,1989,10,2,7.493,0, ['/ecs/DP1/PM/NSIDC-0051.001/1989.10.02/nt_19891002_f08_v1.1_n.bin']
North,1989,10,3,7.588,0, ['/ecs/DP1/PM/NSIDC-0051.001/1989.10.03/nt_19891003_f08_v1.1_n.bin']
North,1989,10,4,7.684,0, ['/ecs/DP1/PM/NSIDC-0051.001/1989.10.04/nt_19891004_f08_v1.1_n.bin']
North,1989,10,5,7.687,0, ['/ecs/DP1/PM/NSIDC-0051.001/1989.10.05/nt_19891005_f08_v1.1_n.bin']
North,1989,10,6,7.776,0, ['/ecs/DP1/PM/NSIDC-0051.001/1989.10.06/nt_19891006_f08_v1.1_n.bin']
North,1989,10,7,7.917,0, ['/ecs/DP1/PM/NSIDC-0051.001/1989.10.07/nt_19891007_f08_v1.1_n.bin']
North,1989,10,8,8.011,0, ['/ecs/DP1/PM/NSIDC-0051.001/1989.10.08/nt_19891008_f08_v1.1_n.bin']
North,1989,10,9,8.077,0, ['/ecs/DP1/PM/NSIDC-0051.001/1989.10.09/nt_19891009_f08_v1.1_n.bin']
North,1989,10,10,8.145,0, ['/ecs/DP1/PM/NSIDC-0051.001/1989.10.10/nt_19891010_f08_v1.1_n.bin']
North,1989,10,11,8.263,0, ['/ecs/DP1/PM/NSIDC-0051.001/1989.10.11/nt_19891011_f08_v1.1_n.bin']
North,1989,10,12,8.448,0, ['/ecs/DP1/PM/NSIDC-0051.001/1989.10.12/nt_19891012_f08_v1.1_n.bin']
North,1989,10,13,8.6,0, ['/ecs/DP1/PM/NSIDC-0051.001/1989.10.13/nt_19891013_f08_v1.1_n.bin']
North,1989,10,14,8.591,0, ['/ecs/DP1/PM/NSIDC-0051.001/1989.10.14/nt_19891014_f08_v1.1_n.bin']
North,1989,10,15,8.664,0, ['/ecs/DP1/PM/NSIDC-0051.001/1989.10.15/nt_19891015_f08_v1.1_n.bin']
North,1989,10,16,8.791,0, ['/ecs/DP1/PM/NSIDC-0051.001/1989.10.16/nt_19891016_f08_v1.1_n.bin']
North,1989,10,17,8.897,0, ['/ecs/DP1/PM/NSIDC-0051.001/1989.10.17/nt_19891017_f08_v1.1_n.bin']
North,1989,10,18,9.098,0, ['/ecs/DP1/PM/NSIDC-0051.001/1989.10.18/nt_19891018_f08_v1.1_n.bin']
North,1989,10,19,9.255,0, ['/ecs/DP1/PM/NSIDC-0051.001/1989.10.19/nt_19891019_f08_v1.1_n.bin']
North,1989,10,20,9.331,0, ['/ecs/DP1/PM/NSIDC-0051.001/1989.10.20/nt_19891020_f08_v1.1_n.bin']
North,1989,10,21,9.424,0, ['/ecs/DP1/PM/NSIDC-0051.001/1989.10.21/nt_19891021_f08_v1.1_n.bin']
North,1989,10,22,9.524,0, ['/ecs/DP1/PM/NSIDC-0051.001/1989.10.22/nt_19891022_f08_v1.1_n.bin']
North,1989,10,23,9.622,0, ['/ecs/DP1/PM/NSIDC-0051.001/1989.10.23/nt_19891023_f08_v1.1_n.bin']
North,1989,10,24,9.688,0, ['/ecs/DP1/PM/NSIDC-0051.001/1989.10.24/nt_19891024_f08_v1.1_n.bin']
North,1989,10,25,9.735,0, ['/ecs/DP1/PM/NSIDC-0051.001/1989.10.25/nt_19891025_f08_v1.1_n.bin']
North,1989,10,26,9.844,0, ['/ecs/DP1/PM/NSIDC-0051.001/1989.10.26/nt_19891026_f08_v1.1_n.bin']
North,1989,10,27,9.925,0, ['/ecs/DP1/PM/NSIDC-0051.001/1989.10.27/nt_19891027_f08_v1.1_n.bin']
North,1989,10,28,9.965,0, ['/ecs/DP1/PM/NSIDC-0051.001/1989.10.28/nt_19891028_f08_v1.1_n.bin']
North,1989,10,29,10.042,0, ['/ecs/DP1/PM/NSIDC-0051.001/1989.10.29/nt_19891029_f08_v1.1_n.bin']
North,1989,10,30,10.086,0, ['/ecs/DP1/PM/NSIDC-0051.001/1989.10.30/nt_19891030_f08_v1.1_n.bin']
North,1989,10,31,10.072,0, ['/ecs/DP1/PM/NSIDC-0051.001/1989.10.31/nt_19891031_f08_v1.1_n.bin']
North,1989,11,1,10.213,0, ['/ecs/DP1/PM/NSIDC-0051.001/1989.11.01/nt_19891101_f08_v1.1_n.bin']
North,1989,11,2,10.294,0, ['/ecs/DP1/PM/NSIDC-0051.001/1989.11.02/nt_19891102_f08_v1.1_n.bin']
North,1989,11,3,10.302,0, ['/ecs/DP1/PM/NSIDC-0051.001/1989.11.03/nt_19891103_f08_v1.1_n.bin']
North,1989,11,4,10.348,0, ['/ecs/DP1/PM/NSIDC-0051.001/1989.11.04/nt_19891104_f08_v1.1_n.bin']
North,1989,11,5,10.395,0, ['/ecs/DP1/PM/NSIDC-0051.001/1989.11.05/nt_19891105_f08_v1.1_n.bin']
North,1989,11,6,10.419,0, ['/ecs/DP1/PM/NSIDC-0051.001/1989.11.06/nt_19891106_f08_v1.1_n.bin']
North,1989,11,7,10.412,0, ['/ecs/DP1/PM/NSIDC-0051.001/1989.11.07/nt_19891107_f08_v1.1_n.bin']
North,1989,11,8,10.461,0, ['/ecs/DP1/PM/NSIDC-0051.001/1989.11.08/nt_19891108_f08_v1.1_n.bin']
North,1989,11,9,10.593,0, ['/ecs/DP1/PM/NSIDC-0051.001/1989.11.09/nt_19891109_f08_v1.1_n.bin']
North,1989,11,10,10.696,0, ['/ecs/DP1/PM/NSIDC-0051.001/1989.11.10/nt_19891110_f08_v1.1_n.bin']
North,1989,11,11,10.697,0, ['/ecs/DP1/PM/NSIDC-0051.001/1989.11.11/nt_19891111_f08_v1.1_n.bin']
North,1989,11,12,10.667,0, ['/ecs/DP1/PM/NSIDC-0051.001/1989.11.12/nt_19891112_f08_v1.1_n.bin']
North,1989,11,13,10.713,0, ['/ecs/DP1/PM/NSIDC-0051.001/1989.11.13/nt_19891113_f08_v1.1_n.bin']
North,1989,11,14,10.794,0, ['/ecs/DP1/PM/NSIDC-0051.001/1989.11.14/nt_19891114_f08_v1.1_n.bin']
North,1989,11,15,10.903,0, ['/ecs/DP1/PM/NSIDC-0051.001/1989.11.15/nt_19891115_f08_v1.1_n.bin']
North,1989,11,16,10.842,0, ['/ecs/DP1/PM/NSIDC-0051.001/1989.11.16/nt_19891116_f08_v1.1_n.bin']
North,1989,11,17,10.972,0, ['/ecs/DP1/PM/NSIDC-0051.001/1989.11.17/nt_19891117_f08_v1.1_n.bin']
North,1989,11,18,11.049,0, ['/ecs/DP1/PM/NSIDC-0051.001/1989.11.18/nt_19891118_f08_v1.1_n.bin']
North,1989,11,19,11.123,0, ['/ecs/DP1/PM/NSIDC-0051.001/1989.11.19/nt_19891119_f08_v1.1_n.bin']
North,1989,11,20,11.262,0, ['/ecs/DP1/PM/NSIDC-0051.001/1989.11.20/nt_19891120_f08_v1.1_n.bin']
North,1989,11,21,11.469,0, ['/ecs/DP1/PM/NSIDC-0051.001/1989.11.21/nt_19891121_f08_v1.1_n.bin']
North,1989,11,22,11.577,0, ['/ecs/DP1/PM/NSIDC-0051.001/1989.11.22/nt_19891122_f08_v1.1_n.bin']
North,1989,11,23,11.737,0, ['/ecs/DP1/PM/NSIDC-0051.001/1989.11.23/nt_19891123_f08_v1.1_n.bin']
North,1989,11,24,11.919,0, ['/ecs/DP1/PM/NSIDC-0051.001/1989.11.24/nt_19891124_f08_v1.1_n.bin']
North,1989,11,25,12.037,0, ['/ecs/DP1/PM/NSIDC-0051.001/1989.11.25/nt_19891125_f08_v1.1_n.bin']
North,1989,11,26,12.117,0, ['/ecs/DP1/PM/NSIDC-0051.001/1989.11.26/nt_19891126_f08_v1.1_n.bin']
North,1989,11,27,12.196,0, ['/ecs/DP1/PM/NSIDC-0051.001/1989.11.27/nt_19891127_f08_v1.1_n.bin']
North,1989,11,28,12.334,0, ['/ecs/DP1/PM/NSIDC-0051.001/1989.11.28/nt_19891128_f08_v1.1_n.bin']
North,1989,11,29,12.417,0, ['/ecs/DP1/PM/NSIDC-0051.001/1989.11.29/nt_19891129_f08_v1.1_n.bin']
North,1989,11,30,12.499,0, ['/ecs/DP1/PM/NSIDC-0051.001/1989.11.30/nt_19891130_f08_v1.1_n.bin']
North,1989,12,1,12.597,0, ['/ecs/DP1/PM/NSIDC-0051.001/1989.12.01/nt_19891201_f08_v1.1_n.bin']
North,1989,12,2,12.705,0, ['/ecs/DP1/PM/NSIDC-0051.001/1989.12.02/nt_19891202_f08_v1.1_n.bin']
North,1989,12,3,12.85,0, ['/ecs/DP1/PM/NSIDC-0051.001/1989.12.03/nt_19891203_f08_v1.1_n.bin']
North,1989,12,4,12.988,0, ['/ecs/DP1/PM/NSIDC-0051.001/1989.12.04/nt_19891204_f08_v1.1_n.bin']
North,1989,12,5,13.01,0, ['/ecs/DP1/PM/NSIDC-0051.001/1989.12.05/nt_19891205_f08_v1.1_n.bin']
North,1989,12,6,13.018,0, ['/ecs/DP1/PM/NSIDC-0051.001/1989.12.06/nt_19891206_f08_v1.1_n.bin']
North,1989,12,7,13.059,0, ['/ecs/DP1/PM/NSIDC-0051.001/1989.12.07/nt_19891207_f08_v1.1_n.bin']
North,1989,12,8,13.083,0, ['/ecs/DP1/PM/NSIDC-0051.001/1989.12.08/nt_19891208_f08_v1.1_n.bin']
North,1989,12,9,13.186,0, ['/ecs/DP1/PM/NSIDC-0051.001/1989.12.09/nt_19891209_f08_v1.1_n.bin']
North,1989,12,10,13.173,0, ['/ecs/DP1/PM/NSIDC-0051.001/1989.12.10/nt_19891210_f08_v1.1_n.bin']
North,1989,12,11,13.255,0, ['/ecs/DP1/PM/NSIDC-0051.001/1989.12.11/nt_19891211_f08_v1.1_n.bin']
North,1989,12,12,13.323,0, ['/ecs/DP1/PM/NSIDC-0051.001/1989.12.12/nt_19891212_f08_v1.1_n.bin']
North,1989,12,13,13.292,0, ['/ecs/DP1/PM/NSIDC-0051.001/1989.12.13/nt_19891213_f08_v1.1_n.bin']
North,1989,12,14,13.32,0, ['/ecs/DP1/PM/NSIDC-0051.001/1989.12.14/nt_19891214_f08_v1.1_n.bin']
North,1989,12,15,13.335,0, ['/ecs/DP1/PM/NSIDC-0051.001/1989.12.15/nt_19891215_f08_v1.1_n.bin']
North,1989,12,16,13.284,0, ['/ecs/DP1/PM/NSIDC-0051.001/1989.12.16/nt_19891216_f08_v1.1_n.bin']
North,1989,12,17,13.337,0, ['/ecs/DP1/PM/NSIDC-0051.001/1989.12.17/nt_19891217_f08_v1.1_n.bin']
North,1989,12,18,13.468,0, ['/ecs/DP1/PM/NSIDC-0051.001/1989.12.18/nt_19891218_f08_v1.1_n.bin']
North,1989,12,19,13.521,0, ['/ecs/DP1/PM/NSIDC-0051.001/1989.12.19/nt_19891219_f08_v1.1_n.bin']
North,1989,12,20,13.555,0, ['/ecs/DP1/PM/NSIDC-0051.001/1989.12.20/nt_19891220_f08_v1.1_n.bin']
North,1989,12,21,13.575,0, ['/ecs/DP1/PM/NSIDC-0051.001/1989.12.21/nt_19891221_f08_v1.1_n.bin']
North,1989,12,22,13.564,0, ['/ecs/DP1/PM/NSIDC-0051.001/1989.12.22/nt_19891222_f08_v1.1_n.bin']
North,1989,12,23,13.655,0, ['/ecs/DP1/PM/NSIDC-0051.001/1989.12.23/nt_19891223_f08_v1.1_n.bin']
North,1989,12,24,13.746,0, ['/ecs/DP1/PM/NSIDC-0051.001/1989.12.24/nt_19891224_f08_v1.1_n.bin']
North,1989,12,25,13.758,0, ['/ecs/DP1/PM/NSIDC-0051.001/1989.12.25/nt_19891225_f08_v1.1_n.bin']
North,1989,12,26,13.771,0, ['/ecs/DP1/PM/NSIDC-0051.001/1989.12.26/nt_19891226_f08_v1.1_n.bin']
North,1989,12,27,13.768,0, ['/ecs/DP1/PM/NSIDC-0051.001/1989.12.27/nt_19891227_f08_v1.1_n.bin']
North,1989,12,28,13.889,0, ['/ecs/DP1/PM/NSIDC-0051.001/1989.12.28/nt_19891228_f08_v1.1_n.bin']
North,1989,12,29,13.88,0, ['/ecs/DP1/PM/NSIDC-0051.001/1989.12.29/nt_19891229_f08_v1.1_n.bin']
North,1989,12,30,13.927,0, ['/ecs/DP1/PM/NSIDC-0051.001/1989.12.30/nt_19891230_f08_v1.1_n.bin']
North,1989,12,31,14.099,0, ['/ecs/DP1/PM/NSIDC-0051.001/1989.12.31/nt_19891231_f08_v1.1_n.bin']
North,1990,1,1,14.319,0, ['/ecs/DP1/PM/NSIDC-0051.001/1990.01.01/nt_19900101_f08_v1.1_n.bin']
North,1990,1,2,14.384,0, ['/ecs/DP1/PM/NSIDC-0051.001/1990.01.02/nt_19900102_f08_v1.1_n.bin']
North,1990,1,3,14.283,0, ['/ecs/DP1/PM/NSIDC-0051.001/1990.01.03/nt_19900103_f08_v1.1_n.bin']
North,1990,1,4,14.321,0, ['/ecs/DP1/PM/NSIDC-0051.001/1990.01.04/nt_19900104_f08_v1.1_n.bin']
North,1990,1,5,14.303,0, ['/ecs/DP1/PM/NSIDC-0051.001/1990.01.05/nt_19900105_f08_v1.1_n.bin']
North,1990,1,6,14.407,0, ['/ecs/DP1/PM/NSIDC-0051.001/1990.01.06/nt_19900106_f08_v1.1_n.bin']
North,1990,1,7,14.497,0, ['/ecs/DP1/PM/NSIDC-0051.001/1990.01.07/nt_19900107_f08_v1.1_n.bin']
North,1990,1,8,14.54,0, ['/ecs/DP1/PM/NSIDC-0051.001/1990.01.08/nt_19900108_f08_v1.1_n.bin']
North,1990,1,9,14.623,0, ['/ecs/DP1/PM/NSIDC-0051.001/1990.01.09/nt_19900109_f08_v1.1_n.bin']
North,1990,1,10,14.663,0, ['/ecs/DP1/PM/NSIDC-0051.001/1990.01.10/nt_19900110_f08_v1.1_n.bin']
North,1990,1,11,14.66,0, ['/ecs/DP1/PM/NSIDC-0051.001/1990.01.11/nt_19900111_f08_v1.1_n.bin']
North,1990,1,12,14.716,0, ['/ecs/DP1/PM/NSIDC-0051.001/1990.01.12/nt_19900112_f08_v1.1_n.bin']
North,1990,1,13,14.685,0, ['/ecs/DP1/PM/NSIDC-0051.001/1990.01.13/nt_19900113_f08_v1.1_n.bin']
North,1990,1,14,14.74,0, ['/ecs/DP1/PM/NSIDC-0051.001/1990.01.14/nt_19900114_f08_v1.1_n.bin']
North,1990,1,15,14.728,0, ['/ecs/DP1/PM/NSIDC-0051.001/1990.01.15/nt_19900115_f08_v1.1_n.bin']
North,1990,1,16,14.671,0, ['/ecs/DP1/PM/NSIDC-0051.001/1990.01.16/nt_19900116_f08_v1.1_n.bin']
North,1990,1,17,14.741,0, ['/ecs/DP1/PM/NSIDC-0051.001/1990.01.17/nt_19900117_f08_v1.1_n.bin']
North,1990,1,18,14.899,0, ['/ecs/DP1/PM/NSIDC-0051.001/1990.01.18/nt_19900118_f08_v1.1_n.bin']
North,1990,1,19,14.959,0, ['/ecs/DP1/PM/NSIDC-0051.001/1990.01.19/nt_19900119_f08_v1.1_n.bin']
North,1990,1,20,15.004,0, ['/ecs/DP1/PM/NSIDC-0051.001/1990.01.20/nt_19900120_f08_v1.1_n.bin']
North,1990,1,21,14.977,0, ['/ecs/DP1/PM/NSIDC-0051.001/1990.01.21/nt_19900121_f08_v1.1_n.bin']
North,1990,1,22,15.018,0, ['/ecs/DP1/PM/NSIDC-0051.001/1990.01.22/nt_19900122_f08_v1.1_n.bin']
North,1990,1,23,15.023,0, ['/ecs/DP1/PM/NSIDC-0051.001/1990.01.23/nt_19900123_f08_v1.1_n.bin']
North,1990,1,24,14.983,0, ['/ecs/DP1/PM/NSIDC-0051.001/1990.01.24/nt_19900124_f08_v1.1_n.bin']
North,1990,1,25,15.021,0, ['/ecs/DP1/PM/NSIDC-0051.001/1990.01.25/nt_19900125_f08_v1.1_n.bin']
North,1990,1,26,15.194,0, ['/ecs/DP1/PM/NSIDC-0051.001/1990.01.26/nt_19900126_f08_v1.1_n.bin']
North,1990,1,27,15.074,0, ['/ecs/DP1/PM/NSIDC-0051.001/1990.01.27/nt_19900127_f08_v1.1_n.bin']
North,1990,1,28,15.083,0, ['/ecs/DP1/PM/NSIDC-0051.001/1990.01.28/nt_19900128_f08_v1.1_n.bin']
North,1990,1,29,15.17,0, ['/ecs/DP1/PM/NSIDC-0051.001/1990.01.29/nt_19900129_f08_v1.1_n.bin']
North,1990,1,30,15.257,0, ['/ecs/DP1/PM/NSIDC-0051.001/1990.01.30/nt_19900130_f08_v1.1_n.bin']
North,1990,1,31,15.318,0, ['/ecs/DP1/PM/NSIDC-0051.001/1990.01.31/nt_19900131_f08_v1.1_n.bin']
North,1990,2,1,15.351,0, ['/ecs/DP1/PM/NSIDC-0051.001/1990.02.01/nt_19900201_f08_v1.1_n.bin']
North,1990,2,2,15.39,0, ['/ecs/DP1/PM/NSIDC-0051.001/1990.02.02/nt_19900202_f08_v1.1_n.bin']
North,1990,2,3,15.383,0, ['/ecs/DP1/PM/NSIDC-0051.001/1990.02.03/nt_19900203_f08_v1.1_n.bin']
North,1990,2,4,15.36,0, ['/ecs/DP1/PM/NSIDC-0051.001/1990.02.04/nt_19900204_f08_v1.1_n.bin']
North,1990,2,5,15.38,0, ['/ecs/DP1/PM/NSIDC-0051.001/1990.02.05/nt_19900205_f08_v1.1_n.bin']
North,1990,2,6,15.277,0, ['/ecs/DP1/PM/NSIDC-0051.001/1990.02.06/nt_19900206_f08_v1.1_n.bin']
North,1990,2,7,15.311,0, ['/ecs/DP1/PM/NSIDC-0051.001/1990.02.07/nt_19900207_f08_v1.1_n.bin']
North,1990,2,8,15.369,0, ['/ecs/DP1/PM/NSIDC-0051.001/1990.02.08/nt_19900208_f08_v1.1_n.bin']
North,1990,2,9,15.404,0, ['/ecs/DP1/PM/NSIDC-0051.001/1990.02.09/nt_19900209_f08_v1.1_n.bin']
North,1990,2,10,15.598,0, ['/ecs/DP1/PM/NSIDC-0051.001/1990.02.10/nt_19900210_f08_v1.1_n.bin']
North,1990,2,11,15.627,0, ['/ecs/DP1/PM/NSIDC-0051.001/1990.02.11/nt_19900211_f08_v1.1_n.bin']
North,1990,2,12,15.527,0, ['/ecs/DP1/PM/NSIDC-0051.001/1990.02.12/nt_19900212_f08_v1.1_n.bin']
North,1990,2,13,15.433,0, ['/ecs/DP1/PM/NSIDC-0051.001/1990.02.13/nt_19900213_f08_v1.1_n.bin']
North,1990,2,14,15.433,0, ['/ecs/DP1/PM/NSIDC-0051.001/1990.02.14/nt_19900214_f08_v1.1_n.bin']
North,1990,2,15,15.445,0, ['/ecs/DP1/PM/NSIDC-0051.001/1990.02.15/nt_19900215_f08_v1.1_n.bin']
North,1990,2,16,15.539,0, ['/ecs/DP1/PM/NSIDC-0051.001/1990.02.16/nt_19900216_f08_v1.1_n.bin']
North,1990,2,17,15.612,0, ['/ecs/DP1/PM/NSIDC-0051.001/1990.02.17/nt_19900217_f08_v1.1_n.bin']
North,1990,2,18,15.64,0, ['/ecs/DP1/PM/NSIDC-0051.001/1990.02.18/nt_19900218_f08_v1.1_n.bin']
North,1990,2,19,15.658,0, ['/ecs/DP1/PM/NSIDC-0051.001/1990.02.19/nt_19900219_f08_v1.1_n.bin']
North,1990,2,20,15.753,0, ['/ecs/DP1/PM/NSIDC-0051.001/1990.02.20/nt_19900220_f08_v1.1_n.bin']
North,1990,2,21,15.678,0, ['/ecs/DP1/PM/NSIDC-0051.001/1990.02.21/nt_19900221_f08_v1.1_n.bin']
North,1990,2,22,15.681,0, ['/ecs/DP1/PM/NSIDC-0051.001/1990.02.22/nt_19900222_f08_v1.1_n.bin']
North,1990,2,23,15.705,0, ['/ecs/DP1/PM/NSIDC-0051.001/1990.02.23/nt_19900223_f08_v1.1_n.bin']
North,1990,2,24,15.79,0, ['/ecs/DP1/PM/NSIDC-0051.001/1990.02.24/nt_19900224_f08_v1.1_n.bin']
North,1990,2,25,15.842,0, ['/ecs/DP1/PM/NSIDC-0051.001/1990.02.25/nt_19900225_f08_v1.1_n.bin']
North,1990,2,26,15.938,0, ['/ecs/DP1/PM/NSIDC-0051.001/1990.02.26/nt_19900226_f08_v1.1_n.bin']
North,1990,2,27,16.022,0, ['/ecs/DP1/PM/NSIDC-0051.001/1990.02.27/nt_19900227_f08_v1.1_n.bin']
North,1990,2,28,16.044,0, ['/ecs/DP1/PM/NSIDC-0051.001/1990.02.28/nt_19900228_f08_v1.1_n.bin']
North,1990,3,1,16.021,0, ['/ecs/DP1/PM/NSIDC-0051.001/1990.03.01/nt_19900301_f08_v1.1_n.bin']
North,1990,3,2,16.058,0, ['/ecs/DP1/PM/NSIDC-0051.001/1990.03.02/nt_19900302_f08_v1.1_n.bin']
North,1990,3,3,16.066,0, ['/ecs/DP1/PM/NSIDC-0051.001/1990.03.03/nt_19900303_f08_v1.1_n.bin']
North,1990,3,4,16.084,0, ['/ecs/DP1/PM/NSIDC-0051.001/1990.03.04/nt_19900304_f08_v1.1_n.bin']
North,1990,3,5,16.06,0, ['/ecs/DP1/PM/NSIDC-0051.001/1990.03.05/nt_19900305_f08_v1.1_n.bin']
North,1990,3,6,16.001,0, ['/ecs/DP1/PM/NSIDC-0051.001/1990.03.06/nt_19900306_f08_v1.1_n.bin']
North,1990,3,7,15.961,0, ['/ecs/DP1/PM/NSIDC-0051.001/1990.03.07/nt_19900307_f08_v1.1_n.bin']
North,1990,3,8,15.992,0, ['/ecs/DP1/PM/NSIDC-0051.001/1990.03.08/nt_19900308_f08_v1.1_n.bin']
North,1990,3,9,16.083,0, ['/ecs/DP1/PM/NSIDC-0051.001/1990.03.09/nt_19900309_f08_v1.1_n.bin']
North,1990,3,10,16.095,0, ['/ecs/DP1/PM/NSIDC-0051.001/1990.03.10/nt_19900310_f08_v1.1_n.bin']
North,1990,3,11,16.167,0, ['/ecs/DP1/PM/NSIDC-0051.001/1990.03.11/nt_19900311_f08_v1.1_n.bin']
North,1990,3,12,16.249,0, ['/ecs/DP1/PM/NSIDC-0051.001/1990.03.12/nt_19900312_f08_v1.1_n.bin']
North,1990,3,13,16.2,0, ['/ecs/DP1/PM/NSIDC-0051.001/1990.03.13/nt_19900313_f08_v1.1_n.bin']
North,1990,3,14,16.173,0, ['/ecs/DP1/PM/NSIDC-0051.001/1990.03.14/nt_19900314_f08_v1.1_n.bin']
North,1990,3,15,16.059,0, ['/ecs/DP1/PM/NSIDC-0051.001/1990.03.15/nt_19900315_f08_v1.1_n.bin']
North,1990,3,16,15.98,0, ['/ecs/DP1/PM/NSIDC-0051.001/1990.03.16/nt_19900316_f08_v1.1_n.bin']
North,1990,3,17,15.859,0, ['/ecs/DP1/PM/NSIDC-0051.001/1990.03.17/nt_19900317_f08_v1.1_n.bin']
North,1990,3,18,15.739,0, ['/ecs/DP1/PM/NSIDC-0051.001/1990.03.18/nt_19900318_f08_v1.1_n.bin']
North,1990,3,19,15.715,0, ['/ecs/DP1/PM/NSIDC-0051.001/1990.03.19/nt_19900319_f08_v1.1_n.bin']
North,1990,3,20,15.627,0, ['/ecs/DP1/PM/NSIDC-0051.001/1990.03.20/nt_19900320_f08_v1.1_n.bin']
North,1990,3,21,15.683,0, ['/ecs/DP1/PM/NSIDC-0051.001/1990.03.21/nt_19900321_f08_v1.1_n.bin']
North,1990,3,22,15.734,0, ['/ecs/DP1/PM/NSIDC-0051.001/1990.03.22/nt_19900322_f08_v1.1_n.bin']
North,1990,3,23,15.771,0, ['/ecs/DP1/PM/NSIDC-0051.001/1990.03.23/nt_19900323_f08_v1.1_n.bin']
North,1990,3,24,15.74,0, ['/ecs/DP1/PM/NSIDC-0051.001/1990.03.24/nt_19900324_f08_v1.1_n.bin']
North,1990,3,25,15.609,0, ['/ecs/DP1/PM/NSIDC-0051.001/1990.03.25/nt_19900325_f08_v1.1_n.bin']
North,1990,3,26,15.564,0, ['/ecs/DP1/PM/NSIDC-0051.001/1990.03.26/nt_19900326_f08_v1.1_n.bin']
North,1990,3,27,15.479,0, ['/ecs/DP1/PM/NSIDC-0051.001/1990.03.27/nt_19900327_f08_v1.1_n.bin']
North,1990,3,28,15.483,0, ['/ecs/DP1/PM/NSIDC-0051.001/1990.03.28/nt_19900328_f08_v1.1_n.bin']
North,1990,3,29,15.526,0, ['/ecs/DP1/PM/NSIDC-0051.001/1990.03.29/nt_19900329_f08_v1.1_n.bin']
North,1990,3,30,15.54,0, ['/ecs/DP1/PM/NSIDC-0051.001/1990.03.30/nt_19900330_f08_v1.1_n.bin']
North,1990,3,31,15.551,0, ['/ecs/DP1/PM/NSIDC-0051.001/1990.03.31/nt_19900331_f08_v1.1_n.bin']
North,1990,4,1,15.533,0, ['/ecs/DP1/PM/NSIDC-0051.001/1990.04.01/nt_19900401_f08_v1.1_n.bin']
North,1990,4,2,15.483,0, ['/ecs/DP1/PM/NSIDC-0051.001/1990.04.02/nt_19900402_f08_v1.1_n.bin']
North,1990,4,3,15.551,0, ['/ecs/DP1/PM/NSIDC-0051.001/1990.04.03/nt_19900403_f08_v1.1_n.bin']
North,1990,4,4,15.524,0, ['/ecs/DP1/PM/NSIDC-0051.001/1990.04.04/nt_19900404_f08_v1.1_n.bin']
North,1990,4,5,15.455,0, ['/ecs/DP1/PM/NSIDC-0051.001/1990.04.05/nt_19900405_f08_v1.1_n.bin']
North,1990,4,6,15.402,0, ['/ecs/DP1/PM/NSIDC-0051.001/1990.04.06/nt_19900406_f08_v1.1_n.bin']
North,1990,4,7,15.393,0, ['/ecs/DP1/PM/NSIDC-0051.001/1990.04.07/nt_19900407_f08_v1.1_n.bin']
North,1990,4,8,15.275,0, ['/ecs/DP1/PM/NSIDC-0051.001/1990.04.08/nt_19900408_f08_v1.1_n.bin']
North,1990,4,9,15.037,0, ['/ecs/DP1/PM/NSIDC-0051.001/1990.04.09/nt_19900409_f08_v1.1_n.bin']
North,1990,4,10,14.897,0, ['/ecs/DP1/PM/NSIDC-0051.001/1990.04.10/nt_19900410_f08_v1.1_n.bin']
North,1990,4,11,14.85,0, ['/ecs/DP1/PM/NSIDC-0051.001/1990.04.11/nt_19900411_f08_v1.1_n.bin']
North,1990,4,12,14.743,0, ['/ecs/DP1/PM/NSIDC-0051.001/1990.04.12/nt_19900412_f08_v1.1_n.bin']
North,1990,4,13,14.664,0, ['/ecs/DP1/PM/NSIDC-0051.001/1990.04.13/nt_19900413_f08_v1.1_n.bin']
North,1990,4,14,14.673,0, ['/ecs/DP1/PM/NSIDC-0051.001/1990.04.14/nt_19900414_f08_v1.1_n.bin']
North,1990,4,15,14.627,0, ['/ecs/DP1/PM/NSIDC-0051.001/1990.04.15/nt_19900415_f08_v1.1_n.bin']
North,1990,4,16,14.566,0, ['/ecs/DP1/PM/NSIDC-0051.001/1990.04.16/nt_19900416_f08_v1.1_n.bin']
North,1990,4,17,14.384,0, ['/ecs/DP1/PM/NSIDC-0051.001/1990.04.17/nt_19900417_f08_v1.1_n.bin']
North,1990,4,18,14.303,0, ['/ecs/DP1/PM/NSIDC-0051.001/1990.04.18/nt_19900418_f08_v1.1_n.bin']
North,1990,4,19,14.247,0, ['/ecs/DP1/PM/NSIDC-0051.001/1990.04.19/nt_19900419_f08_v1.1_n.bin']
North,1990,4,20,14.364,0, ['/ecs/DP1/PM/NSIDC-0051.001/1990.04.20/nt_19900420_f08_v1.1_n.bin']
North,1990,4,21,14.322,0, ['/ecs/DP1/PM/NSIDC-0051.001/1990.04.21/nt_19900421_f08_v1.1_n.bin']
North,1990,4,22,14.268,0, ['/ecs/DP1/PM/NSIDC-0051.001/1990.04.22/nt_19900422_f08_v1.1_n.bin']
North,1990,4,23,14.212,0, ['/ecs/DP1/PM/NSIDC-0051.001/1990.04.23/nt_19900423_f08_v1.1_n.bin']
North,1990,4,24,14.162,0, ['/ecs/DP1/PM/NSIDC-0051.001/1990.04.24/nt_19900424_f08_v1.1_n.bin']
North,1990,4,25,14.051,0, ['/ecs/DP1/PM/NSIDC-0051.001/1990.04.25/nt_19900425_f08_v1.1_n.bin']
North,1990,4,26,14.04,0, ['/ecs/DP1/PM/NSIDC-0051.001/1990.04.26/nt_19900426_f08_v1.1_n.bin']
North,1990,4,27,13.981,0, ['/ecs/DP1/PM/NSIDC-0051.001/1990.04.27/nt_19900427_f08_v1.1_n.bin']
North,1990,4,28,13.85,0, ['/ecs/DP1/PM/NSIDC-0051.001/1990.04.28/nt_19900428_f08_v1.1_n.bin']
North,1990,4,29,13.798,0, ['/ecs/DP1/PM/NSIDC-0051.001/1990.04.29/nt_19900429_f08_v1.1_n.bin']
North,1990,4,30,13.847,0, ['/ecs/DP1/PM/NSIDC-0051.001/1990.04.30/nt_19900430_f08_v1.1_n.bin']
North,1990,5,1,13.621,0, ['/ecs/DP1/PM/NSIDC-0051.001/1990.05.01/nt_19900501_f08_v1.1_n.bin']
North,1990,5,2,13.587,0, ['/ecs/DP1/PM/NSIDC-0051.001/1990.05.02/nt_19900502_f08_v1.1_n.bin']
North,1990,5,3,13.571,0, ['/ecs/DP1/PM/NSIDC-0051.001/1990.05.03/nt_19900503_f08_v1.1_n.bin']
North,1990,5,4,13.563,0, ['/ecs/DP1/PM/NSIDC-0051.001/1990.05.04/nt_19900504_f08_v1.1_n.bin']
North,1990,5,5,13.6,0, ['/ecs/DP1/PM/NSIDC-0051.001/1990.05.05/nt_19900505_f08_v1.1_n.bin']
North,1990,5,6,13.614,0, ['/ecs/DP1/PM/NSIDC-0051.001/1990.05.06/nt_19900506_f08_v1.1_n.bin']
North,1990,5,7,13.609,0, ['/ecs/DP1/PM/NSIDC-0051.001/1990.05.07/nt_19900507_f08_v1.1_n.bin']
North,1990,5,8,13.556,0, ['/ecs/DP1/PM/NSIDC-0051.001/1990.05.08/nt_19900508_f08_v1.1_n.bin']
North,1990,5,9,13.502,0, ['/ecs/DP1/PM/NSIDC-0051.001/1990.05.09/nt_19900509_f08_v1.1_n.bin']
North,1990,5,10,13.432,0, ['/ecs/DP1/PM/NSIDC-0051.001/1990.05.10/nt_19900510_f08_v1.1_n.bin']
North,1990,5,11,13.423,0, ['/ecs/DP1/PM/NSIDC-0051.001/1990.05.11/nt_19900511_f08_v1.1_n.bin']
North,1990,5,12,13.419,0, ['/ecs/DP1/PM/NSIDC-0051.001/1990.05.12/nt_19900512_f08_v1.1_n.bin']
North,1990,5,13,13.31,0, ['/ecs/DP1/PM/NSIDC-0051.001/1990.05.13/nt_19900513_f08_v1.1_n.bin']
North,1990,5,14,13.277,0, ['/ecs/DP1/PM/NSIDC-0051.001/1990.05.14/nt_19900514_f08_v1.1_n.bin']
North,1990,5,15,13.284,0, ['/ecs/DP1/PM/NSIDC-0051.001/1990.05.15/nt_19900515_f08_v1.1_n.bin']
North,1990,5,16,13.284,0, ['/ecs/DP1/PM/NSIDC-0051.001/1990.05.16/nt_19900516_f08_v1.1_n.bin']
North,1990,5,17,13.217,0, ['/ecs/DP1/PM/NSIDC-0051.001/1990.05.17/nt_19900517_f08_v1.1_n.bin']
North,1990,5,18,13.218,0, ['/ecs/DP1/PM/NSIDC-0051.001/1990.05.18/nt_19900518_f08_v1.1_n.bin']
North,1990,5,19,13.167,0, ['/ecs/DP1/PM/NSIDC-0051.001/1990.05.19/nt_19900519_f08_v1.1_n.bin']
North,1990,5,20,13.185,0, ['/ecs/DP1/PM/NSIDC-0051.001/1990.05.20/nt_19900520_f08_v1.1_n.bin']
North,1990,5,21,13.155,0, ['/ecs/DP1/PM/NSIDC-0051.001/1990.05.21/nt_19900521_f08_v1.1_n.bin']
North,1990,5,22,13.04,0, ['/ecs/DP1/PM/NSIDC-0051.001/1990.05.22/nt_19900522_f08_v1.1_n.bin']
North,1990,5,23,12.969,0, ['/ecs/DP1/PM/NSIDC-0051.001/1990.05.23/nt_19900523_f08_v1.1_n.bin']
North,1990,5,24,12.972,0, ['/ecs/DP1/PM/NSIDC-0051.001/1990.05.24/nt_19900524_f08_v1.1_n.bin']
North,1990,5,25,12.922,0, ['/ecs/DP1/PM/NSIDC-0051.001/1990.05.25/nt_19900525_f08_v1.1_n.bin']
North,1990,5,26,12.871,0, ['/ecs/DP1/PM/NSIDC-0051.001/1990.05.26/nt_19900526_f08_v1.1_n.bin']
North,1990,5,27,12.794,0, ['/ecs/DP1/PM/NSIDC-0051.001/1990.05.27/nt_19900527_f08_v1.1_n.bin']
North,1990,5,28,12.776,0, ['/ecs/DP1/PM/NSIDC-0051.001/1990.05.28/nt_19900528_f08_v1.1_n.bin']
North,1990,5,29,12.753,0, ['/ecs/DP1/PM/NSIDC-0051.001/1990.05.29/nt_19900529_f08_v1.1_n.bin']
North,1990,5,30,12.705,0, ['/ecs/DP1/PM/NSIDC-0051.001/1990.05.30/nt_19900530_f08_v1.1_n.bin']
North,1990,5,31,12.605,0, ['/ecs/DP1/PM/NSIDC-0051.001/1990.05.31/nt_19900531_f08_v1.1_n.bin']
North,1990,6,1,12.361,0, ['/ecs/DP1/PM/NSIDC-0051.001/1990.06.01/nt_19900601_f08_v1.1_n.bin']
North,1990,6,2,12.258,0, ['/ecs/DP1/PM/NSIDC-0051.001/1990.06.02/nt_19900602_f08_v1.1_n.bin']
North,1990,6,3,12.257,0, ['/ecs/DP1/PM/NSIDC-0051.001/1990.06.03/nt_19900603_f08_v1.1_n.bin']
North,1990,6,4,12.16,0, ['/ecs/DP1/PM/NSIDC-0051.001/1990.06.04/nt_19900604_f08_v1.1_n.bin']
North,1990,6,5,12.145,0, ['/ecs/DP1/PM/NSIDC-0051.001/1990.06.05/nt_19900605_f08_v1.1_n.bin']
North,1990,6,6,12.107,0, ['/ecs/DP1/PM/NSIDC-0051.001/1990.06.06/nt_19900606_f08_v1.1_n.bin']
North,1990,6,7,12.056,0, ['/ecs/DP1/PM/NSIDC-0051.001/1990.06.07/nt_19900607_f08_v1.1_n.bin']
North,1990,6,8,12.002,0, ['/ecs/DP1/PM/NSIDC-0051.001/1990.06.08/nt_19900608_f08_v1.1_n.bin']
North,1990,6,9,11.952,0, ['/ecs/DP1/PM/NSIDC-0051.001/1990.06.09/nt_19900609_f08_v1.1_n.bin']
North,1990,6,10,11.927,0, ['/ecs/DP1/PM/NSIDC-0051.001/1990.06.10/nt_19900610_f08_v1.1_n.bin']
North,1990,6,11,11.849,0, ['/ecs/DP1/PM/NSIDC-0051.001/1990.06.11/nt_19900611_f08_v1.1_n.bin']
North,1990,6,12,11.773,0, ['/ecs/DP1/PM/NSIDC-0051.001/1990.06.12/nt_19900612_f08_v1.1_n.bin']
North,1990,6,13,11.765,0, ['/ecs/DP1/PM/NSIDC-0051.001/1990.06.13/nt_19900613_f08_v1.1_n.bin']
North,1990,6,14,11.751,0, ['/ecs/DP1/PM/NSIDC-0051.001/1990.06.14/nt_19900614_f08_v1.1_n.bin']
North,1990,6,15,11.75,0, ['/ecs/DP1/PM/NSIDC-0051.001/1990.06.15/nt_19900615_f08_v1.1_n.bin']
North,1990,6,16,11.682,0, ['/ecs/DP1/PM/NSIDC-0051.001/1990.06.16/nt_19900616_f08_v1.1_n.bin']
North,1990,6,17,11.59,0, ['/ecs/DP1/PM/NSIDC-0051.001/1990.06.17/nt_19900617_f08_v1.1_n.bin']
North,1990,6,18,11.497,0, ['/ecs/DP1/PM/NSIDC-0051.001/1990.06.18/nt_19900618_f08_v1.1_n.bin']
North,1990,6,19,11.487,0, ['/ecs/DP1/PM/NSIDC-0051.001/1990.06.19/nt_19900619_f08_v1.1_n.bin']
North,1990,6,20,11.372,0, ['/ecs/DP1/PM/NSIDC-0051.001/1990.06.20/nt_19900620_f08_v1.1_n.bin']
North,1990,6,21,11.336,0, ['/ecs/DP1/PM/NSIDC-0051.001/1990.06.21/nt_19900621_f08_v1.1_n.bin']
North,1990,6,22,11.34,0, ['/ecs/DP1/PM/NSIDC-0051.001/1990.06.22/nt_19900622_f08_v1.1_n.bin']
North,1990,6,23,11.308,0, ['/ecs/DP1/PM/NSIDC-0051.001/1990.06.23/nt_19900623_f08_v1.1_n.bin']
North,1990,6,24,11.229,0, ['/ecs/DP1/PM/NSIDC-0051.001/1990.06.24/nt_19900624_f08_v1.1_n.bin']
North,1990,6,25,11.164,0, ['/ecs/DP1/PM/NSIDC-0051.001/1990.06.25/nt_19900625_f08_v1.1_n.bin']
North,1990,6,26,11.116,0, ['/ecs/DP1/PM/NSIDC-0051.001/1990.06.26/nt_19900626_f08_v1.1_n.bin']
North,1990,6,27,11.088,0, ['/ecs/DP1/PM/NSIDC-0051.001/1990.06.27/nt_19900627_f08_v1.1_n.bin']
North,1990,6,28,11.049,0, ['/ecs/DP1/PM/NSIDC-0051.001/1990.06.28/nt_19900628_f08_v1.1_n.bin']
North,1990,6,29,10.991,0, ['/ecs/DP1/PM/NSIDC-0051.001/1990.06.29/nt_19900629_f08_v1.1_n.bin']
North,1990,6,30,10.855,0, ['/ecs/DP1/PM/NSIDC-0051.001/1990.06.30/nt_19900630_f08_v1.1_n.bin']
North,1990,7,1,10.624,0, ['/ecs/DP1/PM/NSIDC-0051.001/1990.07.01/nt_19900701_f08_v1.1_n.bin']
North,1990,7,2,10.571,0, ['/ecs/DP1/PM/NSIDC-0051.001/1990.07.02/nt_19900702_f08_v1.1_n.bin']
North,1990,7,3,10.49,0, ['/ecs/DP1/PM/NSIDC-0051.001/1990.07.03/nt_19900703_f08_v1.1_n.bin']
North,1990,7,4,10.438,0, ['/ecs/DP1/PM/NSIDC-0051.001/1990.07.04/nt_19900704_f08_v1.1_n.bin']
North,1990,7,5,10.328,0, ['/ecs/DP1/PM/NSIDC-0051.001/1990.07.05/nt_19900705_f08_v1.1_n.bin']
North,1990,7,6,10.305,0, ['/ecs/DP1/PM/NSIDC-0051.001/1990.07.06/nt_19900706_f08_v1.1_n.bin']
North,1990,7,7,10.21,0, ['/ecs/DP1/PM/NSIDC-0051.001/1990.07.07/nt_19900707_f08_v1.1_n.bin']
North,1990,7,8,10.079,0, ['/ecs/DP1/PM/NSIDC-0051.001/1990.07.08/nt_19900708_f08_v1.1_n.bin']
North,1990,7,9,10.043,0, ['/ecs/DP1/PM/NSIDC-0051.001/1990.07.09/nt_19900709_f08_v1.1_n.bin']
North,1990,7,10,9.881,0, ['/ecs/DP1/PM/NSIDC-0051.001/1990.07.10/nt_19900710_f08_v1.1_n.bin']
North,1990,7,11,9.815,0, ['/ecs/DP1/PM/NSIDC-0051.001/1990.07.11/nt_19900711_f08_v1.1_n.bin']
North,1990,7,12,9.711,0, ['/ecs/DP1/PM/NSIDC-0051.001/1990.07.12/nt_19900712_f08_v1.1_n.bin']
North,1990,7,13,9.599,0, ['/ecs/DP1/PM/NSIDC-0051.001/1990.07.13/nt_19900713_f08_v1.1_n.bin']
North,1990,7,14,9.548,0, ['/ecs/DP1/PM/NSIDC-0051.001/1990.07.14/nt_19900714_f08_v1.1_n.bin']
North,1990,7,15,9.284,0, ['/ecs/DP1/PM/NSIDC-0051.001/1990.07.15/nt_19900715_f08_v1.1_n.bin']
North,1990,7,16,9.16,0, ['/ecs/DP1/PM/NSIDC-0051.001/1990.07.16/nt_19900716_f08_v1.1_n.bin']
North,1990,7,17,9.084,0, ['/ecs/DP1/PM/NSIDC-0051.001/1990.07.17/nt_19900717_f08_v1.1_n.bin']
North,1990,7,18,9.04,0, ['/ecs/DP1/PM/NSIDC-0051.001/1990.07.18/nt_19900718_f08_v1.1_n.bin']
North,1990,7,19,8.949,0, ['/ecs/DP1/PM/NSIDC-0051.001/1990.07.19/nt_19900719_f08_v1.1_n.bin']
North,1990,7,20,8.86,0, ['/ecs/DP1/PM/NSIDC-0051.001/1990.07.20/nt_19900720_f08_v1.1_n.bin']
North,1990,7,21,8.813,0, ['/ecs/DP1/PM/NSIDC-0051.001/1990.07.21/nt_19900721_f08_v1.1_n.bin']
North,1990,7,22,8.759,0, ['/ecs/DP1/PM/NSIDC-0051.001/1990.07.22/nt_19900722_f08_v1.1_n.bin']
North,1990,7,23,8.569,0, ['/ecs/DP1/PM/NSIDC-0051.001/1990.07.23/nt_19900723_f08_v1.1_n.bin']
North,1990,7,24,8.451,0, ['/ecs/DP1/PM/NSIDC-0051.001/1990.07.24/nt_19900724_f08_v1.1_n.bin']
North,1990,7,25,8.312,0, ['/ecs/DP1/PM/NSIDC-0051.001/1990.07.25/nt_19900725_f08_v1.1_n.bin']
North,1990,7,26,8.208,0, ['/ecs/DP1/PM/NSIDC-0051.001/1990.07.26/nt_19900726_f08_v1.1_n.bin']
North,1990,7,27,8.095,0, ['/ecs/DP1/PM/NSIDC-0051.001/1990.07.27/nt_19900727_f08_v1.1_n.bin']
North,1990,7,28,7.912,0, ['/ecs/DP1/PM/NSIDC-0051.001/1990.07.28/nt_19900728_f08_v1.1_n.bin']
North,1990,7,29,7.891,0, ['/ecs/DP1/PM/NSIDC-0051.001/1990.07.29/nt_19900729_f08_v1.1_n.bin']
North,1990,7,30,7.864,0, ['/ecs/DP1/PM/NSIDC-0051.001/1990.07.30/nt_19900730_f08_v1.1_n.bin']
North,1990,7,31,7.752,0, ['/ecs/DP1/PM/NSIDC-0051.001/1990.07.31/nt_19900731_f08_v1.1_n.bin']
North,1990,8,1,7.686,0, ['/ecs/DP1/PM/NSIDC-0051.001/1990.08.01/nt_19900801_f08_v1.1_n.bin']
North,1990,8,2,7.536,0, ['/ecs/DP1/PM/NSIDC-0051.001/1990.08.02/nt_19900802_f08_v1.1_n.bin']
North,1990,8,3,7.52,0, ['/ecs/DP1/PM/NSIDC-0051.001/1990.08.03/nt_19900803_f08_v1.1_n.bin']
North,1990,8,4,7.505,0, ['/ecs/DP1/PM/NSIDC-0051.001/1990.08.04/nt_19900804_f08_v1.1_n.bin']
North,1990,8,5,7.368,0, ['/ecs/DP1/PM/NSIDC-0051.001/1990.08.05/nt_19900805_f08_v1.1_n.bin']
North,1990,8,6,7.307,0, ['/ecs/DP1/PM/NSIDC-0051.001/1990.08.06/nt_19900806_f08_v1.1_n.bin']
North,1990,8,7,7.15,0, ['/ecs/DP1/PM/NSIDC-0051.001/1990.08.07/nt_19900807_f08_v1.1_n.bin']
North,1990,8,8,7.164,0, ['/ecs/DP1/PM/NSIDC-0051.001/1990.08.08/nt_19900808_f08_v1.1_n.bin']
North,1990,8,9,7.098,0, ['/ecs/DP1/PM/NSIDC-0051.001/1990.08.09/nt_19900809_f08_v1.1_n.bin']
North,1990,8,10,7.068,0, ['/ecs/DP1/PM/NSIDC-0051.001/1990.08.10/nt_19900810_f08_v1.1_n.bin']
North,1990,8,11,7.018,0, ['/ecs/DP1/PM/NSIDC-0051.001/1990.08.11/nt_19900811_f08_v1.1_n.bin']
North,1990,8,12,7.007,0, ['/ecs/DP1/PM/NSIDC-0051.001/1990.08.12/nt_19900812_f08_v1.1_n.bin']
North,1990,8,13,6.924,0, ['/ecs/DP1/PM/NSIDC-0051.001/1990.08.13/nt_19900813_f08_v1.1_n.bin']
North,1990,8,14,6.891,0, ['/ecs/DP1/PM/NSIDC-0051.001/1990.08.14/nt_19900814_f08_v1.1_n.bin']
North,1990,8,15,6.861,0, ['/ecs/DP1/PM/NSIDC-0051.001/1990.08.15/nt_19900815_f08_v1.1_n.bin']
North,1990,8,16,6.723,0, ['/ecs/DP1/PM/NSIDC-0051.001/1990.08.16/nt_19900816_f08_v1.1_n.bin']
North,1990,8,17,6.649,0, ['/ecs/DP1/PM/NSIDC-0051.001/1990.08.17/nt_19900817_f08_v1.1_n.bin']
North,1990,8,18,6.607,0, ['/ecs/DP1/PM/NSIDC-0051.001/1990.08.18/nt_19900818_f08_v1.1_n.bin']
North,1990,8,19,6.6,0, ['/ecs/DP1/PM/NSIDC-0051.001/1990.08.19/nt_19900819_f08_v1.1_n.bin']
North,1990,8,20,6.511,0, ['/ecs/DP1/PM/NSIDC-0051.001/1990.08.20/nt_19900820_f08_v1.1_n.bin']
North,1990,8,21,6.564,0, ['/ecs/DP1/PM/NSIDC-0051.001/1990.08.21/nt_19900821_f08_v1.1_n.bin']
North,1990,8,22,6.46,0, ['/ecs/DP1/PM/NSIDC-0051.001/1990.08.22/nt_19900822_f08_v1.1_n.bin']
North,1990,8,23,6.41,0, ['/ecs/DP1/PM/NSIDC-0051.001/1990.08.23/nt_19900823_f08_v1.1_n.bin']
North,1990,8,24,6.359,0, ['/ecs/DP1/PM/NSIDC-0051.001/1990.08.24/nt_19900824_f08_v1.1_n.bin']
North,1990,8,25,6.318,0, ['/ecs/DP1/PM/NSIDC-0051.001/1990.08.25/nt_19900825_f08_v1.1_n.bin']
North,1990,8,26,6.274,0, ['/ecs/DP1/PM/NSIDC-0051.001/1990.08.26/nt_19900826_f08_v1.1_n.bin']
North,1990,8,27,6.254,0, ['/ecs/DP1/PM/NSIDC-0051.001/1990.08.27/nt_19900827_f08_v1.1_n.bin']
North,1990,8,28,6.238,0, ['/ecs/DP1/PM/NSIDC-0051.001/1990.08.28/nt_19900828_f08_v1.1_n.bin']
North,1990,8,29,6.21,0, ['/ecs/DP1/PM/NSIDC-0051.001/1990.08.29/nt_19900829_f08_v1.1_n.bin']
North,1990,8,30,6.231,0, ['/ecs/DP1/PM/NSIDC-0051.001/1990.08.30/nt_19900830_f08_v1.1_n.bin']
North,1990,8,31,6.211,0, ['/ecs/DP1/PM/NSIDC-0051.001/1990.08.31/nt_19900831_f08_v1.1_n.bin']
North,1990,9,1,6.198,0, ['/ecs/DP1/PM/NSIDC-0051.001/1990.09.01/nt_19900901_f08_v1.1_n.bin']
North,1990,9,2,6.191,0, ['/ecs/DP1/PM/NSIDC-0051.001/1990.09.02/nt_19900902_f08_v1.1_n.bin']
North,1990,9,3,6.207,0, ['/ecs/DP1/PM/NSIDC-0051.001/1990.09.03/nt_19900903_f08_v1.1_n.bin']
North,1990,9,4,6.116,0, ['/ecs/DP1/PM/NSIDC-0051.001/1990.09.04/nt_19900904_f08_v1.1_n.bin']
North,1990,9,5,6.141,0, ['/ecs/DP1/PM/NSIDC-0051.001/1990.09.05/nt_19900905_f08_v1.1_n.bin']
North,1990,9,6,6.162,0, ['/ecs/DP1/PM/NSIDC-0051.001/1990.09.06/nt_19900906_f08_v1.1_n.bin']
North,1990,9,7,6.127,0, ['/ecs/DP1/PM/NSIDC-0051.001/1990.09.07/nt_19900907_f08_v1.1_n.bin']
North,1990,9,8,6.161,0, ['/ecs/DP1/PM/NSIDC-0051.001/1990.09.08/nt_19900908_f08_v1.1_n.bin']
North,1990,9,9,6.197,0, ['/ecs/DP1/PM/NSIDC-0051.001/1990.09.09/nt_19900909_f08_v1.1_n.bin']
North,1990,9,10,6.117,0, ['/ecs/DP1/PM/NSIDC-0051.001/1990.09.10/nt_19900910_f08_v1.1_n.bin']
North,1990,9,11,6.094,0, ['/ecs/DP1/PM/NSIDC-0051.001/1990.09.11/nt_19900911_f08_v1.1_n.bin']
North,1990,9,12,6.147,0, ['/ecs/DP1/PM/NSIDC-0051.001/1990.09.12/nt_19900912_f08_v1.1_n.bin']
North,1990,9,13,6.103,0, ['/ecs/DP1/PM/NSIDC-0051.001/1990.09.13/nt_19900913_f08_v1.1_n.bin']
North,1990,9,14,6.111,0, ['/ecs/DP1/PM/NSIDC-0051.001/1990.09.14/nt_19900914_f08_v1.1_n.bin']
North,1990,9,15,6.131,0, ['/ecs/DP1/PM/NSIDC-0051.001/1990.09.15/nt_19900915_f08_v1.1_n.bin']
North,1990,9,16,6.089,0, ['/ecs/DP1/PM/NSIDC-0051.001/1990.09.16/nt_19900916_f08_v1.1_n.bin']
North,1990,9,17,6.133,0, ['/ecs/DP1/PM/NSIDC-0051.001/1990.09.17/nt_19900917_f08_v1.1_n.bin']
North,1990,9,18,6.035,0, ['/ecs/DP1/PM/NSIDC-0051.001/1990.09.18/nt_19900918_f08_v1.1_n.bin']
North,1990,9,19,6.031,0, ['/ecs/DP1/PM/NSIDC-0051.001/1990.09.19/nt_19900919_f08_v1.1_n.bin']
North,1990,9,20,6.066,0, ['/ecs/DP1/PM/NSIDC-0051.001/1990.09.20/nt_19900920_f08_v1.1_n.bin']
North,1990,9,21,6.011,0, ['/ecs/DP1/PM/NSIDC-0051.001/1990.09.21/nt_19900921_f08_v1.1_n.bin']
North,1990,9,22,6.039,0, ['/ecs/DP1/PM/NSIDC-0051.001/1990.09.22/nt_19900922_f08_v1.1_n.bin']
North,1990,9,23,6.074,0, ['/ecs/DP1/PM/NSIDC-0051.001/1990.09.23/nt_19900923_f08_v1.1_n.bin']
North,1990,9,24,6.125,0, ['/ecs/DP1/PM/NSIDC-0051.001/1990.09.24/nt_19900924_f08_v1.1_n.bin']
North,1990,9,25,6.141,0, ['/ecs/DP1/PM/NSIDC-0051.001/1990.09.25/nt_19900925_f08_v1.1_n.bin']
North,1990,9,26,6.135,0, ['/ecs/DP1/PM/NSIDC-0051.001/1990.09.26/nt_19900926_f08_v1.1_n.bin']
North,1990,9,27,6.174,0, ['/ecs/DP1/PM/NSIDC-0051.001/1990.09.27/nt_19900927_f08_v1.1_n.bin']
North,1990,9,28,6.252,0, ['/ecs/DP1/PM/NSIDC-0051.001/1990.09.28/nt_19900928_f08_v1.1_n.bin']
North,1990,9,29,6.338,0, ['/ecs/DP1/PM/NSIDC-0051.001/1990.09.29/nt_19900929_f08_v1.1_n.bin']
North,1990,9,30,6.438,0, ['/ecs/DP1/PM/NSIDC-0051.001/1990.09.30/nt_19900930_f08_v1.1_n.bin']
North,1990,10,1,6.626,0, ['/ecs/DP1/PM/NSIDC-0051.001/1990.10.01/nt_19901001_f08_v1.1_n.bin']
North,1990,10,2,6.74,0, ['/ecs/DP1/PM/NSIDC-0051.001/1990.10.02/nt_19901002_f08_v1.1_n.bin']
North,1990,10,3,6.879,0, ['/ecs/DP1/PM/NSIDC-0051.001/1990.10.03/nt_19901003_f08_v1.1_n.bin']
North,1990,10,4,7.063,0, ['/ecs/DP1/PM/NSIDC-0051.001/1990.10.04/nt_19901004_f08_v1.1_n.bin']
North,1990,10,5,7.172,0, ['/ecs/DP1/PM/NSIDC-0051.001/1990.10.05/nt_19901005_f08_v1.1_n.bin']
North,1990,10,6,7.196,0, ['/ecs/DP1/PM/NSIDC-0051.001/1990.10.06/nt_19901006_f08_v1.1_n.bin']
North,1990,10,7,7.242,0, ['/ecs/DP1/PM/NSIDC-0051.001/1990.10.07/nt_19901007_f08_v1.1_n.bin']
North,1990,10,8,7.294,0, ['/ecs/DP1/PM/NSIDC-0051.001/1990.10.08/nt_19901008_f08_v1.1_n.bin']
North,1990,10,9,7.472,0, ['/ecs/DP1/PM/NSIDC-0051.001/1990.10.09/nt_19901009_f08_v1.1_n.bin']
North,1990,10,10,7.608,0, ['/ecs/DP1/PM/NSIDC-0051.001/1990.10.10/nt_19901010_f08_v1.1_n.bin']
North,1990,10,11,7.692,0, ['/ecs/DP1/PM/NSIDC-0051.001/1990.10.11/nt_19901011_f08_v1.1_n.bin']
North,1990,10,12,7.846,0, ['/ecs/DP1/PM/NSIDC-0051.001/1990.10.12/nt_19901012_f08_v1.1_n.bin']
North,1990,10,13,7.943,0, ['/ecs/DP1/PM/NSIDC-0051.001/1990.10.13/nt_19901013_f08_v1.1_n.bin']
North,1990,10,14,8.137,0, ['/ecs/DP1/PM/NSIDC-0051.001/1990.10.14/nt_19901014_f08_v1.1_n.bin']
North,1990,10,15,8.409,0, ['/ecs/DP1/PM/NSIDC-0051.001/1990.10.15/nt_19901015_f08_v1.1_n.bin']
North,1990,10,16,8.551,0, ['/ecs/DP1/PM/NSIDC-0051.001/1990.10.16/nt_19901016_f08_v1.1_n.bin']
North,1990,10,17,8.722,0, ['/ecs/DP1/PM/NSIDC-0051.001/1990.10.17/nt_19901017_f08_v1.1_n.bin']
North,1990,10,18,8.977,0, ['/ecs/DP1/PM/NSIDC-0051.001/1990.10.18/nt_19901018_f08_v1.1_n.bin']
North,1990,10,19,9.102,0, ['/ecs/DP1/PM/NSIDC-0051.001/1990.10.19/nt_19901019_f08_v1.1_n.bin']
North,1990,10,20,9.297,0, ['/ecs/DP1/PM/NSIDC-0051.001/1990.10.20/nt_19901020_f08_v1.1_n.bin']
North,1990,10,21,9.452,0, ['/ecs/DP1/PM/NSIDC-0051.001/1990.10.21/nt_19901021_f08_v1.1_n.bin']
North,1990,10,22,9.549,0, ['/ecs/DP1/PM/NSIDC-0051.001/1990.10.22/nt_19901022_f08_v1.1_n.bin']
North,1990,10,23,9.595,0, ['/ecs/DP1/PM/NSIDC-0051.001/1990.10.23/nt_19901023_f08_v1.1_n.bin']
North,1990,10,24,9.579,0, ['/ecs/DP1/PM/NSIDC-0051.001/1990.10.24/nt_19901024_f08_v1.1_n.bin']
North,1990,10,25,9.665,0, ['/ecs/DP1/PM/NSIDC-0051.001/1990.10.25/nt_19901025_f08_v1.1_n.bin']
North,1990,10,26,9.757,0, ['/ecs/DP1/PM/NSIDC-0051.001/1990.10.26/nt_19901026_f08_v1.1_n.bin']
North,1990,10,27,9.827,0, ['/ecs/DP1/PM/NSIDC-0051.001/1990.10.27/nt_19901027_f08_v1.1_n.bin']
North,1990,10,28,9.854,0, ['/ecs/DP1/PM/NSIDC-0051.001/1990.10.28/nt_19901028_f08_v1.1_n.bin']
North,1990,10,29,9.878,0, ['/ecs/DP1/PM/NSIDC-0051.001/1990.10.29/nt_19901029_f08_v1.1_n.bin']
North,1990,10,30,9.906,0, ['/ecs/DP1/PM/NSIDC-0051.001/1990.10.30/nt_19901030_f08_v1.1_n.bin']
North,1990,10,31,10.003,0, ['/ecs/DP1/PM/NSIDC-0051.001/1990.10.31/nt_19901031_f08_v1.1_n.bin']
North,1990,11,1,10.155,0, ['/ecs/DP1/PM/NSIDC-0051.001/1990.11.01/nt_19901101_f08_v1.1_n.bin']
North,1990,11,2,10.279,0, ['/ecs/DP1/PM/NSIDC-0051.001/1990.11.02/nt_19901102_f08_v1.1_n.bin']
North,1990,11,3,10.317,0, ['/ecs/DP1/PM/NSIDC-0051.001/1990.11.03/nt_19901103_f08_v1.1_n.bin']
North,1990,11,4,10.266,0, ['/ecs/DP1/PM/NSIDC-0051.001/1990.11.04/nt_19901104_f08_v1.1_n.bin']
North,1990,11,5,10.337,0, ['/ecs/DP1/PM/NSIDC-0051.001/1990.11.05/nt_19901105_f08_v1.1_n.bin']
North,1990,11,6,10.396,0, ['/ecs/DP1/PM/NSIDC-0051.001/1990.11.06/nt_19901106_f08_v1.1_n.bin']
North,1990,11,7,10.521,0, ['/ecs/DP1/PM/NSIDC-0051.001/1990.11.07/nt_19901107_f08_v1.1_n.bin']
North,1990,11,8,10.643,0, ['/ecs/DP1/PM/NSIDC-0051.001/1990.11.08/nt_19901108_f08_v1.1_n.bin']
North,1990,11,9,10.696,0, ['/ecs/DP1/PM/NSIDC-0051.001/1990.11.09/nt_19901109_f08_v1.1_n.bin']
North,1990,11,10,10.775,0, ['/ecs/DP1/PM/NSIDC-0051.001/1990.11.10/nt_19901110_f08_v1.1_n.bin']
North,1990,11,11,10.822,0, ['/ecs/DP1/PM/NSIDC-0051.001/1990.11.11/nt_19901111_f08_v1.1_n.bin']
North,1990,11,12,10.831,0, ['/ecs/DP1/PM/NSIDC-0051.001/1990.11.12/nt_19901112_f08_v1.1_n.bin']
North,1990,11,13,10.928,0, ['/ecs/DP1/PM/NSIDC-0051.001/1990.11.13/nt_19901113_f08_v1.1_n.bin']
North,1990,11,14,10.956,0, ['/ecs/DP1/PM/NSIDC-0051.001/1990.11.14/nt_19901114_f08_v1.1_n.bin']
North,1990,11,15,11.018,0, ['/ecs/DP1/PM/NSIDC-0051.001/1990.11.15/nt_19901115_f08_v1.1_n.bin']
North,1990,11,16,11.105,0, ['/ecs/DP1/PM/NSIDC-0051.001/1990.11.16/nt_19901116_f08_v1.1_n.bin']
North,1990,11,17,11.19,0, ['/ecs/DP1/PM/NSIDC-0051.001/1990.11.17/nt_19901117_f08_v1.1_n.bin']
North,1990,11,18,11.209,0, ['/ecs/DP1/PM/NSIDC-0051.001/1990.11.18/nt_19901118_f08_v1.1_n.bin']
North,1990,11,19,11.248,0, ['/ecs/DP1/PM/NSIDC-0051.001/1990.11.19/nt_19901119_f08_v1.1_n.bin']
North,1990,11,20,11.279,0, ['/ecs/DP1/PM/NSIDC-0051.001/1990.11.20/nt_19901120_f08_v1.1_n.bin']
North,1990,11,21,11.503,0, ['/ecs/DP1/PM/NSIDC-0051.001/1990.11.21/nt_19901121_f08_v1.1_n.bin']
North,1990,11,22,11.529,0, ['/ecs/DP1/PM/NSIDC-0051.001/1990.11.22/nt_19901122_f08_v1.1_n.bin']
North,1990,11,23,11.535,0, ['/ecs/DP1/PM/NSIDC-0051.001/1990.11.23/nt_19901123_f08_v1.1_n.bin']
North,1990,11,24,11.557,0, ['/ecs/DP1/PM/NSIDC-0051.001/1990.11.24/nt_19901124_f08_v1.1_n.bin']
North,1990,11,25,11.68,0, ['/ecs/DP1/PM/NSIDC-0051.001/1990.11.25/nt_19901125_f08_v1.1_n.bin']
North,1990,11,26,11.689,0, ['/ecs/DP1/PM/NSIDC-0051.001/1990.11.26/nt_19901126_f08_v1.1_n.bin']
North,1990,11,27,11.763,0, ['/ecs/DP1/PM/NSIDC-0051.001/1990.11.27/nt_19901127_f08_v1.1_n.bin']
North,1990,11,28,11.91,0, ['/ecs/DP1/PM/NSIDC-0051.001/1990.11.28/nt_19901128_f08_v1.1_n.bin']
North,1990,11,29,12.056,0, ['/ecs/DP1/PM/NSIDC-0051.001/1990.11.29/nt_19901129_f08_v1.1_n.bin']
North,1990,11,30,12.063,0, ['/ecs/DP1/PM/NSIDC-0051.001/1990.11.30/nt_19901130_f08_v1.1_n.bin']
North,1990,12,1,12.279,0, ['/ecs/DP1/PM/NSIDC-0051.001/1990.12.01/nt_19901201_f08_v1.1_n.bin']
North,1990,12,2,12.422,0, ['/ecs/DP1/PM/NSIDC-0051.001/1990.12.02/nt_19901202_f08_v1.1_n.bin']
North,1990,12,3,12.47,0, ['/ecs/DP1/PM/NSIDC-0051.001/1990.12.03/nt_19901203_f08_v1.1_n.bin']
North,1990,12,4,12.548,0, ['/ecs/DP1/PM/NSIDC-0051.001/1990.12.04/nt_19901204_f08_v1.1_n.bin']
North,1990,12,5,12.643,0, ['/ecs/DP1/PM/NSIDC-0051.001/1990.12.05/nt_19901205_f08_v1.1_n.bin']
North,1990,12,6,12.653,0, ['/ecs/DP1/PM/NSIDC-0051.001/1990.12.06/nt_19901206_f08_v1.1_n.bin']
North,1990,12,7,12.613,0, ['/ecs/DP1/PM/NSIDC-0051.001/1990.12.07/nt_19901207_f08_v1.1_n.bin']
North,1990,12,8,12.683,0, ['/ecs/DP1/PM/NSIDC-0051.001/1990.12.08/nt_19901208_f08_v1.1_n.bin']
North,1990,12,9,12.756,0, ['/ecs/DP1/PM/NSIDC-0051.001/1990.12.09/nt_19901209_f08_v1.1_n.bin']
North,1990,12,10,12.818,0, ['/ecs/DP1/PM/NSIDC-0051.001/1990.12.10/nt_19901210_f08_v1.1_n.bin']
North,1990,12,11,12.845,0, ['/ecs/DP1/PM/NSIDC-0051.001/1990.12.11/nt_19901211_f08_v1.1_n.bin']
North,1990,12,12,12.915,0, ['/ecs/DP1/PM/NSIDC-0051.001/1990.12.12/nt_19901212_f08_v1.1_n.bin']
North,1990,12,13,13.019,0, ['/ecs/DP1/PM/NSIDC-0051.001/1990.12.13/nt_19901213_f08_v1.1_n.bin']
North,1990,12,14,13.106,0, ['/ecs/DP1/PM/NSIDC-0051.001/1990.12.14/nt_19901214_f08_v1.1_n.bin']
North,1990,12,15,13.158,0, ['/ecs/DP1/PM/NSIDC-0051.001/1990.12.15/nt_19901215_f08_v1.1_n.bin']
North,1990,12,16,13.226,0, ['/ecs/DP1/PM/NSIDC-0051.001/1990.12.16/nt_19901216_f08_v1.1_n.bin']
North,1990,12,17,13.353,0, ['/ecs/DP1/PM/NSIDC-0051.001/1990.12.17/nt_19901217_f08_v1.1_n.bin']
North,1990,12,18,13.28,0, ['/ecs/DP1/PM/NSIDC-0051.001/1990.12.18/nt_19901218_f08_v1.1_n.bin']
North,1990,12,19,13.324,0, ['/ecs/DP1/PM/NSIDC-0051.001/1990.12.19/nt_19901219_f08_v1.1_n.bin']
North,1990,12,20,13.417,0, ['/ecs/DP1/PM/NSIDC-0051.001/1990.12.20/nt_19901220_f08_v1.1_n.bin']
North,1990,12,21,13.525,0, ['/ecs/DP1/PM/NSIDC-0051.001/1990.12.21/nt_19901221_f08_v1.1_n.bin']
North,1990,12,22,13.563,0, ['/ecs/DP1/PM/NSIDC-0051.001/1990.12.22/nt_19901222_f08_v1.1_n.bin']
North,1990,12,23,13.62,0, ['/ecs/DP1/PM/NSIDC-0051.001/1990.12.23/nt_19901223_f08_v1.1_n.bin']
North,1990,12,24,13.62,0, ['/ecs/DP1/PM/NSIDC-0051.001/1990.12.24/nt_19901224_f08_v1.1_n.bin']
North,1990,12,25,13.601,0, ['/ecs/DP1/PM/NSIDC-0051.001/1990.12.25/nt_19901225_f08_v1.1_n.bin']
North,1990,12,26,13.541,0, ['/ecs/DP1/PM/NSIDC-0051.001/1990.12.26/nt_19901226_f08_v1.1_n.bin']
North,1990,12,27,13.48,0, ['/ecs/DP1/PM/NSIDC-0051.001/1990.12.27/nt_19901227_f08_v1.1_n.bin']
North,1990,12,28,13.432,0, ['/ecs/DP1/PM/NSIDC-0051.001/1990.12.28/nt_19901228_f08_v1.1_n.bin']
North,1990,12,29,13.439,0, ['/ecs/DP1/PM/NSIDC-0051.001/1990.12.29/nt_19901229_f08_v1.1_n.bin']
North,1990,12,30,13.437,0, ['/ecs/DP1/PM/NSIDC-0051.001/1990.12.30/nt_19901230_f08_v1.1_n.bin']
North,1990,12,31,13.486,0, ['/ecs/DP1/PM/NSIDC-0051.001/1990.12.31/nt_19901231_f08_v1.1_n.bin']
North,1991,1,1,13.634,0, ['/ecs/DP1/PM/NSIDC-0051.001/1991.01.01/nt_19910101_f08_v1.1_n.bin']
North,1991,1,2,13.831,0, ['/ecs/DP1/PM/NSIDC-0051.001/1991.01.02/nt_19910102_f08_v1.1_n.bin']
North,1991,1,3,13.847,0, ['/ecs/DP1/PM/NSIDC-0051.001/1991.01.03/nt_19910103_f08_v1.1_n.bin']
North,1991,1,4,13.858,0, ['/ecs/DP1/PM/NSIDC-0051.001/1991.01.04/nt_19910104_f08_v1.1_n.bin']
North,1991,1,5,13.872,0, ['/ecs/DP1/PM/NSIDC-0051.001/1991.01.05/nt_19910105_f08_v1.1_n.bin']
North,1991,1,6,13.958,0, ['/ecs/DP1/PM/NSIDC-0051.001/1991.01.06/nt_19910106_f08_v1.1_n.bin']
North,1991,1,7,13.976,0, ['/ecs/DP1/PM/NSIDC-0051.001/1991.01.07/nt_19910107_f08_v1.1_n.bin']
North,1991,1,8,13.985,0, ['/ecs/DP1/PM/NSIDC-0051.001/1991.01.08/nt_19910108_f08_v1.1_n.bin']
North,1991,1,9,14.071,0, ['/ecs/DP1/PM/NSIDC-0051.001/1991.01.09/nt_19910109_f08_v1.1_n.bin']
North,1991,1,10,14.141,0, ['/ecs/DP1/PM/NSIDC-0051.001/1991.01.10/nt_19910110_f08_v1.1_n.bin']
North,1991,1,11,14.205,0, ['/ecs/DP1/PM/NSIDC-0051.001/1991.01.11/nt_19910111_f08_v1.1_n.bin']
North,1991,1,12,14.212,0, ['/ecs/DP1/PM/NSIDC-0051.001/1991.01.12/nt_19910112_f08_v1.1_n.bin']
North,1991,1,13,14.348,0, ['/ecs/DP1/PM/NSIDC-0051.001/1991.01.13/nt_19910113_f08_v1.1_n.bin']
North,1991,1,14,14.346,0, ['/ecs/DP1/PM/NSIDC-0051.001/1991.01.14/nt_19910114_f08_v1.1_n.bin']
North,1991,1,15,14.389,0, ['/ecs/DP1/PM/NSIDC-0051.001/1991.01.15/nt_19910115_f08_v1.1_n.bin']
North,1991,1,16,14.404,0, ['/ecs/DP1/PM/NSIDC-0051.001/1991.01.16/nt_19910116_f08_v1.1_n.bin']
North,1991,1,17,14.468,0, ['/ecs/DP1/PM/NSIDC-0051.001/1991.01.17/nt_19910117_f08_v1.1_n.bin']
North,1991,1,18,14.458,0, ['/ecs/DP1/PM/NSIDC-0051.001/1991.01.18/nt_19910118_f08_v1.1_n.bin']
North,1991,1,19,14.561,0, ['/ecs/DP1/PM/NSIDC-0051.001/1991.01.19/nt_19910119_f08_v1.1_n.bin']
North,1991,1,20,14.577,0, ['/ecs/DP1/PM/NSIDC-0051.001/1991.01.20/nt_19910120_f08_v1.1_n.bin']
North,1991,1,21,14.635,0, ['/ecs/DP1/PM/NSIDC-0051.001/1991.01.21/nt_19910121_f08_v1.1_n.bin']
North,1991,1,22,14.642,0, ['/ecs/DP1/PM/NSIDC-0051.001/1991.01.22/nt_19910122_f08_v1.1_n.bin']
North,1991,1,23,14.711,0, ['/ecs/DP1/PM/NSIDC-0051.001/1991.01.23/nt_19910123_f08_v1.1_n.bin']
North,1991,1,24,14.715,0, ['/ecs/DP1/PM/NSIDC-0051.001/1991.01.24/nt_19910124_f08_v1.1_n.bin']
North,1991,1,25,14.789,0, ['/ecs/DP1/PM/NSIDC-0051.001/1991.01.25/nt_19910125_f08_v1.1_n.bin']
North,1991,1,26,14.742,0, ['/ecs/DP1/PM/NSIDC-0051.001/1991.01.26/nt_19910126_f08_v1.1_n.bin']
North,1991,1,27,14.753,0, ['/ecs/DP1/PM/NSIDC-0051.001/1991.01.27/nt_19910127_f08_v1.1_n.bin']
North,1991,1,28,14.762,0, ['/ecs/DP1/PM/NSIDC-0051.001/1991.01.28/nt_19910128_f08_v1.1_n.bin']
North,1991,1,29,14.744,0, ['/ecs/DP1/PM/NSIDC-0051.001/1991.01.29/nt_19910129_f08_v1.1_n.bin']
North,1991,1,30,14.813,0, ['/ecs/DP1/PM/NSIDC-0051.001/1991.01.30/nt_19910130_f08_v1.1_n.bin']
North,1991,1,31,14.831,0, ['/ecs/DP1/PM/NSIDC-0051.001/1991.01.31/nt_19910131_f08_v1.1_n.bin']
North,1991,2,1,14.852,0, ['/ecs/DP1/PM/NSIDC-0051.001/1991.02.01/nt_19910201_f08_v1.1_n.bin']
North,1991,2,2,14.84,0, ['/ecs/DP1/PM/NSIDC-0051.001/1991.02.02/nt_19910202_f08_v1.1_n.bin']
North,1991,2,3,14.86,0, ['/ecs/DP1/PM/NSIDC-0051.001/1991.02.03/nt_19910203_f08_v1.1_n.bin']
North,1991,2,4,14.779,0, ['/ecs/DP1/PM/NSIDC-0051.001/1991.02.04/nt_19910204_f08_v1.1_n.bin']
North,1991,2,5,14.855,0, ['/ecs/DP1/PM/NSIDC-0051.001/1991.02.05/nt_19910205_f08_v1.1_n.bin']
North,1991,2,6,14.849,0, ['/ecs/DP1/PM/NSIDC-0051.001/1991.02.06/nt_19910206_f08_v1.1_n.bin']
North,1991,2,7,14.886,0, ['/ecs/DP1/PM/NSIDC-0051.001/1991.02.07/nt_19910207_f08_v1.1_n.bin']
North,1991,2,8,14.955,0, ['/ecs/DP1/PM/NSIDC-0051.001/1991.02.08/nt_19910208_f08_v1.1_n.bin']
North,1991,2,9,15.018,0, ['/ecs/DP1/PM/NSIDC-0051.001/1991.02.09/nt_19910209_f08_v1.1_n.bin']
North,1991,2,10,15.066,0, ['/ecs/DP1/PM/NSIDC-0051.001/1991.02.10/nt_19910210_f08_v1.1_n.bin']
North,1991,2,11,15.12,0, ['/ecs/DP1/PM/NSIDC-0051.001/1991.02.11/nt_19910211_f08_v1.1_n.bin']
North,1991,2,12,15.169,0, ['/ecs/DP1/PM/NSIDC-0051.001/1991.02.12/nt_19910212_f08_v1.1_n.bin']
North,1991,2,13,15.28,0, ['/ecs/DP1/PM/NSIDC-0051.001/1991.02.13/nt_19910213_f08_v1.1_n.bin']
North,1991,2,14,15.347,0, ['/ecs/DP1/PM/NSIDC-0051.001/1991.02.14/nt_19910214_f08_v1.1_n.bin']
North,1991,2,15,15.372,0, ['/ecs/DP1/PM/NSIDC-0051.001/1991.02.15/nt_19910215_f08_v1.1_n.bin']
North,1991,2,16,15.388,0, ['/ecs/DP1/PM/NSIDC-0051.001/1991.02.16/nt_19910216_f08_v1.1_n.bin']
North,1991,2,17,15.412,0, ['/ecs/DP1/PM/NSIDC-0051.001/1991.02.17/nt_19910217_f08_v1.1_n.bin']
North,1991,2,18,15.417,0, ['/ecs/DP1/PM/NSIDC-0051.001/1991.02.18/nt_19910218_f08_v1.1_n.bin']
North,1991,2,19,15.499,0, ['/ecs/DP1/PM/NSIDC-0051.001/1991.02.19/nt_19910219_f08_v1.1_n.bin']
North,1991,2,20,15.56,0, ['/ecs/DP1/PM/NSIDC-0051.001/1991.02.20/nt_19910220_f08_v1.1_n.bin']
North,1991,2,21,15.467,0, ['/ecs/DP1/PM/NSIDC-0051.001/1991.02.21/nt_19910221_f08_v1.1_n.bin']
North,1991,2,22,15.459,0, ['/ecs/DP1/PM/NSIDC-0051.001/1991.02.22/nt_19910222_f08_v1.1_n.bin']
North,1991,2,23,15.596,0, ['/ecs/DP1/PM/NSIDC-0051.001/1991.02.23/nt_19910223_f08_v1.1_n.bin']
North,1991,2,24,15.575,0, ['/ecs/DP1/PM/NSIDC-0051.001/1991.02.24/nt_19910224_f08_v1.1_n.bin']
North,1991,2,25,15.647,0, ['/ecs/DP1/PM/NSIDC-0051.001/1991.02.25/nt_19910225_f08_v1.1_n.bin']
North,1991,2,26,15.586,0, ['/ecs/DP1/PM/NSIDC-0051.001/1991.02.26/nt_19910226_f08_v1.1_n.bin']
North,1991,2,27,15.6,0, ['/ecs/DP1/PM/NSIDC-0051.001/1991.02.27/nt_19910227_f08_v1.1_n.bin']
North,1991,2,28,15.529,0, ['/ecs/DP1/PM/NSIDC-0051.001/1991.02.28/nt_19910228_f08_v1.1_n.bin']
North,1991,3,1,15.488,0, ['/ecs/DP1/PM/NSIDC-0051.001/1991.03.01/nt_19910301_f08_v1.1_n.bin']
North,1991,3,2,15.509,0, ['/ecs/DP1/PM/NSIDC-0051.001/1991.03.02/nt_19910302_f08_v1.1_n.bin']
North,1991,3,3,15.422,0, ['/ecs/DP1/PM/NSIDC-0051.001/1991.03.03/nt_19910303_f08_v1.1_n.bin']
North,1991,3,4,15.326,0, ['/ecs/DP1/PM/NSIDC-0051.001/1991.03.04/nt_19910304_f08_v1.1_n.bin']
North,1991,3,5,15.352,0, ['/ecs/DP1/PM/NSIDC-0051.001/1991.03.05/nt_19910305_f08_v1.1_n.bin']
North,1991,3,6,15.437,0, ['/ecs/DP1/PM/NSIDC-0051.001/1991.03.06/nt_19910306_f08_v1.1_n.bin']
North,1991,3,7,15.39,0, ['/ecs/DP1/PM/NSIDC-0051.001/1991.03.07/nt_19910307_f08_v1.1_n.bin']
North,1991,3,8,15.51,0, ['/ecs/DP1/PM/NSIDC-0051.001/1991.03.08/nt_19910308_f08_v1.1_n.bin']
North,1991,3,9,15.487,0, ['/ecs/DP1/PM/NSIDC-0051.001/1991.03.09/nt_19910309_f08_v1.1_n.bin']
North,1991,3,10,15.472,0, ['/ecs/DP1/PM/NSIDC-0051.001/1991.03.10/nt_19910310_f08_v1.1_n.bin']
North,1991,3,11,15.454,0, ['/ecs/DP1/PM/NSIDC-0051.001/1991.03.11/nt_19910311_f08_v1.1_n.bin']
North,1991,3,12,15.436,0, ['/ecs/DP1/PM/NSIDC-0051.001/1991.03.12/nt_19910312_f08_v1.1_n.bin']
North,1991,3,13,15.459,0, ['/ecs/DP1/PM/NSIDC-0051.001/1991.03.13/nt_19910313_f08_v1.1_n.bin']
North,1991,3,14,15.501,0, ['/ecs/DP1/PM/NSIDC-0051.001/1991.03.14/nt_19910314_f08_v1.1_n.bin']
North,1991,3,15,15.472,0, ['/ecs/DP1/PM/NSIDC-0051.001/1991.03.15/nt_19910315_f08_v1.1_n.bin']
North,1991,3,16,15.521,0, ['/ecs/DP1/PM/NSIDC-0051.001/1991.03.16/nt_19910316_f08_v1.1_n.bin']
North,1991,3,17,15.48,0, ['/ecs/DP1/PM/NSIDC-0051.001/1991.03.17/nt_19910317_f08_v1.1_n.bin']
North,1991,3,18,15.499,0, ['/ecs/DP1/PM/NSIDC-0051.001/1991.03.18/nt_19910318_f08_v1.1_n.bin']
North,1991,3,19,15.536,0, ['/ecs/DP1/PM/NSIDC-0051.001/1991.03.19/nt_19910319_f08_v1.1_n.bin']
North,1991,3,20,15.448,0, ['/ecs/DP1/PM/NSIDC-0051.001/1991.03.20/nt_19910320_f08_v1.1_n.bin']
North,1991,3,21,15.379,0, ['/ecs/DP1/PM/NSIDC-0051.001/1991.03.21/nt_19910321_f08_v1.1_n.bin']
North,1991,3,22,15.361,0, ['/ecs/DP1/PM/NSIDC-0051.001/1991.03.22/nt_19910322_f08_v1.1_n.bin']
North,1991,3,23,15.27,0, ['/ecs/DP1/PM/NSIDC-0051.001/1991.03.23/nt_19910323_f08_v1.1_n.bin']
North,1991,3,24,15.325,0, ['/ecs/DP1/PM/NSIDC-0051.001/1991.03.24/nt_19910324_f08_v1.1_n.bin']
North,1991,3,25,15.388,0, ['/ecs/DP1/PM/NSIDC-0051.001/1991.03.25/nt_19910325_f08_v1.1_n.bin']
North,1991,3,26,15.371,0, ['/ecs/DP1/PM/NSIDC-0051.001/1991.03.26/nt_19910326_f08_v1.1_n.bin']
North,1991,3,27,15.221,0, ['/ecs/DP1/PM/NSIDC-0051.001/1991.03.27/nt_19910327_f08_v1.1_n.bin']
North,1991,3,28,15.221,0, ['/ecs/DP1/PM/NSIDC-0051.001/1991.03.28/nt_19910328_f08_v1.1_n.bin']
North,1991,3,29,15.282,0, ['/ecs/DP1/PM/NSIDC-0051.001/1991.03.29/nt_19910329_f08_v1.1_n.bin']
North,1991,3,30,15.432,0, ['/ecs/DP1/PM/NSIDC-0051.001/1991.03.30/nt_19910330_f08_v1.1_n.bin']
North,1991,3,31,15.451,0, ['/ecs/DP1/PM/NSIDC-0051.001/1991.03.31/nt_19910331_f08_v1.1_n.bin']
North,1991,4,1,15.482,0, ['/ecs/DP1/PM/NSIDC-0051.001/1991.04.01/nt_19910401_f08_v1.1_n.bin']
North,1991,4,2,15.463,0, ['/ecs/DP1/PM/NSIDC-0051.001/1991.04.02/nt_19910402_f08_v1.1_n.bin']
North,1991,4,3,15.41,0, ['/ecs/DP1/PM/NSIDC-0051.001/1991.04.03/nt_19910403_f08_v1.1_n.bin']
North,1991,4,4,15.363,0, ['/ecs/DP1/PM/NSIDC-0051.001/1991.04.04/nt_19910404_f08_v1.1_n.bin']
North,1991,4,5,15.372,0, ['/ecs/DP1/PM/NSIDC-0051.001/1991.04.05/nt_19910405_f08_v1.1_n.bin']
North,1991,4,6,15.355,0, ['/ecs/DP1/PM/NSIDC-0051.001/1991.04.06/nt_19910406_f08_v1.1_n.bin']
North,1991,4,7,15.278,0, ['/ecs/DP1/PM/NSIDC-0051.001/1991.04.07/nt_19910407_f08_v1.1_n.bin']
North,1991,4,8,15.265,0, ['/ecs/DP1/PM/NSIDC-0051.001/1991.04.08/nt_19910408_f08_v1.1_n.bin']
North,1991,4,9,15.196,0, ['/ecs/DP1/PM/NSIDC-0051.001/1991.04.09/nt_19910409_f08_v1.1_n.bin']
North,1991,4,10,15.116,0, ['/ecs/DP1/PM/NSIDC-0051.001/1991.04.10/nt_19910410_f08_v1.1_n.bin']
North,1991,4,11,14.983,0, ['/ecs/DP1/PM/NSIDC-0051.001/1991.04.11/nt_19910411_f08_v1.1_n.bin']
North,1991,4,12,14.939,0, ['/ecs/DP1/PM/NSIDC-0051.001/1991.04.12/nt_19910412_f08_v1.1_n.bin']
North,1991,4,13,14.891,0, ['/ecs/DP1/PM/NSIDC-0051.001/1991.04.13/nt_19910413_f08_v1.1_n.bin']
North,1991,4,14,14.899,0, ['/ecs/DP1/PM/NSIDC-0051.001/1991.04.14/nt_19910414_f08_v1.1_n.bin']
North,1991,4,15,14.85,0, ['/ecs/DP1/PM/NSIDC-0051.001/1991.04.15/nt_19910415_f08_v1.1_n.bin']
North,1991,4,16,14.787,0, ['/ecs/DP1/PM/NSIDC-0051.001/1991.04.16/nt_19910416_f08_v1.1_n.bin']
North,1991,4,17,14.81,0, ['/ecs/DP1/PM/NSIDC-0051.001/1991.04.17/nt_19910417_f08_v1.1_n.bin']
North,1991,4,18,14.753,0, ['/ecs/DP1/PM/NSIDC-0051.001/1991.04.18/nt_19910418_f08_v1.1_n.bin']
North,1991,4,19,14.635,0, ['/ecs/DP1/PM/NSIDC-0051.001/1991.04.19/nt_19910419_f08_v1.1_n.bin']
North,1991,4,20,14.63,0, ['/ecs/DP1/PM/NSIDC-0051.001/1991.04.20/nt_19910420_f08_v1.1_n.bin']
North,1991,4,21,14.62,0, ['/ecs/DP1/PM/NSIDC-0051.001/1991.04.21/nt_19910421_f08_v1.1_n.bin']
North,1991,4,22,14.606,0, ['/ecs/DP1/PM/NSIDC-0051.001/1991.04.22/nt_19910422_f08_v1.1_n.bin']
North,1991,4,23,14.583,0, ['/ecs/DP1/PM/NSIDC-0051.001/1991.04.23/nt_19910423_f08_v1.1_n.bin']
North,1991,4,24,14.519,0, ['/ecs/DP1/PM/NSIDC-0051.001/1991.04.24/nt_19910424_f08_v1.1_n.bin']
North,1991,4,25,14.478,0, ['/ecs/DP1/PM/NSIDC-0051.001/1991.04.25/nt_19910425_f08_v1.1_n.bin']
North,1991,4,26,14.418,0, ['/ecs/DP1/PM/NSIDC-0051.001/1991.04.26/nt_19910426_f08_v1.1_n.bin']
North,1991,4,27,14.34,0, ['/ecs/DP1/PM/NSIDC-0051.001/1991.04.27/nt_19910427_f08_v1.1_n.bin']
North,1991,4,28,14.249,0, ['/ecs/DP1/PM/NSIDC-0051.001/1991.04.28/nt_19910428_f08_v1.1_n.bin']
North,1991,4,29,14.273,0, ['/ecs/DP1/PM/NSIDC-0051.001/1991.04.29/nt_19910429_f08_v1.1_n.bin']
North,1991,4,30,14.229,0, ['/ecs/DP1/PM/NSIDC-0051.001/1991.04.30/nt_19910430_f08_v1.1_n.bin']
North,1991,5,1,14.068,0, ['/ecs/DP1/PM/NSIDC-0051.001/1991.05.01/nt_19910501_f08_v1.1_n.bin']
North,1991,5,2,14.01,0, ['/ecs/DP1/PM/NSIDC-0051.001/1991.05.02/nt_19910502_f08_v1.1_n.bin']
North,1991,5,3,13.944,0, ['/ecs/DP1/PM/NSIDC-0051.001/1991.05.03/nt_19910503_f08_v1.1_n.bin']
North,1991,5,4,13.945,0, ['/ecs/DP1/PM/NSIDC-0051.001/1991.05.04/nt_19910504_f08_v1.1_n.bin']
North,1991,5,5,13.862,0, ['/ecs/DP1/PM/NSIDC-0051.001/1991.05.05/nt_19910505_f08_v1.1_n.bin']
North,1991,5,6,13.815,0, ['/ecs/DP1/PM/NSIDC-0051.001/1991.05.06/nt_19910506_f08_v1.1_n.bin']
North,1991,5,7,13.801,0, ['/ecs/DP1/PM/NSIDC-0051.001/1991.05.07/nt_19910507_f08_v1.1_n.bin']
North,1991,5,8,13.756,0, ['/ecs/DP1/PM/NSIDC-0051.001/1991.05.08/nt_19910508_f08_v1.1_n.bin']
North,1991,5,9,13.702,0, ['/ecs/DP1/PM/NSIDC-0051.001/1991.05.09/nt_19910509_f08_v1.1_n.bin']
North,1991,5,10,13.677,0, ['/ecs/DP1/PM/NSIDC-0051.001/1991.05.10/nt_19910510_f08_v1.1_n.bin']
North,1991,5,11,13.612,0, ['/ecs/DP1/PM/NSIDC-0051.001/1991.05.11/nt_19910511_f08_v1.1_n.bin']
North,1991,5,12,13.667,0, ['/ecs/DP1/PM/NSIDC-0051.001/1991.05.12/nt_19910512_f08_v1.1_n.bin']
North,1991,5,13,13.62,0, ['/ecs/DP1/PM/NSIDC-0051.001/1991.05.13/nt_19910513_f08_v1.1_n.bin']
North,1991,5,14,13.56,0, ['/ecs/DP1/PM/NSIDC-0051.001/1991.05.14/nt_19910514_f08_v1.1_n.bin']
North,1991,5,15,13.474,0, ['/ecs/DP1/PM/NSIDC-0051.001/1991.05.15/nt_19910515_f08_v1.1_n.bin']
North,1991,5,16,13.495,0, ['/ecs/DP1/PM/NSIDC-0051.001/1991.05.16/nt_19910516_f08_v1.1_n.bin']
North,1991,5,17,13.48,0, ['/ecs/DP1/PM/NSIDC-0051.001/1991.05.17/nt_19910517_f08_v1.1_n.bin']
North,1991,5,18,13.394,0, ['/ecs/DP1/PM/NSIDC-0051.001/1991.05.18/nt_19910518_f08_v1.1_n.bin']
North,1991,5,19,13.35,0, ['/ecs/DP1/PM/NSIDC-0051.001/1991.05.19/nt_19910519_f08_v1.1_n.bin']
North,1991,5,20,13.314,0, ['/ecs/DP1/PM/NSIDC-0051.001/1991.05.20/nt_19910520_f08_v1.1_n.bin']
North,1991,5,21,13.266,0, ['/ecs/DP1/PM/NSIDC-0051.001/1991.05.21/nt_19910521_f08_v1.1_n.bin']
North,1991,5,22,13.192,0, ['/ecs/DP1/PM/NSIDC-0051.001/1991.05.22/nt_19910522_f08_v1.1_n.bin']
North,1991,5,23,13.196,0, ['/ecs/DP1/PM/NSIDC-0051.001/1991.05.23/nt_19910523_f08_v1.1_n.bin']
North,1991,5,24,13.144,0, ['/ecs/DP1/PM/NSIDC-0051.001/1991.05.24/nt_19910524_f08_v1.1_n.bin']
North,1991,5,25,13.122,0, ['/ecs/DP1/PM/NSIDC-0051.001/1991.05.25/nt_19910525_f08_v1.1_n.bin']
North,1991,5,26,13.104,0, ['/ecs/DP1/PM/NSIDC-0051.001/1991.05.26/nt_19910526_f08_v1.1_n.bin']
North,1991,5,27,13.073,0, ['/ecs/DP1/PM/NSIDC-0051.001/1991.05.27/nt_19910527_f08_v1.1_n.bin']
North,1991,5,28,13.038,0, ['/ecs/DP1/PM/NSIDC-0051.001/1991.05.28/nt_19910528_f08_v1.1_n.bin']
North,1991,5,29,13.051,0, ['/ecs/DP1/PM/NSIDC-0051.001/1991.05.29/nt_19910529_f08_v1.1_n.bin']
North,1991,5,30,12.97,0, ['/ecs/DP1/PM/NSIDC-0051.001/1991.05.30/nt_19910530_f08_v1.1_n.bin']
North,1991,5,31,12.965,0, ['/ecs/DP1/PM/NSIDC-0051.001/1991.05.31/nt_19910531_f08_v1.1_n.bin']
North,1991,6,1,12.781,0, ['/ecs/DP1/PM/NSIDC-0051.001/1991.06.01/nt_19910601_f08_v1.1_n.bin']
North,1991,6,2,12.756,0, ['/ecs/DP1/PM/NSIDC-0051.001/1991.06.02/nt_19910602_f08_v1.1_n.bin']
North,1991,6,3,12.755,0, ['/ecs/DP1/PM/NSIDC-0051.001/1991.06.03/nt_19910603_f08_v1.1_n.bin']
North,1991,6,4,12.707,0, ['/ecs/DP1/PM/NSIDC-0051.001/1991.06.04/nt_19910604_f08_v1.1_n.bin']
North,1991,6,5,12.667,0, ['/ecs/DP1/PM/NSIDC-0051.001/1991.06.05/nt_19910605_f08_v1.1_n.bin']
North,1991,6,6,12.623,0, ['/ecs/DP1/PM/NSIDC-0051.001/1991.06.06/nt_19910606_f08_v1.1_n.bin']
North,1991,6,7,12.556,0, ['/ecs/DP1/PM/NSIDC-0051.001/1991.06.07/nt_19910607_f08_v1.1_n.bin']
North,1991,6,8,12.526,0, ['/ecs/DP1/PM/NSIDC-0051.001/1991.06.08/nt_19910608_f08_v1.1_n.bin']
North,1991,6,9,12.425,0, ['/ecs/DP1/PM/NSIDC-0051.001/1991.06.09/nt_19910609_f08_v1.1_n.bin']
North,1991,6,10,12.346,0, ['/ecs/DP1/PM/NSIDC-0051.001/1991.06.10/nt_19910610_f08_v1.1_n.bin']
North,1991,6,11,12.251,0, ['/ecs/DP1/PM/NSIDC-0051.001/1991.06.11/nt_19910611_f08_v1.1_n.bin']
North,1991,6,12,12.271,0, ['/ecs/DP1/PM/NSIDC-0051.001/1991.06.12/nt_19910612_f08_v1.1_n.bin']
North,1991,6,13,12.263,0, ['/ecs/DP1/PM/NSIDC-0051.001/1991.06.13/nt_19910613_f08_v1.1_n.bin']
North,1991,6,14,12.197,0, ['/ecs/DP1/PM/NSIDC-0051.001/1991.06.14/nt_19910614_f08_v1.1_n.bin']
North,1991,6,15,12.116,0, ['/ecs/DP1/PM/NSIDC-0051.001/1991.06.15/nt_19910615_f08_v1.1_n.bin']
North,1991,6,16,12.063,0, ['/ecs/DP1/PM/NSIDC-0051.001/1991.06.16/nt_19910616_f08_v1.1_n.bin']
North,1991,6,17,12.026,0, ['/ecs/DP1/PM/NSIDC-0051.001/1991.06.17/nt_19910617_f08_v1.1_n.bin']
North,1991,6,18,11.959,0, ['/ecs/DP1/PM/NSIDC-0051.001/1991.06.18/nt_19910618_f08_v1.1_n.bin']
North,1991,6,19,11.946,0, ['/ecs/DP1/PM/NSIDC-0051.001/1991.06.19/nt_19910619_f08_v1.1_n.bin']
North,1991,6,20,11.931,0, ['/ecs/DP1/PM/NSIDC-0051.001/1991.06.20/nt_19910620_f08_v1.1_n.bin']
North,1991,6,21,11.877,0, ['/ecs/DP1/PM/NSIDC-0051.001/1991.06.21/nt_19910621_f08_v1.1_n.bin']
North,1991,6,22,11.904,0, ['/ecs/DP1/PM/NSIDC-0051.001/1991.06.22/nt_19910622_f08_v1.1_n.bin']
North,1991,6,23,11.821,0, ['/ecs/DP1/PM/NSIDC-0051.001/1991.06.23/nt_19910623_f08_v1.1_n.bin']
North,1991,6,24,11.674,0, ['/ecs/DP1/PM/NSIDC-0051.001/1991.06.24/nt_19910624_f08_v1.1_n.bin']
North,1991,6,25,11.629,0, ['/ecs/DP1/PM/NSIDC-0051.001/1991.06.25/nt_19910625_f08_v1.1_n.bin']
North,1991,6,26,11.646,0, ['/ecs/DP1/PM/NSIDC-0051.001/1991.06.26/nt_19910626_f08_v1.1_n.bin']
North,1991,6,27,11.495,0, ['/ecs/DP1/PM/NSIDC-0051.001/1991.06.27/nt_19910627_f08_v1.1_n.bin']
North,1991,6,28,11.433,0, ['/ecs/DP1/PM/NSIDC-0051.001/1991.06.28/nt_19910628_f08_v1.1_n.bin']
North,1991,6,29,11.319,0, ['/ecs/DP1/PM/NSIDC-0051.001/1991.06.29/nt_19910629_f08_v1.1_n.bin']
North,1991,6,30,11.278,0, ['/ecs/DP1/PM/NSIDC-0051.001/1991.06.30/nt_19910630_f08_v1.1_n.bin']
North,1991,7,1,10.992,0, ['/ecs/DP1/PM/NSIDC-0051.001/1991.07.01/nt_19910701_f08_v1.1_n.bin']
North,1991,7,2,10.885,0, ['/ecs/DP1/PM/NSIDC-0051.001/1991.07.02/nt_19910702_f08_v1.1_n.bin']
North,1991,7,3,10.79,0, ['/ecs/DP1/PM/NSIDC-0051.001/1991.07.03/nt_19910703_f08_v1.1_n.bin']
North,1991,7,4,10.72,0, ['/ecs/DP1/PM/NSIDC-0051.001/1991.07.04/nt_19910704_f08_v1.1_n.bin']
North,1991,7,5,10.58,0, ['/ecs/DP1/PM/NSIDC-0051.001/1991.07.05/nt_19910705_f08_v1.1_n.bin']
North,1991,7,6,10.306,0, ['/ecs/DP1/PM/NSIDC-0051.001/1991.07.06/nt_19910706_f08_v1.1_n.bin']
North,1991,7,7,10.212,0, ['/ecs/DP1/PM/NSIDC-0051.001/1991.07.07/nt_19910707_f08_v1.1_n.bin']
North,1991,7,8,10.242,0, ['/ecs/DP1/PM/NSIDC-0051.001/1991.07.08/nt_19910708_f08_v1.1_n.bin']
North,1991,7,9,10.173,0, ['/ecs/DP1/PM/NSIDC-0051.001/1991.07.09/nt_19910709_f08_v1.1_n.bin']
North,1991,7,10,10.023,0, ['/ecs/DP1/PM/NSIDC-0051.001/1991.07.10/nt_19910710_f08_v1.1_n.bin']
North,1991,7,11,10.07,0, ['/ecs/DP1/PM/NSIDC-0051.001/1991.07.11/nt_19910711_f08_v1.1_n.bin']
North,1991,7,12,9.852,0, ['/ecs/DP1/PM/NSIDC-0051.001/1991.07.12/nt_19910712_f08_v1.1_n.bin']
North,1991,7,13,9.758,0, ['/ecs/DP1/PM/NSIDC-0051.001/1991.07.13/nt_19910713_f08_v1.1_n.bin']
North,1991,7,14,9.594,0, ['/ecs/DP1/PM/NSIDC-0051.001/1991.07.14/nt_19910714_f08_v1.1_n.bin']
North,1991,7,15,9.491,0, ['/ecs/DP1/PM/NSIDC-0051.001/1991.07.15/nt_19910715_f08_v1.1_n.bin']
North,1991,7,16,9.458,0, ['/ecs/DP1/PM/NSIDC-0051.001/1991.07.16/nt_19910716_f08_v1.1_n.bin']
North,1991,7,17,9.307,0, ['/ecs/DP1/PM/NSIDC-0051.001/1991.07.17/nt_19910717_f08_v1.1_n.bin']
North,1991,7,18,9.216,0, ['/ecs/DP1/PM/NSIDC-0051.001/1991.07.18/nt_19910718_f08_v1.1_n.bin']
North,1991,7,19,9.213,0, ['/ecs/DP1/PM/NSIDC-0051.001/1991.07.19/nt_19910719_f08_v1.1_n.bin']
North,1991,7,20,9.197,0, ['/ecs/DP1/PM/NSIDC-0051.001/1991.07.20/nt_19910720_f08_v1.1_n.bin']
North,1991,7,21,9.049,0, ['/ecs/DP1/PM/NSIDC-0051.001/1991.07.21/nt_19910721_f08_v1.1_n.bin']
North,1991,7,22,9.006,0, ['/ecs/DP1/PM/NSIDC-0051.001/1991.07.22/nt_19910722_f08_v1.1_n.bin']
North,1991,7,23,8.944,0, ['/ecs/DP1/PM/NSIDC-0051.001/1991.07.23/nt_19910723_f08_v1.1_n.bin']
North,1991,7,24,8.891,0, ['/ecs/DP1/PM/NSIDC-0051.001/1991.07.24/nt_19910724_f08_v1.1_n.bin']
North,1991,7,25,8.829,0, ['/ecs/DP1/PM/NSIDC-0051.001/1991.07.25/nt_19910725_f08_v1.1_n.bin']
North,1991,7,26,8.603,0, ['/ecs/DP1/PM/NSIDC-0051.001/1991.07.26/nt_19910726_f08_v1.1_n.bin']
North,1991,7,27,8.513,0, ['/ecs/DP1/PM/NSIDC-0051.001/1991.07.27/nt_19910727_f08_v1.1_n.bin']
North,1991,7,28,8.405,0, ['/ecs/DP1/PM/NSIDC-0051.001/1991.07.28/nt_19910728_f08_v1.1_n.bin']
North,1991,7,29,8.323,0, ['/ecs/DP1/PM/NSIDC-0051.001/1991.07.29/nt_19910729_f08_v1.1_n.bin']
North,1991,7,30,8.224,0, ['/ecs/DP1/PM/NSIDC-0051.001/1991.07.30/nt_19910730_f08_v1.1_n.bin']
North,1991,7,31,8.069,0, ['/ecs/DP1/PM/NSIDC-0051.001/1991.07.31/nt_19910731_f08_v1.1_n.bin']
North,1991,8,1,7.969,0, ['/ecs/DP1/PM/NSIDC-0051.001/1991.08.01/nt_19910801_f08_v1.1_n.bin']
North,1991,8,2,7.98,0, ['/ecs/DP1/PM/NSIDC-0051.001/1991.08.02/nt_19910802_f08_v1.1_n.bin']
North,1991,8,3,7.859,0, ['/ecs/DP1/PM/NSIDC-0051.001/1991.08.03/nt_19910803_f08_v1.1_n.bin']
North,1991,8,4,7.744,0, ['/ecs/DP1/PM/NSIDC-0051.001/1991.08.04/nt_19910804_f08_v1.1_n.bin']
North,1991,8,5,7.788,0, ['/ecs/DP1/PM/NSIDC-0051.001/1991.08.05/nt_19910805_f08_v1.1_n.bin']
North,1991,8,6,7.811,0, ['/ecs/DP1/PM/NSIDC-0051.001/1991.08.06/nt_19910806_f08_v1.1_n.bin']
North,1991,8,7,7.715,0, ['/ecs/DP1/PM/NSIDC-0051.001/1991.08.07/nt_19910807_f08_v1.1_n.bin']
North,1991,8,8,7.722,0, ['/ecs/DP1/PM/NSIDC-0051.001/1991.08.08/nt_19910808_f08_v1.1_n.bin']
North,1991,8,9,7.731,0, ['/ecs/DP1/PM/NSIDC-0051.001/1991.08.09/nt_19910809_f08_v1.1_n.bin']
North,1991,8,10,7.642,0, ['/ecs/DP1/PM/NSIDC-0051.001/1991.08.10/nt_19910810_f08_v1.1_n.bin']
North,1991,8,11,7.629,0, ['/ecs/DP1/PM/NSIDC-0051.001/1991.08.11/nt_19910811_f08_v1.1_n.bin']
North,1991,8,12,7.586,0, ['/ecs/DP1/PM/NSIDC-0051.001/1991.08.12/nt_19910812_f08_v1.1_n.bin']
North,1991,8,13,7.516,0, ['/ecs/DP1/PM/NSIDC-0051.001/1991.08.13/nt_19910813_f08_v1.1_n.bin']
North,1991,8,14,7.464,0, ['/ecs/DP1/PM/NSIDC-0051.001/1991.08.14/nt_19910814_f08_v1.1_n.bin']
North,1991,8,15,7.466,0, ['/ecs/DP1/PM/NSIDC-0051.001/1991.08.15/nt_19910815_f08_v1.1_n.bin']
North,1991,8,16,7.465,0, ['/ecs/DP1/PM/NSIDC-0051.001/1991.08.16/nt_19910816_f08_v1.1_n.bin']
North,1991,8,17,7.404,0, ['/ecs/DP1/PM/NSIDC-0051.001/1991.08.17/nt_19910817_f08_v1.1_n.bin']
North,1991,8,18,7.306,0, ['/ecs/DP1/PM/NSIDC-0051.001/1991.08.18/nt_19910818_f08_v1.1_n.bin']
North,1991,8,19,7.349,0, ['/ecs/DP1/PM/NSIDC-0051.001/1991.08.19/nt_19910819_f08_v1.1_n.bin']
North,1991,8,20,7.33,0, ['/ecs/DP1/PM/NSIDC-0051.001/1991.08.20/nt_19910820_f08_v1.1_n.bin']
North,1991,8,21,7.23,0, ['/ecs/DP1/PM/NSIDC-0051.001/1991.08.21/nt_19910821_f08_v1.1_n.bin']
North,1991,8,22,7.218,0, ['/ecs/DP1/PM/NSIDC-0051.001/1991.08.22/nt_19910822_f08_v1.1_n.bin']
North,1991,8,23,7.185,0, ['/ecs/DP1/PM/NSIDC-0051.001/1991.08.23/nt_19910823_f08_v1.1_n.bin']
North,1991,8,24,7.102,0, ['/ecs/DP1/PM/NSIDC-0051.001/1991.08.24/nt_19910824_f08_v1.1_n.bin']
North,1991,8,25,7.151,0, ['/ecs/DP1/PM/NSIDC-0051.001/1991.08.25/nt_19910825_f08_v1.1_n.bin']
North,1991,8,26,7.02,0, ['/ecs/DP1/PM/NSIDC-0051.001/1991.08.26/nt_19910826_f08_v1.1_n.bin']
North,1991,8,27,6.97,0, ['/ecs/DP1/PM/NSIDC-0051.001/1991.08.27/nt_19910827_f08_v1.1_n.bin']
North,1991,8,28,6.976,0, ['/ecs/DP1/PM/NSIDC-0051.001/1991.08.28/nt_19910828_f08_v1.1_n.bin']
North,1991,8,29,6.889,0, ['/ecs/DP1/PM/NSIDC-0051.001/1991.08.29/nt_19910829_f08_v1.1_n.bin']
North,1991,8,30,6.873,0, ['/ecs/DP1/PM/NSIDC-0051.001/1991.08.30/nt_19910830_f08_v1.1_n.bin']
North,1991,8,31,6.786,0, ['/ecs/DP1/PM/NSIDC-0051.001/1991.08.31/nt_19910831_f08_v1.1_n.bin']
North,1991,9,1,6.766,0, ['/ecs/DP1/PM/NSIDC-0051.001/1991.09.01/nt_19910901_f08_v1.1_n.bin']
North,1991,9,2,6.706,0, ['/ecs/DP1/PM/NSIDC-0051.001/1991.09.02/nt_19910902_f08_v1.1_n.bin']
North,1991,9,3,6.797,0, ['/ecs/DP1/PM/NSIDC-0051.001/1991.09.03/nt_19910903_f08_v1.1_n.bin']
North,1991,9,4,6.796,0, ['/ecs/DP1/PM/NSIDC-0051.001/1991.09.04/nt_19910904_f08_v1.1_n.bin']
North,1991,9,5,6.728,0, ['/ecs/DP1/PM/NSIDC-0051.001/1991.09.05/nt_19910905_f08_v1.1_n.bin']
North,1991,9,6,6.617,0, ['/ecs/DP1/PM/NSIDC-0051.001/1991.09.06/nt_19910906_f08_v1.1_n.bin']
North,1991,9,7,6.516,0, ['/ecs/DP1/PM/NSIDC-0051.001/1991.09.07/nt_19910907_f08_v1.1_n.bin']
North,1991,9,8,6.465,0, ['/ecs/DP1/PM/NSIDC-0051.001/1991.09.08/nt_19910908_f08_v1.1_n.bin']
North,1991,9,9,6.464,0, ['/ecs/DP1/PM/NSIDC-0051.001/1991.09.09/nt_19910909_f08_v1.1_n.bin']
North,1991,9,10,6.445,0, ['/ecs/DP1/PM/NSIDC-0051.001/1991.09.10/nt_19910910_f08_v1.1_n.bin']
North,1991,9,11,6.434,0, ['/ecs/DP1/PM/NSIDC-0051.001/1991.09.11/nt_19910911_f08_v1.1_n.bin']
North,1991,9,12,6.369,0, ['/ecs/DP1/PM/NSIDC-0051.001/1991.09.12/nt_19910912_f08_v1.1_n.bin']
North,1991,9,13,6.35,0, ['/ecs/DP1/PM/NSIDC-0051.001/1991.09.13/nt_19910913_f08_v1.1_n.bin']
North,1991,9,14,6.28,0, ['/ecs/DP1/PM/NSIDC-0051.001/1991.09.14/nt_19910914_f08_v1.1_n.bin']
North,1991,9,15,6.284,0, ['/ecs/DP1/PM/NSIDC-0051.001/1991.09.15/nt_19910915_f08_v1.1_n.bin']
North,1991,9,16,6.259,0, ['/ecs/DP1/PM/NSIDC-0051.001/1991.09.16/nt_19910916_f08_v1.1_n.bin']
North,1991,9,17,6.367,0, ['/ecs/DP1/PM/NSIDC-0051.001/1991.09.17/nt_19910917_f08_v1.1_n.bin']
North,1991,9,18,6.319,0, ['/ecs/DP1/PM/NSIDC-0051.001/1991.09.18/nt_19910918_f08_v1.1_n.bin']
North,1991,9,19,6.384,0, ['/ecs/DP1/PM/NSIDC-0051.001/1991.09.19/nt_19910919_f08_v1.1_n.bin']
North,1991,9,20,6.386,0, ['/ecs/DP1/PM/NSIDC-0051.001/1991.09.20/nt_19910920_f08_v1.1_n.bin']
North,1991,9,21,6.325,0, ['/ecs/DP1/PM/NSIDC-0051.001/1991.09.21/nt_19910921_f08_v1.1_n.bin']
North,1991,9,22,6.297,0, ['/ecs/DP1/PM/NSIDC-0051.001/1991.09.22/nt_19910922_f08_v1.1_n.bin']
North,1991,9,23,6.33,0, ['/ecs/DP1/PM/NSIDC-0051.001/1991.09.23/nt_19910923_f08_v1.1_n.bin']
North,1991,9,24,6.411,0, ['/ecs/DP1/PM/NSIDC-0051.001/1991.09.24/nt_19910924_f08_v1.1_n.bin']
North,1991,9,25,6.416,0, ['/ecs/DP1/PM/NSIDC-0051.001/1991.09.25/nt_19910925_f08_v1.1_n.bin']
North,1991,9,26,6.431,0, ['/ecs/DP1/PM/NSIDC-0051.001/1991.09.26/nt_19910926_f08_v1.1_n.bin']
North,1991,9,27,6.432,0, ['/ecs/DP1/PM/NSIDC-0051.001/1991.09.27/nt_19910927_f08_v1.1_n.bin']
North,1991,9,28,6.511,0, ['/ecs/DP1/PM/NSIDC-0051.001/1991.09.28/nt_19910928_f08_v1.1_n.bin']
North,1991,9,29,6.602,0, ['/ecs/DP1/PM/NSIDC-0051.001/1991.09.29/nt_19910929_f08_v1.1_n.bin']
North,1991,9,30,6.7,0, ['/ecs/DP1/PM/NSIDC-0051.001/1991.09.30/nt_19910930_f08_v1.1_n.bin']
North,1991,10,1,6.85,0, ['/ecs/DP1/PM/NSIDC-0051.001/1991.10.01/nt_19911001_f08_v1.1_n.bin']
North,1991,10,2,6.988,0, ['/ecs/DP1/PM/NSIDC-0051.001/1991.10.02/nt_19911002_f08_v1.1_n.bin']
North,1991,10,3,7.027,0, ['/ecs/DP1/PM/NSIDC-0051.001/1991.10.03/nt_19911003_f08_v1.1_n.bin']
North,1991,10,4,7.16,0, ['/ecs/DP1/PM/NSIDC-0051.001/1991.10.04/nt_19911004_f08_v1.1_n.bin']
North,1991,10,5,7.25,0, ['/ecs/DP1/PM/NSIDC-0051.001/1991.10.05/nt_19911005_f08_v1.1_n.bin']
North,1991,10,6,7.35,0, ['/ecs/DP1/PM/NSIDC-0051.001/1991.10.06/nt_19911006_f08_v1.1_n.bin']
North,1991,10,7,7.499,0, ['/ecs/DP1/PM/NSIDC-0051.001/1991.10.07/nt_19911007_f08_v1.1_n.bin']
North,1991,10,8,7.579,0, ['/ecs/DP1/PM/NSIDC-0051.001/1991.10.08/nt_19911008_f08_v1.1_n.bin']
North,1991,10,9,7.713,0, ['/ecs/DP1/PM/NSIDC-0051.001/1991.10.09/nt_19911009_f08_v1.1_n.bin']
North,1991,10,10,7.811,0, ['/ecs/DP1/PM/NSIDC-0051.001/1991.10.10/nt_19911010_f08_v1.1_n.bin']
North,1991,10,11,8.002,0, ['/ecs/DP1/PM/NSIDC-0051.001/1991.10.11/nt_19911011_f08_v1.1_n.bin']
North,1991,10,12,8.243,0, ['/ecs/DP1/PM/NSIDC-0051.001/1991.10.12/nt_19911012_f08_v1.1_n.bin']
North,1991,10,13,8.448,0, ['/ecs/DP1/PM/NSIDC-0051.001/1991.10.13/nt_19911013_f08_v1.1_n.bin']
North,1991,10,14,8.609,0, ['/ecs/DP1/PM/NSIDC-0051.001/1991.10.14/nt_19911014_f08_v1.1_n.bin']
North,1991,10,15,8.798,0, ['/ecs/DP1/PM/NSIDC-0051.001/1991.10.15/nt_19911015_f08_v1.1_n.bin']
North,1991,10,16,8.924,0, ['/ecs/DP1/PM/NSIDC-0051.001/1991.10.16/nt_19911016_f08_v1.1_n.bin']
North,1991,10,17,8.999,0, ['/ecs/DP1/PM/NSIDC-0051.001/1991.10.17/nt_19911017_f08_v1.1_n.bin']
North,1991,10,18,9.184,0, ['/ecs/DP1/PM/NSIDC-0051.001/1991.10.18/nt_19911018_f08_v1.1_n.bin']
North,1991,10,19,9.174,0, ['/ecs/DP1/PM/NSIDC-0051.001/1991.10.19/nt_19911019_f08_v1.1_n.bin']
North,1991,10,20,9.194,0, ['/ecs/DP1/PM/NSIDC-0051.001/1991.10.20/nt_19911020_f08_v1.1_n.bin']
North,1991,10,21,9.252,0, ['/ecs/DP1/PM/NSIDC-0051.001/1991.10.21/nt_19911021_f08_v1.1_n.bin']
North,1991,10,22,9.257,0, ['/ecs/DP1/PM/NSIDC-0051.001/1991.10.22/nt_19911022_f08_v1.1_n.bin']
North,1991,10,23,9.309,0, ['/ecs/DP1/PM/NSIDC-0051.001/1991.10.23/nt_19911023_f08_v1.1_n.bin']
North,1991,10,24,9.348,0, ['/ecs/DP1/PM/NSIDC-0051.001/1991.10.24/nt_19911024_f08_v1.1_n.bin']
North,1991,10,25,9.318,0, ['/ecs/DP1/PM/NSIDC-0051.001/1991.10.25/nt_19911025_f08_v1.1_n.bin']
North,1991,10,26,9.404,0, ['/ecs/DP1/PM/NSIDC-0051.001/1991.10.26/nt_19911026_f08_v1.1_n.bin']
North,1991,10,27,9.511,0, ['/ecs/DP1/PM/NSIDC-0051.001/1991.10.27/nt_19911027_f08_v1.1_n.bin']
North,1991,10,28,9.576,0, ['/ecs/DP1/PM/NSIDC-0051.001/1991.10.28/nt_19911028_f08_v1.1_n.bin']
North,1991,10,29,9.671,0, ['/ecs/DP1/PM/NSIDC-0051.001/1991.10.29/nt_19911029_f08_v1.1_n.bin']
North,1991,10,30,9.64,0, ['/ecs/DP1/PM/NSIDC-0051.001/1991.10.30/nt_19911030_f08_v1.1_n.bin']
North,1991,10,31,9.696,0, ['/ecs/DP1/PM/NSIDC-0051.001/1991.10.31/nt_19911031_f08_v1.1_n.bin']
North,1991,11,1,9.854,0, ['/ecs/DP1/PM/NSIDC-0051.001/1991.11.01/nt_19911101_f08_v1.1_n.bin']
North,1991,11,2,9.984,0, ['/ecs/DP1/PM/NSIDC-0051.001/1991.11.02/nt_19911102_f08_v1.1_n.bin']
North,1991,11,3,10.048,0, ['/ecs/DP1/PM/NSIDC-0051.001/1991.11.03/nt_19911103_f08_v1.1_n.bin']
North,1991,11,4,10.052,0, ['/ecs/DP1/PM/NSIDC-0051.001/1991.11.04/nt_19911104_f08_v1.1_n.bin']
North,1991,11,5,10.161,0, ['/ecs/DP1/PM/NSIDC-0051.001/1991.11.05/nt_19911105_f08_v1.1_n.bin']
North,1991,11,6,10.236,0, ['/ecs/DP1/PM/NSIDC-0051.001/1991.11.06/nt_19911106_f08_v1.1_n.bin']
North,1991,11,7,10.294,0, ['/ecs/DP1/PM/NSIDC-0051.001/1991.11.07/nt_19911107_f08_v1.1_n.bin']
North,1991,11,8,10.412,0, ['/ecs/DP1/PM/NSIDC-0051.001/1991.11.08/nt_19911108_f08_v1.1_n.bin']
North,1991,11,9,10.53,0, ['/ecs/DP1/PM/NSIDC-0051.001/1991.11.09/nt_19911109_f08_v1.1_n.bin']
North,1991,11,10,10.619,0, ['/ecs/DP1/PM/NSIDC-0051.001/1991.11.10/nt_19911110_f08_v1.1_n.bin']
North,1991,11,11,10.653,0, ['/ecs/DP1/PM/NSIDC-0051.001/1991.11.11/nt_19911111_f08_v1.1_n.bin']
North,1991,11,12,10.718,0, ['/ecs/DP1/PM/NSIDC-0051.001/1991.11.12/nt_19911112_f08_v1.1_n.bin']
North,1991,11,13,10.773,0, ['/ecs/DP1/PM/NSIDC-0051.001/1991.11.13/nt_19911113_f08_v1.1_n.bin']
North,1991,11,14,10.769,0, ['/ecs/DP1/PM/NSIDC-0051.001/1991.11.14/nt_19911114_f08_v1.1_n.bin']
North,1991,11,15,10.779,0, ['/ecs/DP1/PM/NSIDC-0051.001/1991.11.15/nt_19911115_f08_v1.1_n.bin']
North,1991,11,16,10.948,0, ['/ecs/DP1/PM/NSIDC-0051.001/1991.11.16/nt_19911116_f08_v1.1_n.bin']
North,1991,11,17,10.946,0, ['/ecs/DP1/PM/NSIDC-0051.001/1991.11.17/nt_19911117_f08_v1.1_n.bin']
North,1991,11,18,10.985,0, ['/ecs/DP1/PM/NSIDC-0051.001/1991.11.18/nt_19911118_f08_v1.1_n.bin']
North,1991,11,19,11.077,0, ['/ecs/DP1/PM/NSIDC-0051.001/1991.11.19/nt_19911119_f08_v1.1_n.bin']
North,1991,11,20,11.133,0, ['/ecs/DP1/PM/NSIDC-0051.001/1991.11.20/nt_19911120_f08_v1.1_n.bin']
North,1991,11,21,11.202,0, ['/ecs/DP1/PM/NSIDC-0051.001/1991.11.21/nt_19911121_f08_v1.1_n.bin']
North,1991,11,22,11.287,0, ['/ecs/DP1/PM/NSIDC-0051.001/1991.11.22/nt_19911122_f08_v1.1_n.bin']
North,1991,11,23,11.396,0, ['/ecs/DP1/PM/NSIDC-0051.001/1991.11.23/nt_19911123_f08_v1.1_n.bin']
North,1991,11,24,11.512,0, ['/ecs/DP1/PM/NSIDC-0051.001/1991.11.24/nt_19911124_f08_v1.1_n.bin']
North,1991,11,25,11.615,0, ['/ecs/DP1/PM/NSIDC-0051.001/1991.11.25/nt_19911125_f08_v1.1_n.bin']
North,1991,11,26,11.681,0, ['/ecs/DP1/PM/NSIDC-0051.001/1991.11.26/nt_19911126_f08_v1.1_n.bin']
North,1991,11,27,11.667,0, ['/ecs/DP1/PM/NSIDC-0051.001/1991.11.27/nt_19911127_f08_v1.1_n.bin']
North,1991,11,28,11.718,0, ['/ecs/DP1/PM/NSIDC-0051.001/1991.11.28/nt_19911128_f08_v1.1_n.bin']
North,1991,11,29,11.725,0, ['/ecs/DP1/PM/NSIDC-0051.001/1991.11.29/nt_19911129_f08_v1.1_n.bin']
North,1991,11,30,11.764,0, ['/ecs/DP1/PM/NSIDC-0051.001/1991.11.30/nt_19911130_f08_v1.1_n.bin']
North,1991,12,1,12.026,0, ['/ecs/DP1/PM/NSIDC-0051.001/1991.12.01/nt_19911201_f08_v1.1_n.bin']
North,1991,12,2,12.078,0, ['/ecs/DP1/PM/NSIDC-0051.001/1991.12.02/nt_19911202_f08_v1.1_n.bin']
North,1991,12,3,12.104,0, ['/ecs/DP1/PM/NSIDC-0051.001/1991.12.03/nt_19911203_f08_v1.1_n.bin']
North,1991,12,4,12.217,0, ['/ecs/DP1/PM/NSIDC-0051.001/1991.12.04/nt_19911204_f08_v1.1_n.bin']
North,1991,12,5,12.3,0, ['/ecs/DP1/PM/NSIDC-0051.001/1991.12.05/nt_19911205_f08_v1.1_n.bin']
North,1991,12,6,12.331,0, ['/ecs/DP1/PM/NSIDC-0051.001/1991.12.06/nt_19911206_f08_v1.1_n.bin']
North,1991,12,7,12.377,0, ['/ecs/DP1/PM/NSIDC-0051.001/1991.12.07/nt_19911207_f08_v1.1_n.bin']
North,1991,12,8,12.49,0, ['/ecs/DP1/PM/NSIDC-0051.001/1991.12.08/nt_19911208_f08_v1.1_n.bin']
North,1991,12,9,12.517,0, ['/ecs/DP1/PM/NSIDC-0051.001/1991.12.09/nt_19911209_f08_v1.1_n.bin']
North,1991,12,10,12.526,0, ['/ecs/DP1/PM/NSIDC-0051.001/1991.12.10/nt_19911210_f08_v1.1_n.bin']
North,1991,12,11,12.58,0, ['/ecs/DP1/PM/NSIDC-0051.001/1991.12.11/nt_19911211_f08_v1.1_n.bin']
North,1991,12,12,12.606,0, ['/ecs/DP1/PM/NSIDC-0051.001/1991.12.12/nt_19911212_f08_v1.1_n.bin']
North,1991,12,13,12.808,0, ['/ecs/DP1/PM/NSIDC-0051.001/1991.12.13/nt_19911213_f08_v1.1_n.bin']
North,1991,12,14,12.836,0, ['/ecs/DP1/PM/NSIDC-0051.001/1991.12.14/nt_19911214_f08_v1.1_n.bin']
North,1991,12,15,12.907,0, ['/ecs/DP1/PM/NSIDC-0051.001/1991.12.15/nt_19911215_f08_v1.1_n.bin']
North,1991,12,16,12.969,0, ['/ecs/DP1/PM/NSIDC-0051.001/1991.12.16/nt_19911216_f08_v1.1_n.bin']
North,1991,12,17,12.994,0, ['/ecs/DP1/PM/NSIDC-0051.001/1991.12.17/nt_19911217_f08_v1.1_n.bin']
North,1991,12,18,13.13,0, ['/ecs/DP1/PM/NSIDC-0051.001/1991.12.18/nt_19911218_f08_v1.1_n.bin']
North,1991,12,19,13.083,0, ['/ecs/DP1/PM/NSIDC-0051.001/1991.12.19/nt_19911219_f11_v1.1_n.bin']
North,1991,12,20,13.098,0, ['/ecs/DP1/PM/NSIDC-0051.001/1991.12.20/nt_19911220_f11_v1.1_n.bin']
North,1991,12,21,13.14,0, ['/ecs/DP1/PM/NSIDC-0051.001/1991.12.21/nt_19911221_f11_v1.1_n.bin']
North,1991,12,22,13.215,0, ['/ecs/DP1/PM/NSIDC-0051.001/1991.12.22/nt_19911222_f11_v1.1_n.bin']
North,1991,12,23,13.367,0, ['/ecs/DP1/PM/NSIDC-0051.001/1991.12.23/nt_19911223_f11_v1.1_n.bin']
North,1991,12,24,13.346,0, ['/ecs/DP1/PM/NSIDC-0051.001/1991.12.24/nt_19911224_f11_v1.1_n.bin']
North,1991,12,25,13.465,0, ['/ecs/DP1/PM/NSIDC-0051.001/1991.12.25/nt_19911225_f11_v1.1_n.bin']
North,1991,12,26,13.597,0, ['/ecs/DP1/PM/NSIDC-0051.001/1991.12.26/nt_19911226_f11_v1.1_n.bin']
North,1991,12,27,13.658,0, ['/ecs/DP1/PM/NSIDC-0051.001/1991.12.27/nt_19911227_f11_v1.1_n.bin']
North,1991,12,28,13.8,0, ['/ecs/DP1/PM/NSIDC-0051.001/1991.12.28/nt_19911228_f11_v1.1_n.bin']
North,1991,12,29,13.954,0, ['/ecs/DP1/PM/NSIDC-0051.001/1991.12.29/nt_19911229_f11_v1.1_n.bin']
North,1991,12,30,13.885,0, ['/ecs/DP1/PM/NSIDC-0051.001/1991.12.30/nt_19911230_f11_v1.1_n.bin']
North,1991,12,31,13.894,0, ['/ecs/DP1/PM/NSIDC-0051.001/1991.12.31/nt_19911231_f11_v1.1_n.bin']
North,1992,1,1,14.069,0, ['/ecs/DP1/PM/NSIDC-0051.001/1992.01.01/nt_19920101_f11_v1.1_n.bin']
North,1992,1,2,14.092,0, ['/ecs/DP1/PM/NSIDC-0051.001/1992.01.02/nt_19920102_f11_v1.1_n.bin']
North,1992,1,3,14.141,0, ['/ecs/DP1/PM/NSIDC-0051.001/1992.01.03/nt_19920103_f11_v1.1_n.bin']
North,1992,1,4,14.072,0, ['/ecs/DP1/PM/NSIDC-0051.001/1992.01.04/nt_19920104_f11_v1.1_n.bin']
North,1992,1,5,14.185,0, ['/ecs/DP1/PM/NSIDC-0051.001/1992.01.05/nt_19920105_f11_v1.1_n.bin']
North,1992,1,6,14.254,0, ['/ecs/DP1/PM/NSIDC-0051.001/1992.01.06/nt_19920106_f11_v1.1_n.bin']
North,1992,1,7,14.282,0, ['/ecs/DP1/PM/NSIDC-0051.001/1992.01.07/nt_19920107_f11_v1.1_n.bin']
North,1992,1,8,14.406,0, ['/ecs/DP1/PM/NSIDC-0051.001/1992.01.08/nt_19920108_f11_v1.1_n.bin']
North,1992,1,9,14.419,0, ['/ecs/DP1/PM/NSIDC-0051.001/1992.01.09/nt_19920109_f11_v1.1_n.bin']
North,1992,1,10,14.481,0, ['/ecs/DP1/PM/NSIDC-0051.001/1992.01.10/nt_19920110_f11_v1.1_n.bin']
North,1992,1,11,14.509,0, ['/ecs/DP1/PM/NSIDC-0051.001/1992.01.11/nt_19920111_f11_v1.1_n.bin']
North,1992,1,12,14.51,0, ['/ecs/DP1/PM/NSIDC-0051.001/1992.01.12/nt_19920112_f11_v1.1_n.bin']
North,1992,1,13,14.543,0, ['/ecs/DP1/PM/NSIDC-0051.001/1992.01.13/nt_19920113_f11_v1.1_n.bin']
North,1992,1,14,14.631,0, ['/ecs/DP1/PM/NSIDC-0051.001/1992.01.14/nt_19920114_f11_v1.1_n.bin']
North,1992,1,15,14.56,0, ['/ecs/DP1/PM/NSIDC-0051.001/1992.01.15/nt_19920115_f11_v1.1_n.bin']
North,1992,1,16,14.52,0, ['/ecs/DP1/PM/NSIDC-0051.001/1992.01.16/nt_19920116_f11_v1.1_n.bin']
North,1992,1,17,14.614,0, ['/ecs/DP1/PM/NSIDC-0051.001/1992.01.17/nt_19920117_f11_v1.1_n.bin']
North,1992,1,18,14.658,0, ['/ecs/DP1/PM/NSIDC-0051.001/1992.01.18/nt_19920118_f11_v1.1_n.bin']
North,1992,1,19,14.745,0, ['/ecs/DP1/PM/NSIDC-0051.001/1992.01.19/nt_19920119_f11_v1.1_n.bin']
North,1992,1,20,14.772,0, ['/ecs/DP1/PM/NSIDC-0051.001/1992.01.20/nt_19920120_f11_v1.1_n.bin']
North,1992,1,21,14.83,0, ['/ecs/DP1/PM/NSIDC-0051.001/1992.01.21/nt_19920121_f11_v1.1_n.bin']
North,1992,1,22,14.906,0, ['/ecs/DP1/PM/NSIDC-0051.001/1992.01.22/nt_19920122_f11_v1.1_n.bin']
North,1992,1,23,14.932,0, ['/ecs/DP1/PM/NSIDC-0051.001/1992.01.23/nt_19920123_f11_v1.1_n.bin']
North,1992,1,24,14.946,0, ['/ecs/DP1/PM/NSIDC-0051.001/1992.01.24/nt_19920124_f11_v1.1_n.bin']
North,1992,1,25,14.905,0, ['/ecs/DP1/PM/NSIDC-0051.001/1992.01.25/nt_19920125_f11_v1.1_n.bin']
North,1992,1,26,15,0, ['/ecs/DP1/PM/NSIDC-0051.001/1992.01.26/nt_19920126_f11_v1.1_n.bin']
North,1992,1,27,15.1,0, ['/ecs/DP1/PM/NSIDC-0051.001/1992.01.27/nt_19920127_f11_v1.1_n.bin']
North,1992,1,28,15.212,0, ['/ecs/DP1/PM/NSIDC-0051.001/1992.01.28/nt_19920128_f11_v1.1_n.bin']
North,1992,1,29,15.182,0, ['/ecs/DP1/PM/NSIDC-0051.001/1992.01.29/nt_19920129_f11_v1.1_n.bin']
North,1992,1,30,15.188,0, ['/ecs/DP1/PM/NSIDC-0051.001/1992.01.30/nt_19920130_f11_v1.1_n.bin']
North,1992,1,31,15.259,0, ['/ecs/DP1/PM/NSIDC-0051.001/1992.01.31/nt_19920131_f11_v1.1_n.bin']
North,1992,2,1,15.419,0, ['/ecs/DP1/PM/NSIDC-0051.001/1992.02.01/nt_19920201_f11_v1.1_n.bin']
North,1992,2,2,15.387,0, ['/ecs/DP1/PM/NSIDC-0051.001/1992.02.02/nt_19920202_f11_v1.1_n.bin']
North,1992,2,3,15.396,0, ['/ecs/DP1/PM/NSIDC-0051.001/1992.02.03/nt_19920203_f11_v1.1_n.bin']
North,1992,2,4,15.396,0, ['/ecs/DP1/PM/NSIDC-0051.001/1992.02.04/nt_19920204_f11_v1.1_n.bin']
North,1992,2,5,15.365,0, ['/ecs/DP1/PM/NSIDC-0051.001/1992.02.05/nt_19920205_f11_v1.1_n.bin']
North,1992,2,6,15.481,0, ['/ecs/DP1/PM/NSIDC-0051.001/1992.02.06/nt_19920206_f11_v1.1_n.bin']
North,1992,2,7,15.446,0, ['/ecs/DP1/PM/NSIDC-0051.001/1992.02.07/nt_19920207_f11_v1.1_n.bin']
North,1992,2,8,15.424,0, ['/ecs/DP1/PM/NSIDC-0051.001/1992.02.08/nt_19920208_f11_v1.1_n.bin']
North,1992,2,9,15.43,0, ['/ecs/DP1/PM/NSIDC-0051.001/1992.02.09/nt_19920209_f11_v1.1_n.bin']
North,1992,2,10,15.358,0, ['/ecs/DP1/PM/NSIDC-0051.001/1992.02.10/nt_19920210_f11_v1.1_n.bin']
North,1992,2,11,15.318,0, ['/ecs/DP1/PM/NSIDC-0051.001/1992.02.11/nt_19920211_f11_v1.1_n.bin']
North,1992,2,12,15.367,0, ['/ecs/DP1/PM/NSIDC-0051.001/1992.02.12/nt_19920212_f11_v1.1_n.bin']
North,1992,2,13,15.382,0, ['/ecs/DP1/PM/NSIDC-0051.001/1992.02.13/nt_19920213_f11_v1.1_n.bin']
North,1992,2,14,15.449,0, ['/ecs/DP1/PM/NSIDC-0051.001/1992.02.14/nt_19920214_f11_v1.1_n.bin']
North,1992,2,15,15.466,0, ['/ecs/DP1/PM/NSIDC-0051.001/1992.02.15/nt_19920215_f11_v1.1_n.bin']
North,1992,2,16,15.567,0, ['/ecs/DP1/PM/NSIDC-0051.001/1992.02.16/nt_19920216_f11_v1.1_n.bin']
North,1992,2,17,15.561,0, ['/ecs/DP1/PM/NSIDC-0051.001/1992.02.17/nt_19920217_f11_v1.1_n.bin']
North,1992,2,18,15.518,0, ['/ecs/DP1/PM/NSIDC-0051.001/1992.02.18/nt_19920218_f11_v1.1_n.bin']
North,1992,2,19,15.532,0, ['/ecs/DP1/PM/NSIDC-0051.001/1992.02.19/nt_19920219_f11_v1.1_n.bin']
North,1992,2,20,15.508,0, ['/ecs/DP1/PM/NSIDC-0051.001/1992.02.20/nt_19920220_f11_v1.1_n.bin']
North,1992,2,21,15.523,0, ['/ecs/DP1/PM/NSIDC-0051.001/1992.02.21/nt_19920221_f11_v1.1_n.bin']
North,1992,2,22,15.574,0, ['/ecs/DP1/PM/NSIDC-0051.001/1992.02.22/nt_19920222_f11_v1.1_n.bin']
North,1992,2,23,15.535,0, ['/ecs/DP1/PM/NSIDC-0051.001/1992.02.23/nt_19920223_f11_v1.1_n.bin']
North,1992,2,24,15.53,0, ['/ecs/DP1/PM/NSIDC-0051.001/1992.02.24/nt_19920224_f11_v1.1_n.bin']
North,1992,2,25,15.494,0, ['/ecs/DP1/PM/NSIDC-0051.001/1992.02.25/nt_19920225_f11_v1.1_n.bin']
North,1992,2,26,15.53,0, ['/ecs/DP1/PM/NSIDC-0051.001/1992.02.26/nt_19920226_f11_v1.1_n.bin']
North,1992,2,27,15.496,0, ['/ecs/DP1/PM/NSIDC-0051.001/1992.02.27/nt_19920227_f11_v1.1_n.bin']
North,1992,2,28,15.532,0, ['/ecs/DP1/PM/NSIDC-0051.001/1992.02.28/nt_19920228_f11_v1.1_n.bin']
North,1992,2,29,15.417,0, ['/ecs/DP1/PM/NSIDC-0051.001/1992.02.29/nt_19920229_f11_v1.1_n.bin']
North,1992,3,1,15.487,0, ['/ecs/DP1/PM/NSIDC-0051.001/1992.03.01/nt_19920301_f11_v1.1_n.bin']
North,1992,3,2,15.516,0, ['/ecs/DP1/PM/NSIDC-0051.001/1992.03.02/nt_19920302_f11_v1.1_n.bin']
North,1992,3,3,15.44,0, ['/ecs/DP1/PM/NSIDC-0051.001/1992.03.03/nt_19920303_f11_v1.1_n.bin']
North,1992,3,4,15.402,0, ['/ecs/DP1/PM/NSIDC-0051.001/1992.03.04/nt_19920304_f11_v1.1_n.bin']
North,1992,3,5,15.39,0, ['/ecs/DP1/PM/NSIDC-0051.001/1992.03.05/nt_19920305_f11_v1.1_n.bin']
North,1992,3,6,15.399,0, ['/ecs/DP1/PM/NSIDC-0051.001/1992.03.06/nt_19920306_f11_v1.1_n.bin']
North,1992,3,7,15.424,0, ['/ecs/DP1/PM/NSIDC-0051.001/1992.03.07/nt_19920307_f11_v1.1_n.bin']
North,1992,3,8,15.48,0, ['/ecs/DP1/PM/NSIDC-0051.001/1992.03.08/nt_19920308_f11_v1.1_n.bin']
North,1992,3,9,15.527,0, ['/ecs/DP1/PM/NSIDC-0051.001/1992.03.09/nt_19920309_f11_v1.1_n.bin']
North,1992,3,10,15.525,0, ['/ecs/DP1/PM/NSIDC-0051.001/1992.03.10/nt_19920310_f11_v1.1_n.bin']
North,1992,3,11,15.546,0, ['/ecs/DP1/PM/NSIDC-0051.001/1992.03.11/nt_19920311_f11_v1.1_n.bin']
North,1992,3,12,15.576,0, ['/ecs/DP1/PM/NSIDC-0051.001/1992.03.12/nt_19920312_f11_v1.1_n.bin']
North,1992,3,13,15.521,0, ['/ecs/DP1/PM/NSIDC-0051.001/1992.03.13/nt_19920313_f11_v1.1_n.bin']
North,1992,3,14,15.493,0, ['/ecs/DP1/PM/NSIDC-0051.001/1992.03.14/nt_19920314_f11_v1.1_n.bin']
North,1992,3,15,15.476,0, ['/ecs/DP1/PM/NSIDC-0051.001/1992.03.15/nt_19920315_f11_v1.1_n.bin']
North,1992,3,16,15.422,0, ['/ecs/DP1/PM/NSIDC-0051.001/1992.03.16/nt_19920316_f11_v1.1_n.bin']
North,1992,3,17,15.371,0, ['/ecs/DP1/PM/NSIDC-0051.001/1992.03.17/nt_19920317_f11_v1.1_n.bin']
North,1992,3,18,15.406,0, ['/ecs/DP1/PM/NSIDC-0051.001/1992.03.18/nt_19920318_f11_v1.1_n.bin']
North,1992,3,19,15.461,0, ['/ecs/DP1/PM/NSIDC-0051.001/1992.03.19/nt_19920319_f11_v1.1_n.bin']
North,1992,3,20,15.505,0, ['/ecs/DP1/PM/NSIDC-0051.001/1992.03.20/nt_19920320_f11_v1.1_n.bin']
North,1992,3,21,15.512,0, ['/ecs/DP1/PM/NSIDC-0051.001/1992.03.21/nt_19920321_f11_v1.1_n.bin']
North,1992,3,22,15.547,0, ['/ecs/DP1/PM/NSIDC-0051.001/1992.03.22/nt_19920322_f11_v1.1_n.bin']
North,1992,3,23,15.535,0, ['/ecs/DP1/PM/NSIDC-0051.001/1992.03.23/nt_19920323_f11_v1.1_n.bin']
North,1992,3,24,15.56,0, ['/ecs/DP1/PM/NSIDC-0051.001/1992.03.24/nt_19920324_f11_v1.1_n.bin']
North,1992,3,25,15.57,0, ['/ecs/DP1/PM/NSIDC-0051.001/1992.03.25/nt_19920325_f11_v1.1_n.bin']
North,1992,3,26,15.569,0, ['/ecs/DP1/PM/NSIDC-0051.001/1992.03.26/nt_19920326_f11_v1.1_n.bin']
North,1992,3,27,15.554,0, ['/ecs/DP1/PM/NSIDC-0051.001/1992.03.27/nt_19920327_f11_v1.1_n.bin']
North,1992,3,28,15.543,0, ['/ecs/DP1/PM/NSIDC-0051.001/1992.03.28/nt_19920328_f11_v1.1_n.bin']
North,1992,3,29,15.401,0, ['/ecs/DP1/PM/NSIDC-0051.001/1992.03.29/nt_19920329_f11_v1.1_n.bin']
North,1992,3,30,15.41,0, ['/ecs/DP1/PM/NSIDC-0051.001/1992.03.30/nt_19920330_f11_v1.1_n.bin']
North,1992,3,31,15.347,0, ['/ecs/DP1/PM/NSIDC-0051.001/1992.03.31/nt_19920331_f11_v1.1_n.bin']
North,1992,4,1,15.311,0, ['/ecs/DP1/PM/NSIDC-0051.001/1992.04.01/nt_19920401_f11_v1.1_n.bin']
North,1992,4,2,15.222,0, ['/ecs/DP1/PM/NSIDC-0051.001/1992.04.02/nt_19920402_f11_v1.1_n.bin']
North,1992,4,3,15.135,0, ['/ecs/DP1/PM/NSIDC-0051.001/1992.04.03/nt_19920403_f11_v1.1_n.bin']
North,1992,4,4,15.108,0, ['/ecs/DP1/PM/NSIDC-0051.001/1992.04.04/nt_19920404_f11_v1.1_n.bin']
North,1992,4,5,15.013,0, ['/ecs/DP1/PM/NSIDC-0051.001/1992.04.05/nt_19920405_f11_v1.1_n.bin']
North,1992,4,6,14.935,0, ['/ecs/DP1/PM/NSIDC-0051.001/1992.04.06/nt_19920406_f11_v1.1_n.bin']
North,1992,4,7,14.93,0, ['/ecs/DP1/PM/NSIDC-0051.001/1992.04.07/nt_19920407_f11_v1.1_n.bin']
North,1992,4,8,14.884,0, ['/ecs/DP1/PM/NSIDC-0051.001/1992.04.08/nt_19920408_f11_v1.1_n.bin']
North,1992,4,9,14.809,0, ['/ecs/DP1/PM/NSIDC-0051.001/1992.04.09/nt_19920409_f11_v1.1_n.bin']
North,1992,4,10,14.736,0, ['/ecs/DP1/PM/NSIDC-0051.001/1992.04.10/nt_19920410_f11_v1.1_n.bin']
North,1992,4,11,14.747,0, ['/ecs/DP1/PM/NSIDC-0051.001/1992.04.11/nt_19920411_f11_v1.1_n.bin']
North,1992,4,12,14.719,0, ['/ecs/DP1/PM/NSIDC-0051.001/1992.04.12/nt_19920412_f11_v1.1_n.bin']
North,1992,4,13,14.708,0, ['/ecs/DP1/PM/NSIDC-0051.001/1992.04.13/nt_19920413_f11_v1.1_n.bin']
North,1992,4,14,14.689,0, ['/ecs/DP1/PM/NSIDC-0051.001/1992.04.14/nt_19920414_f11_v1.1_n.bin']
North,1992,4,15,14.709,0, ['/ecs/DP1/PM/NSIDC-0051.001/1992.04.15/nt_19920415_f11_v1.1_n.bin']
North,1992,4,16,14.652,0, ['/ecs/DP1/PM/NSIDC-0051.001/1992.04.16/nt_19920416_f11_v1.1_n.bin']
North,1992,4,17,14.677,0, ['/ecs/DP1/PM/NSIDC-0051.001/1992.04.17/nt_19920417_f11_v1.1_n.bin']
North,1992,4,18,14.622,0, ['/ecs/DP1/PM/NSIDC-0051.001/1992.04.18/nt_19920418_f11_v1.1_n.bin']
North,1992,4,19,14.607,0, ['/ecs/DP1/PM/NSIDC-0051.001/1992.04.19/nt_19920419_f11_v1.1_n.bin']
North,1992,4,20,14.595,0, ['/ecs/DP1/PM/NSIDC-0051.001/1992.04.20/nt_19920420_f11_v1.1_n.bin']
North,1992,4,21,14.563,0, ['/ecs/DP1/PM/NSIDC-0051.001/1992.04.21/nt_19920421_f11_v1.1_n.bin']
North,1992,4,22,14.606,0, ['/ecs/DP1/PM/NSIDC-0051.001/1992.04.22/nt_19920422_f11_v1.1_n.bin']
North,1992,4,23,14.571,0, ['/ecs/DP1/PM/NSIDC-0051.001/1992.04.23/nt_19920423_f11_v1.1_n.bin']
North,1992,4,24,14.463,0, ['/ecs/DP1/PM/NSIDC-0051.001/1992.04.24/nt_19920424_f11_v1.1_n.bin']
North,1992,4,25,14.351,0, ['/ecs/DP1/PM/NSIDC-0051.001/1992.04.25/nt_19920425_f11_v1.1_n.bin']
North,1992,4,26,14.303,0, ['/ecs/DP1/PM/NSIDC-0051.001/1992.04.26/nt_19920426_f11_v1.1_n.bin']
North,1992,4,27,14.297,0, ['/ecs/DP1/PM/NSIDC-0051.001/1992.04.27/nt_19920427_f11_v1.1_n.bin']
North,1992,4,28,14.198,0, ['/ecs/DP1/PM/NSIDC-0051.001/1992.04.28/nt_19920428_f11_v1.1_n.bin']
North,1992,4,29,14.121,0, ['/ecs/DP1/PM/NSIDC-0051.001/1992.04.29/nt_19920429_f11_v1.1_n.bin']
North,1992,4,30,14.026,0, ['/ecs/DP1/PM/NSIDC-0051.001/1992.04.30/nt_19920430_f11_v1.1_n.bin']
North,1992,5,1,13.867,0, ['/ecs/DP1/PM/NSIDC-0051.001/1992.05.01/nt_19920501_f11_v1.1_n.bin']
North,1992,5,2,13.801,0, ['/ecs/DP1/PM/NSIDC-0051.001/1992.05.02/nt_19920502_f11_v1.1_n.bin']
North,1992,5,3,13.657,0, ['/ecs/DP1/PM/NSIDC-0051.001/1992.05.03/nt_19920503_f11_v1.1_n.bin']
North,1992,5,4,13.566,0, ['/ecs/DP1/PM/NSIDC-0051.001/1992.05.04/nt_19920504_f11_v1.1_n.bin']
North,1992,5,5,13.53,0, ['/ecs/DP1/PM/NSIDC-0051.001/1992.05.05/nt_19920505_f11_v1.1_n.bin']
North,1992,5,6,13.536,0, ['/ecs/DP1/PM/NSIDC-0051.001/1992.05.06/nt_19920506_f11_v1.1_n.bin']
North,1992,5,7,13.502,0, ['/ecs/DP1/PM/NSIDC-0051.001/1992.05.07/nt_19920507_f11_v1.1_n.bin']
North,1992,5,8,13.521,0, ['/ecs/DP1/PM/NSIDC-0051.001/1992.05.08/nt_19920508_f11_v1.1_n.bin']
North,1992,5,9,13.436,0, ['/ecs/DP1/PM/NSIDC-0051.001/1992.05.09/nt_19920509_f11_v1.1_n.bin']
North,1992,5,10,13.356,0, ['/ecs/DP1/PM/NSIDC-0051.001/1992.05.10/nt_19920510_f11_v1.1_n.bin']
North,1992,5,11,13.24,0, ['/ecs/DP1/PM/NSIDC-0051.001/1992.05.11/nt_19920511_f11_v1.1_n.bin']
North,1992,5,12,13.23,0, ['/ecs/DP1/PM/NSIDC-0051.001/1992.05.12/nt_19920512_f11_v1.1_n.bin']
North,1992,5,13,13.192,0, ['/ecs/DP1/PM/NSIDC-0051.001/1992.05.13/nt_19920513_f11_v1.1_n.bin']
North,1992,5,14,13.186,0, ['/ecs/DP1/PM/NSIDC-0051.001/1992.05.14/nt_19920514_f11_v1.1_n.bin']
North,1992,5,15,13.162,0, ['/ecs/DP1/PM/NSIDC-0051.001/1992.05.15/nt_19920515_f11_v1.1_n.bin']
North,1992,5,16,13.13,0, ['/ecs/DP1/PM/NSIDC-0051.001/1992.05.16/nt_19920516_f11_v1.1_n.bin']
North,1992,5,17,13.089,0, ['/ecs/DP1/PM/NSIDC-0051.001/1992.05.17/nt_19920517_f11_v1.1_n.bin']
North,1992,5,18,13.12,0, ['/ecs/DP1/PM/NSIDC-0051.001/1992.05.18/nt_19920518_f11_v1.1_n.bin']
North,1992,5,19,13.09,0, ['/ecs/DP1/PM/NSIDC-0051.001/1992.05.19/nt_19920519_f11_v1.1_n.bin']
North,1992,5,20,13.069,0, ['/ecs/DP1/PM/NSIDC-0051.001/1992.05.20/nt_19920520_f11_v1.1_n.bin']
North,1992,5,21,13.06,0, ['/ecs/DP1/PM/NSIDC-0051.001/1992.05.21/nt_19920521_f11_v1.1_n.bin']
North,1992,5,22,13.043,0, ['/ecs/DP1/PM/NSIDC-0051.001/1992.05.22/nt_19920522_f11_v1.1_n.bin']
North,1992,5,23,12.978,0, ['/ecs/DP1/PM/NSIDC-0051.001/1992.05.23/nt_19920523_f11_v1.1_n.bin']
North,1992,5,24,12.988,0, ['/ecs/DP1/PM/NSIDC-0051.001/1992.05.24/nt_19920524_f11_v1.1_n.bin']
North,1992,5,25,12.934,0, ['/ecs/DP1/PM/NSIDC-0051.001/1992.05.25/nt_19920525_f11_v1.1_n.bin']
North,1992,5,26,12.915,0, ['/ecs/DP1/PM/NSIDC-0051.001/1992.05.26/nt_19920526_f11_v1.1_n.bin']
North,1992,5,27,12.947,0, ['/ecs/DP1/PM/NSIDC-0051.001/1992.05.27/nt_19920527_f11_v1.1_n.bin']
North,1992,5,28,12.96,0, ['/ecs/DP1/PM/NSIDC-0051.001/1992.05.28/nt_19920528_f11_v1.1_n.bin']
North,1992,5,29,12.89,0, ['/ecs/DP1/PM/NSIDC-0051.001/1992.05.29/nt_19920529_f11_v1.1_n.bin']
North,1992,5,30,12.878,0, ['/ecs/DP1/PM/NSIDC-0051.001/1992.05.30/nt_19920530_f11_v1.1_n.bin']
North,1992,5,31,12.809,0, ['/ecs/DP1/PM/NSIDC-0051.001/1992.05.31/nt_19920531_f11_v1.1_n.bin']
North,1992,6,1,12.665,0, ['/ecs/DP1/PM/NSIDC-0051.001/1992.06.01/nt_19920601_f11_v1.1_n.bin']
North,1992,6,2,12.644,0, ['/ecs/DP1/PM/NSIDC-0051.001/1992.06.02/nt_19920602_f11_v1.1_n.bin']
North,1992,6,3,12.593,0, ['/ecs/DP1/PM/NSIDC-0051.001/1992.06.03/nt_19920603_f11_v1.1_n.bin']
North,1992,6,4,12.59,0, ['/ecs/DP1/PM/NSIDC-0051.001/1992.06.04/nt_19920604_f11_v1.1_n.bin']
North,1992,6,5,12.461,0, ['/ecs/DP1/PM/NSIDC-0051.001/1992.06.05/nt_19920605_f11_v1.1_n.bin']
North,1992,6,6,12.415,0, ['/ecs/DP1/PM/NSIDC-0051.001/1992.06.06/nt_19920606_f11_v1.1_n.bin']
North,1992,6,7,12.379,0, ['/ecs/DP1/PM/NSIDC-0051.001/1992.06.07/nt_19920607_f11_v1.1_n.bin']
North,1992,6,8,12.382,0, ['/ecs/DP1/PM/NSIDC-0051.001/1992.06.08/nt_19920608_f11_v1.1_n.bin']
North,1992,6,9,12.353,0, ['/ecs/DP1/PM/NSIDC-0051.001/1992.06.09/nt_19920609_f11_v1.1_n.bin']
North,1992,6,10,12.334,0, ['/ecs/DP1/PM/NSIDC-0051.001/1992.06.10/nt_19920610_f11_v1.1_n.bin']
North,1992,6,11,12.336,0, ['/ecs/DP1/PM/NSIDC-0051.001/1992.06.11/nt_19920611_f11_v1.1_n.bin']
North,1992,6,12,12.32,0, ['/ecs/DP1/PM/NSIDC-0051.001/1992.06.12/nt_19920612_f11_v1.1_n.bin']
North,1992,6,13,12.275,0, ['/ecs/DP1/PM/NSIDC-0051.001/1992.06.13/nt_19920613_f11_v1.1_n.bin']
North,1992,6,14,12.266,0, ['/ecs/DP1/PM/NSIDC-0051.001/1992.06.14/nt_19920614_f11_v1.1_n.bin']
North,1992,6,15,12.189,0, ['/ecs/DP1/PM/NSIDC-0051.001/1992.06.15/nt_19920615_f11_v1.1_n.bin']
North,1992,6,16,12.16,0, ['/ecs/DP1/PM/NSIDC-0051.001/1992.06.16/nt_19920616_f11_v1.1_n.bin']
North,1992,6,17,12.107,0, ['/ecs/DP1/PM/NSIDC-0051.001/1992.06.17/nt_19920617_f11_v1.1_n.bin']
North,1992,6,18,12.026,0, ['/ecs/DP1/PM/NSIDC-0051.001/1992.06.18/nt_19920618_f11_v1.1_n.bin']
North,1992,6,19,11.989,0, ['/ecs/DP1/PM/NSIDC-0051.001/1992.06.19/nt_19920619_f11_v1.1_n.bin']
North,1992,6,20,12.014,0, ['/ecs/DP1/PM/NSIDC-0051.001/1992.06.20/nt_19920620_f11_v1.1_n.bin']
North,1992,6,21,11.904,0, ['/ecs/DP1/PM/NSIDC-0051.001/1992.06.21/nt_19920621_f11_v1.1_n.bin']
North,1992,6,22,11.886,0, ['/ecs/DP1/PM/NSIDC-0051.001/1992.06.22/nt_19920622_f11_v1.1_n.bin']
North,1992,6,23,11.911,0, ['/ecs/DP1/PM/NSIDC-0051.001/1992.06.23/nt_19920623_f11_v1.1_n.bin']
North,1992,6,24,11.852,0, ['/ecs/DP1/PM/NSIDC-0051.001/1992.06.24/nt_19920624_f11_v1.1_n.bin']
North,1992,6,25,11.797,0, ['/ecs/DP1/PM/NSIDC-0051.001/1992.06.25/nt_19920625_f11_v1.1_n.bin']
North,1992,6,26,11.82,0, ['/ecs/DP1/PM/NSIDC-0051.001/1992.06.26/nt_19920626_f11_v1.1_n.bin']
North,1992,6,27,11.752,0, ['/ecs/DP1/PM/NSIDC-0051.001/1992.06.27/nt_19920627_f11_v1.1_n.bin']
North,1992,6,28,11.732,0, ['/ecs/DP1/PM/NSIDC-0051.001/1992.06.28/nt_19920628_f11_v1.1_n.bin']
North,1992,6,29,11.682,0, ['/ecs/DP1/PM/NSIDC-0051.001/1992.06.29/nt_19920629_f11_v1.1_n.bin']
North,1992,6,30,11.569,0, ['/ecs/DP1/PM/NSIDC-0051.001/1992.06.30/nt_19920630_f11_v1.1_n.bin']
North,1992,7,1,11.38,0, ['/ecs/DP1/PM/NSIDC-0051.001/1992.07.01/nt_19920701_f11_v1.1_n.bin']
North,1992,7,2,11.341,0, ['/ecs/DP1/PM/NSIDC-0051.001/1992.07.02/nt_19920702_f11_v1.1_n.bin']
North,1992,7,3,11.28,0, ['/ecs/DP1/PM/NSIDC-0051.001/1992.07.03/nt_19920703_f11_v1.1_n.bin']
North,1992,7,4,11.242,0, ['/ecs/DP1/PM/NSIDC-0051.001/1992.07.04/nt_19920704_f11_v1.1_n.bin']
North,1992,7,5,11.198,0, ['/ecs/DP1/PM/NSIDC-0051.001/1992.07.05/nt_19920705_f11_v1.1_n.bin']
North,1992,7,6,11.087,0, ['/ecs/DP1/PM/NSIDC-0051.001/1992.07.06/nt_19920706_f11_v1.1_n.bin']
North,1992,7,7,11.052,0, ['/ecs/DP1/PM/NSIDC-0051.001/1992.07.07/nt_19920707_f11_v1.1_n.bin']
North,1992,7,8,10.988,0, ['/ecs/DP1/PM/NSIDC-0051.001/1992.07.08/nt_19920708_f11_v1.1_n.bin']
North,1992,7,9,10.919,0, ['/ecs/DP1/PM/NSIDC-0051.001/1992.07.09/nt_19920709_f11_v1.1_n.bin']
North,1992,7,10,10.825,0, ['/ecs/DP1/PM/NSIDC-0051.001/1992.07.10/nt_19920710_f11_v1.1_n.bin']
North,1992,7,11,10.853,0, ['/ecs/DP1/PM/NSIDC-0051.001/1992.07.11/nt_19920711_f11_v1.1_n.bin']
North,1992,7,12,10.723,0, ['/ecs/DP1/PM/NSIDC-0051.001/1992.07.12/nt_19920712_f11_v1.1_n.bin']
North,1992,7,13,10.648,0, ['/ecs/DP1/PM/NSIDC-0051.001/1992.07.13/nt_19920713_f11_v1.1_n.bin']
North,1992,7,14,10.603,0, ['/ecs/DP1/PM/NSIDC-0051.001/1992.07.14/nt_19920714_f11_v1.1_n.bin']
North,1992,7,15,10.481,0, ['/ecs/DP1/PM/NSIDC-0051.001/1992.07.15/nt_19920715_f11_v1.1_n.bin']
North,1992,7,16,10.333,0, ['/ecs/DP1/PM/NSIDC-0051.001/1992.07.16/nt_19920716_f11_v1.1_n.bin']
North,1992,7,17,10.274,0, ['/ecs/DP1/PM/NSIDC-0051.001/1992.07.17/nt_19920717_f11_v1.1_n.bin']
North,1992,7,18,10.252,0, ['/ecs/DP1/PM/NSIDC-0051.001/1992.07.18/nt_19920718_f11_v1.1_n.bin']
North,1992,7,19,10.133,0, ['/ecs/DP1/PM/NSIDC-0051.001/1992.07.19/nt_19920719_f11_v1.1_n.bin']
North,1992,7,20,10.058,0, ['/ecs/DP1/PM/NSIDC-0051.001/1992.07.20/nt_19920720_f11_v1.1_n.bin']
North,1992,7,21,9.9,0, ['/ecs/DP1/PM/NSIDC-0051.001/1992.07.21/nt_19920721_f11_v1.1_n.bin']
North,1992,7,22,9.906,0, ['/ecs/DP1/PM/NSIDC-0051.001/1992.07.22/nt_19920722_f11_v1.1_n.bin']
North,1992,7,23,9.838,0, ['/ecs/DP1/PM/NSIDC-0051.001/1992.07.23/nt_19920723_f11_v1.1_n.bin']
North,1992,7,24,9.744,0, ['/ecs/DP1/PM/NSIDC-0051.001/1992.07.24/nt_19920724_f11_v1.1_n.bin']
North,1992,7,25,9.562,0, ['/ecs/DP1/PM/NSIDC-0051.001/1992.07.25/nt_19920725_f11_v1.1_n.bin']
North,1992,7,26,9.437,0, ['/ecs/DP1/PM/NSIDC-0051.001/1992.07.26/nt_19920726_f11_v1.1_n.bin']
North,1992,7,27,9.358,0, ['/ecs/DP1/PM/NSIDC-0051.001/1992.07.27/nt_19920727_f11_v1.1_n.bin']
North,1992,7,28,9.304,0, ['/ecs/DP1/PM/NSIDC-0051.001/1992.07.28/nt_19920728_f11_v1.1_n.bin']
North,1992,7,29,9.184,0, ['/ecs/DP1/PM/NSIDC-0051.001/1992.07.29/nt_19920729_f11_v1.1_n.bin']
North,1992,7,30,9.076,0, ['/ecs/DP1/PM/NSIDC-0051.001/1992.07.30/nt_19920730_f11_v1.1_n.bin']
North,1992,7,31,9.038,0, ['/ecs/DP1/PM/NSIDC-0051.001/1992.07.31/nt_19920731_f11_v1.1_n.bin']
North,1992,8,1,8.888,0, ['/ecs/DP1/PM/NSIDC-0051.001/1992.08.01/nt_19920801_f11_v1.1_n.bin']
North,1992,8,2,8.813,0, ['/ecs/DP1/PM/NSIDC-0051.001/1992.08.02/nt_19920802_f11_v1.1_n.bin']
North,1992,8,3,8.707,0, ['/ecs/DP1/PM/NSIDC-0051.001/1992.08.03/nt_19920803_f11_v1.1_n.bin']
North,1992,8,4,8.638,0, ['/ecs/DP1/PM/NSIDC-0051.001/1992.08.04/nt_19920804_f11_v1.1_n.bin']
North,1992,8,5,8.545,0, ['/ecs/DP1/PM/NSIDC-0051.001/1992.08.05/nt_19920805_f11_v1.1_n.bin']
North,1992,8,6,8.505,0, ['/ecs/DP1/PM/NSIDC-0051.001/1992.08.06/nt_19920806_f11_v1.1_n.bin']
North,1992,8,7,8.401,0, ['/ecs/DP1/PM/NSIDC-0051.001/1992.08.07/nt_19920807_f11_v1.1_n.bin']
North,1992,8,8,8.256,0, ['/ecs/DP1/PM/NSIDC-0051.001/1992.08.08/nt_19920808_f11_v1.1_n.bin']
North,1992,8,9,8.185,0, ['/ecs/DP1/PM/NSIDC-0051.001/1992.08.09/nt_19920809_f11_v1.1_n.bin']
North,1992,8,10,8.142,0, ['/ecs/DP1/PM/NSIDC-0051.001/1992.08.10/nt_19920810_f11_v1.1_n.bin']
North,1992,8,11,7.999,0, ['/ecs/DP1/PM/NSIDC-0051.001/1992.08.11/nt_19920811_f11_v1.1_n.bin']
North,1992,8,12,8.015,0, ['/ecs/DP1/PM/NSIDC-0051.001/1992.08.12/nt_19920812_f11_v1.1_n.bin']
North,1992,8,13,8.009,0, ['/ecs/DP1/PM/NSIDC-0051.001/1992.08.13/nt_19920813_f11_v1.1_n.bin']
North,1992,8,14,7.994,0, ['/ecs/DP1/PM/NSIDC-0051.001/1992.08.14/nt_19920814_f11_v1.1_n.bin']
North,1992,8,15,7.915,0, ['/ecs/DP1/PM/NSIDC-0051.001/1992.08.15/nt_19920815_f11_v1.1_n.bin']
North,1992,8,16,7.794,0, ['/ecs/DP1/PM/NSIDC-0051.001/1992.08.16/nt_19920816_f11_v1.1_n.bin']
North,1992,8,17,7.757,0, ['/ecs/DP1/PM/NSIDC-0051.001/1992.08.17/nt_19920817_f11_v1.1_n.bin']
North,1992,8,18,7.73,0, ['/ecs/DP1/PM/NSIDC-0051.001/1992.08.18/nt_19920818_f11_v1.1_n.bin']
North,1992,8,19,7.775,0, ['/ecs/DP1/PM/NSIDC-0051.001/1992.08.19/nt_19920819_f11_v1.1_n.bin']
North,1992,8,20,7.682,0, ['/ecs/DP1/PM/NSIDC-0051.001/1992.08.20/nt_19920820_f11_v1.1_n.bin']
North,1992,8,21,7.674,0, ['/ecs/DP1/PM/NSIDC-0051.001/1992.08.21/nt_19920821_f11_v1.1_n.bin']
North,1992,8,22,7.614,0, ['/ecs/DP1/PM/NSIDC-0051.001/1992.08.22/nt_19920822_f11_v1.1_n.bin']
North,1992,8,23,7.562,0, ['/ecs/DP1/PM/NSIDC-0051.001/1992.08.23/nt_19920823_f11_v1.1_n.bin']
North,1992,8,24,7.536,0, ['/ecs/DP1/PM/NSIDC-0051.001/1992.08.24/nt_19920824_f11_v1.1_n.bin']
North,1992,8,25,7.446,0, ['/ecs/DP1/PM/NSIDC-0051.001/1992.08.25/nt_19920825_f11_v1.1_n.bin']
North,1992,8,26,7.428,0, ['/ecs/DP1/PM/NSIDC-0051.001/1992.08.26/nt_19920826_f11_v1.1_n.bin']
North,1992,8,27,7.4,0, ['/ecs/DP1/PM/NSIDC-0051.001/1992.08.27/nt_19920827_f11_v1.1_n.bin']
North,1992,8,28,7.404,0, ['/ecs/DP1/PM/NSIDC-0051.001/1992.08.28/nt_19920828_f11_v1.1_n.bin']
North,1992,8,29,7.346,0, ['/ecs/DP1/PM/NSIDC-0051.001/1992.08.29/nt_19920829_f11_v1.1_n.bin']
North,1992,8,30,7.286,0, ['/ecs/DP1/PM/NSIDC-0051.001/1992.08.30/nt_19920830_f11_v1.1_n.bin']
North,1992,8,31,7.237,0, ['/ecs/DP1/PM/NSIDC-0051.001/1992.08.31/nt_19920831_f11_v1.1_n.bin']
North,1992,9,1,7.235,0, ['/ecs/DP1/PM/NSIDC-0051.001/1992.09.01/nt_19920901_f11_v1.1_n.bin']
North,1992,9,2,7.319,0, ['/ecs/DP1/PM/NSIDC-0051.001/1992.09.02/nt_19920902_f11_v1.1_n.bin']
North,1992,9,3,7.296,0, ['/ecs/DP1/PM/NSIDC-0051.001/1992.09.03/nt_19920903_f11_v1.1_n.bin']
North,1992,9,4,7.279,0, ['/ecs/DP1/PM/NSIDC-0051.001/1992.09.04/nt_19920904_f11_v1.1_n.bin']
North,1992,9,5,7.234,0, ['/ecs/DP1/PM/NSIDC-0051.001/1992.09.05/nt_19920905_f11_v1.1_n.bin']
North,1992,9,6,7.169,0, ['/ecs/DP1/PM/NSIDC-0051.001/1992.09.06/nt_19920906_f11_v1.1_n.bin']
North,1992,9,7,7.159,0, ['/ecs/DP1/PM/NSIDC-0051.001/1992.09.07/nt_19920907_f11_v1.1_n.bin']
North,1992,9,8,7.212,0, ['/ecs/DP1/PM/NSIDC-0051.001/1992.09.08/nt_19920908_f11_v1.1_n.bin']
North,1992,9,9,7.27,0, ['/ecs/DP1/PM/NSIDC-0051.001/1992.09.09/nt_19920909_f11_v1.1_n.bin']
North,1992,9,10,7.269,0, ['/ecs/DP1/PM/NSIDC-0051.001/1992.09.10/nt_19920910_f11_v1.1_n.bin']
North,1992,9,11,7.252,0, ['/ecs/DP1/PM/NSIDC-0051.001/1992.09.11/nt_19920911_f11_v1.1_n.bin']
North,1992,9,12,7.256,0, ['/ecs/DP1/PM/NSIDC-0051.001/1992.09.12/nt_19920912_f11_v1.1_n.bin']
North,1992,9,13,7.245,0, ['/ecs/DP1/PM/NSIDC-0051.001/1992.09.13/nt_19920913_f11_v1.1_n.bin']
North,1992,9,14,7.28,0, ['/ecs/DP1/PM/NSIDC-0051.001/1992.09.14/nt_19920914_f11_v1.1_n.bin']
North,1992,9,15,7.281,0, ['/ecs/DP1/PM/NSIDC-0051.001/1992.09.15/nt_19920915_f11_v1.1_n.bin']
North,1992,9,16,7.324,0, ['/ecs/DP1/PM/NSIDC-0051.001/1992.09.16/nt_19920916_f11_v1.1_n.bin']
North,1992,9,17,7.361,0, ['/ecs/DP1/PM/NSIDC-0051.001/1992.09.17/nt_19920917_f11_v1.1_n.bin']
North,1992,9,18,7.419,0, ['/ecs/DP1/PM/NSIDC-0051.001/1992.09.18/nt_19920918_f11_v1.1_n.bin']
North,1992,9,19,7.428,0, ['/ecs/DP1/PM/NSIDC-0051.001/1992.09.19/nt_19920919_f11_v1.1_n.bin']
North,1992,9,20,7.483,0, ['/ecs/DP1/PM/NSIDC-0051.001/1992.09.20/nt_19920920_f11_v1.1_n.bin']
North,1992,9,21,7.519,0, ['/ecs/DP1/PM/NSIDC-0051.001/1992.09.21/nt_19920921_f11_v1.1_n.bin']
North,1992,9,22,7.576,0, ['/ecs/DP1/PM/NSIDC-0051.001/1992.09.22/nt_19920922_f11_v1.1_n.bin']
North,1992,9,23,7.641,0, ['/ecs/DP1/PM/NSIDC-0051.001/1992.09.23/nt_19920923_f11_v1.1_n.bin']
North,1992,9,24,7.728,0, ['/ecs/DP1/PM/NSIDC-0051.001/1992.09.24/nt_19920924_f11_v1.1_n.bin']
North,1992,9,25,7.752,0, ['/ecs/DP1/PM/NSIDC-0051.001/1992.09.25/nt_19920925_f11_v1.1_n.bin']
North,1992,9,26,7.85,0, ['/ecs/DP1/PM/NSIDC-0051.001/1992.09.26/nt_19920926_f11_v1.1_n.bin']
North,1992,9,27,7.975,0, ['/ecs/DP1/PM/NSIDC-0051.001/1992.09.27/nt_19920927_f11_v1.1_n.bin']
North,1992,9,28,8.068,0, ['/ecs/DP1/PM/NSIDC-0051.001/1992.09.28/nt_19920928_f11_v1.1_n.bin']
North,1992,9,29,8.137,0, ['/ecs/DP1/PM/NSIDC-0051.001/1992.09.29/nt_19920929_f11_v1.1_n.bin']
North,1992,9,30,8.194,0, ['/ecs/DP1/PM/NSIDC-0051.001/1992.09.30/nt_19920930_f11_v1.1_n.bin']
North,1992,10,1,8.359,0, ['/ecs/DP1/PM/NSIDC-0051.001/1992.10.01/nt_19921001_f11_v1.1_n.bin']
North,1992,10,2,8.387,0, ['/ecs/DP1/PM/NSIDC-0051.001/1992.10.02/nt_19921002_f11_v1.1_n.bin']
North,1992,10,3,8.545,0, ['/ecs/DP1/PM/NSIDC-0051.001/1992.10.03/nt_19921003_f11_v1.1_n.bin']
North,1992,10,4,8.619,0, ['/ecs/DP1/PM/NSIDC-0051.001/1992.10.04/nt_19921004_f11_v1.1_n.bin']
North,1992,10,5,8.732,0, ['/ecs/DP1/PM/NSIDC-0051.001/1992.10.05/nt_19921005_f11_v1.1_n.bin']
North,1992,10,6,8.819,0, ['/ecs/DP1/PM/NSIDC-0051.001/1992.10.06/nt_19921006_f11_v1.1_n.bin']
North,1992,10,7,8.801,0, ['/ecs/DP1/PM/NSIDC-0051.001/1992.10.07/nt_19921007_f11_v1.1_n.bin']
North,1992,10,8,8.885,0, ['/ecs/DP1/PM/NSIDC-0051.001/1992.10.08/nt_19921008_f11_v1.1_n.bin']
North,1992,10,9,8.971,0, ['/ecs/DP1/PM/NSIDC-0051.001/1992.10.09/nt_19921009_f11_v1.1_n.bin']
North,1992,10,10,9.052,0, ['/ecs/DP1/PM/NSIDC-0051.001/1992.10.10/nt_19921010_f11_v1.1_n.bin']
North,1992,10,11,9.097,0, ['/ecs/DP1/PM/NSIDC-0051.001/1992.10.11/nt_19921011_f11_v1.1_n.bin']
North,1992,10,12,9.177,0, ['/ecs/DP1/PM/NSIDC-0051.001/1992.10.12/nt_19921012_f11_v1.1_n.bin']
North,1992,10,13,9.292,0, ['/ecs/DP1/PM/NSIDC-0051.001/1992.10.13/nt_19921013_f11_v1.1_n.bin']
North,1992,10,14,9.281,0, ['/ecs/DP1/PM/NSIDC-0051.001/1992.10.14/nt_19921014_f11_v1.1_n.bin']
North,1992,10,15,9.327,0, ['/ecs/DP1/PM/NSIDC-0051.001/1992.10.15/nt_19921015_f11_v1.1_n.bin']
North,1992,10,16,9.41,0, ['/ecs/DP1/PM/NSIDC-0051.001/1992.10.16/nt_19921016_f11_v1.1_n.bin']
North,1992,10,17,9.422,0, ['/ecs/DP1/PM/NSIDC-0051.001/1992.10.17/nt_19921017_f11_v1.1_n.bin']
North,1992,10,18,9.43,0, ['/ecs/DP1/PM/NSIDC-0051.001/1992.10.18/nt_19921018_f11_v1.1_n.bin']
North,1992,10,19,9.482,0, ['/ecs/DP1/PM/NSIDC-0051.001/1992.10.19/nt_19921019_f11_v1.1_n.bin']
North,1992,10,20,9.473,0, ['/ecs/DP1/PM/NSIDC-0051.001/1992.10.20/nt_19921020_f11_v1.1_n.bin']
North,1992,10,21,9.505,0, ['/ecs/DP1/PM/NSIDC-0051.001/1992.10.21/nt_19921021_f11_v1.1_n.bin']
North,1992,10,22,9.626,0, ['/ecs/DP1/PM/NSIDC-0051.001/1992.10.22/nt_19921022_f11_v1.1_n.bin']
North,1992,10,23,9.743,0, ['/ecs/DP1/PM/NSIDC-0051.001/1992.10.23/nt_19921023_f11_v1.1_n.bin']
North,1992,10,24,9.771,0, ['/ecs/DP1/PM/NSIDC-0051.001/1992.10.24/nt_19921024_f11_v1.1_n.bin']
North,1992,10,25,9.828,0, ['/ecs/DP1/PM/NSIDC-0051.001/1992.10.25/nt_19921025_f11_v1.1_n.bin']
North,1992,10,26,9.794,0, ['/ecs/DP1/PM/NSIDC-0051.001/1992.10.26/nt_19921026_f11_v1.1_n.bin']
North,1992,10,27,9.787,0, ['/ecs/DP1/PM/NSIDC-0051.001/1992.10.27/nt_19921027_f11_v1.1_n.bin']
North,1992,10,28,9.901,0, ['/ecs/DP1/PM/NSIDC-0051.001/1992.10.28/nt_19921028_f11_v1.1_n.bin']
North,1992,10,29,10.019,0, ['/ecs/DP1/PM/NSIDC-0051.001/1992.10.29/nt_19921029_f11_v1.1_n.bin']
North,1992,10,30,10.158,0, ['/ecs/DP1/PM/NSIDC-0051.001/1992.10.30/nt_19921030_f11_v1.1_n.bin']
North,1992,10,31,10.212,0, ['/ecs/DP1/PM/NSIDC-0051.001/1992.10.31/nt_19921031_f11_v1.1_n.bin']
North,1992,11,1,10.376,0, ['/ecs/DP1/PM/NSIDC-0051.001/1992.11.01/nt_19921101_f11_v1.1_n.bin']
North,1992,11,2,10.398,0, ['/ecs/DP1/PM/NSIDC-0051.001/1992.11.02/nt_19921102_f11_v1.1_n.bin']
North,1992,11,3,10.368,0, ['/ecs/DP1/PM/NSIDC-0051.001/1992.11.03/nt_19921103_f11_v1.1_n.bin']
North,1992,11,4,10.431,0, ['/ecs/DP1/PM/NSIDC-0051.001/1992.11.04/nt_19921104_f11_v1.1_n.bin']
North,1992,11,5,10.424,0, ['/ecs/DP1/PM/NSIDC-0051.001/1992.11.05/nt_19921105_f11_v1.1_n.bin']
North,1992,11,6,10.564,0, ['/ecs/DP1/PM/NSIDC-0051.001/1992.11.06/nt_19921106_f11_v1.1_n.bin']
North,1992,11,7,10.653,0, ['/ecs/DP1/PM/NSIDC-0051.001/1992.11.07/nt_19921107_f11_v1.1_n.bin']
North,1992,11,8,10.723,0, ['/ecs/DP1/PM/NSIDC-0051.001/1992.11.08/nt_19921108_f11_v1.1_n.bin']
North,1992,11,9,10.669,0, ['/ecs/DP1/PM/NSIDC-0051.001/1992.11.09/nt_19921109_f11_v1.1_n.bin']
North,1992,11,10,10.756,0, ['/ecs/DP1/PM/NSIDC-0051.001/1992.11.10/nt_19921110_f11_v1.1_n.bin']
North,1992,11,11,10.844,0, ['/ecs/DP1/PM/NSIDC-0051.001/1992.11.11/nt_19921111_f11_v1.1_n.bin']
North,1992,11,12,10.971,0, ['/ecs/DP1/PM/NSIDC-0051.001/1992.11.12/nt_19921112_f11_v1.1_n.bin']
North,1992,11,13,11.051,0, ['/ecs/DP1/PM/NSIDC-0051.001/1992.11.13/nt_19921113_f11_v1.1_n.bin']
North,1992,11,14,11.016,0, ['/ecs/DP1/PM/NSIDC-0051.001/1992.11.14/nt_19921114_f11_v1.1_n.bin']
North,1992,11,15,11.138,0, ['/ecs/DP1/PM/NSIDC-0051.001/1992.11.15/nt_19921115_f11_v1.1_n.bin']
North,1992,11,16,11.361,0, ['/ecs/DP1/PM/NSIDC-0051.001/1992.11.16/nt_19921116_f11_v1.1_n.bin']
North,1992,11,17,11.576,0, ['/ecs/DP1/PM/NSIDC-0051.001/1992.11.17/nt_19921117_f11_v1.1_n.bin']
North,1992,11,18,11.653,0, ['/ecs/DP1/PM/NSIDC-0051.001/1992.11.18/nt_19921118_f11_v1.1_n.bin']
North,1992,11,19,11.81,0, ['/ecs/DP1/PM/NSIDC-0051.001/1992.11.19/nt_19921119_f11_v1.1_n.bin']
North,1992,11,20,11.907,0, ['/ecs/DP1/PM/NSIDC-0051.001/1992.11.20/nt_19921120_f11_v1.1_n.bin']
North,1992,11,21,11.986,0, ['/ecs/DP1/PM/NSIDC-0051.001/1992.11.21/nt_19921121_f11_v1.1_n.bin']
North,1992,11,22,11.98,0, ['/ecs/DP1/PM/NSIDC-0051.001/1992.11.22/nt_19921122_f11_v1.1_n.bin']
North,1992,11,23,12.103,0, ['/ecs/DP1/PM/NSIDC-0051.001/1992.11.23/nt_19921123_f11_v1.1_n.bin']
North,1992,11,24,12.253,0, ['/ecs/DP1/PM/NSIDC-0051.001/1992.11.24/nt_19921124_f11_v1.1_n.bin']
North,1992,11,25,12.273,0, ['/ecs/DP1/PM/NSIDC-0051.001/1992.11.25/nt_19921125_f11_v1.1_n.bin']
North,1992,11,26,12.288,0, ['/ecs/DP1/PM/NSIDC-0051.001/1992.11.26/nt_19921126_f11_v1.1_n.bin']
North,1992,11,27,12.348,0, ['/ecs/DP1/PM/NSIDC-0051.001/1992.11.27/nt_19921127_f11_v1.1_n.bin']
North,1992,11,28,12.424,0, ['/ecs/DP1/PM/NSIDC-0051.001/1992.11.28/nt_19921128_f11_v1.1_n.bin']
North,1992,11,29,12.511,0, ['/ecs/DP1/PM/NSIDC-0051.001/1992.11.29/nt_19921129_f11_v1.1_n.bin']
North,1992,11,30,12.505,0, ['/ecs/DP1/PM/NSIDC-0051.001/1992.11.30/nt_19921130_f11_v1.1_n.bin']
North,1992,12,1,12.715,0, ['/ecs/DP1/PM/NSIDC-0051.001/1992.12.01/nt_19921201_f11_v1.1_n.bin']
North,1992,12,2,12.811,0, ['/ecs/DP1/PM/NSIDC-0051.001/1992.12.02/nt_19921202_f11_v1.1_n.bin']
North,1992,12,3,12.855,0, ['/ecs/DP1/PM/NSIDC-0051.001/1992.12.03/nt_19921203_f11_v1.1_n.bin']
North,1992,12,4,12.998,0, ['/ecs/DP1/PM/NSIDC-0051.001/1992.12.04/nt_19921204_f11_v1.1_n.bin']
North,1992,12,5,13.013,0, ['/ecs/DP1/PM/NSIDC-0051.001/1992.12.05/nt_19921205_f11_v1.1_n.bin']
North,1992,12,6,13.134,0, ['/ecs/DP1/PM/NSIDC-0051.001/1992.12.06/nt_19921206_f11_v1.1_n.bin']
North,1992,12,7,13.189,0, ['/ecs/DP1/PM/NSIDC-0051.001/1992.12.07/nt_19921207_f11_v1.1_n.bin']
North,1992,12,8,13.14,0, ['/ecs/DP1/PM/NSIDC-0051.001/1992.12.08/nt_19921208_f11_v1.1_n.bin']
North,1992,12,9,13.116,0, ['/ecs/DP1/PM/NSIDC-0051.001/1992.12.09/nt_19921209_f11_v1.1_n.bin']
North,1992,12,10,13.212,0, ['/ecs/DP1/PM/NSIDC-0051.001/1992.12.10/nt_19921210_f11_v1.1_n.bin']
North,1992,12,11,13.355,0, ['/ecs/DP1/PM/NSIDC-0051.001/1992.12.11/nt_19921211_f11_v1.1_n.bin']
North,1992,12,12,13.239,0, ['/ecs/DP1/PM/NSIDC-0051.001/1992.12.12/nt_19921212_f11_v1.1_n.bin']
North,1992,12,13,13.298,0, ['/ecs/DP1/PM/NSIDC-0051.001/1992.12.13/nt_19921213_f11_v1.1_n.bin']
North,1992,12,14,13.324,0, ['/ecs/DP1/PM/NSIDC-0051.001/1992.12.14/nt_19921214_f11_v1.1_n.bin']
North,1992,12,15,13.417,0, ['/ecs/DP1/PM/NSIDC-0051.001/1992.12.15/nt_19921215_f11_v1.1_n.bin']
North,1992,12,16,13.479,0, ['/ecs/DP1/PM/NSIDC-0051.001/1992.12.16/nt_19921216_f11_v1.1_n.bin']
North,1992,12,17,13.429,0, ['/ecs/DP1/PM/NSIDC-0051.001/1992.12.17/nt_19921217_f11_v1.1_n.bin']
North,1992,12,18,13.468,0, ['/ecs/DP1/PM/NSIDC-0051.001/1992.12.18/nt_19921218_f11_v1.1_n.bin']
North,1992,12,19,13.57,0, ['/ecs/DP1/PM/NSIDC-0051.001/1992.12.19/nt_19921219_f11_v1.1_n.bin']
North,1992,12,20,13.612,0, ['/ecs/DP1/PM/NSIDC-0051.001/1992.12.20/nt_19921220_f11_v1.1_n.bin']
North,1992,12,21,13.619,0, ['/ecs/DP1/PM/NSIDC-0051.001/1992.12.21/nt_19921221_f11_v1.1_n.bin']
North,1992,12,22,13.672,0, ['/ecs/DP1/PM/NSIDC-0051.001/1992.12.22/nt_19921222_f11_v1.1_n.bin']
North,1992,12,23,13.67,0, ['/ecs/DP1/PM/NSIDC-0051.001/1992.12.23/nt_19921223_f11_v1.1_n.bin']
North,1992,12,24,13.67,0, ['/ecs/DP1/PM/NSIDC-0051.001/1992.12.24/nt_19921224_f11_v1.1_n.bin']
North,1992,12,25,13.666,0, ['/ecs/DP1/PM/NSIDC-0051.001/1992.12.25/nt_19921225_f11_v1.1_n.bin']
North,1992,12,26,13.733,0, ['/ecs/DP1/PM/NSIDC-0051.001/1992.12.26/nt_19921226_f11_v1.1_n.bin']
North,1992,12,27,13.736,0, ['/ecs/DP1/PM/NSIDC-0051.001/1992.12.27/nt_19921227_f11_v1.1_n.bin']
North,1992,12,28,13.792,0, ['/ecs/DP1/PM/NSIDC-0051.001/1992.12.28/nt_19921228_f11_v1.1_n.bin']
North,1992,12,29,13.837,0, ['/ecs/DP1/PM/NSIDC-0051.001/1992.12.29/nt_19921229_f11_v1.1_n.bin']
North,1992,12,30,13.915,0, ['/ecs/DP1/PM/NSIDC-0051.001/1992.12.30/nt_19921230_f11_v1.1_n.bin']
North,1992,12,31,13.945,0, ['/ecs/DP1/PM/NSIDC-0051.001/1992.12.31/nt_19921231_f11_v1.1_n.bin']
North,1993,1,1,14.035,0, ['/ecs/DP1/PM/NSIDC-0051.001/1993.01.01/nt_19930101_f11_v1.1_n.bin']
North,1993,1,2,14.141,0, ['/ecs/DP1/PM/NSIDC-0051.001/1993.01.02/nt_19930102_f11_v1.1_n.bin']
North,1993,1,3,14.25,0, ['/ecs/DP1/PM/NSIDC-0051.001/1993.01.03/nt_19930103_f11_v1.1_n.bin']
North,1993,1,4,14.255,0, ['/ecs/DP1/PM/NSIDC-0051.001/1993.01.04/nt_19930104_f11_v1.1_n.bin']
North,1993,1,5,14.266,0, ['/ecs/DP1/PM/NSIDC-0051.001/1993.01.05/nt_19930105_f11_v1.1_n.bin']
North,1993,1,6,14.22,0, ['/ecs/DP1/PM/NSIDC-0051.001/1993.01.06/nt_19930106_f11_v1.1_n.bin']
North,1993,1,7,14.348,0, ['/ecs/DP1/PM/NSIDC-0051.001/1993.01.07/nt_19930107_f11_v1.1_n.bin']
North,1993,1,8,14.434,0, ['/ecs/DP1/PM/NSIDC-0051.001/1993.01.08/nt_19930108_f11_v1.1_n.bin']
North,1993,1,9,14.493,0, ['/ecs/DP1/PM/NSIDC-0051.001/1993.01.09/nt_19930109_f11_v1.1_n.bin']
North,1993,1,10,14.507,0, ['/ecs/DP1/PM/NSIDC-0051.001/1993.01.10/nt_19930110_f11_v1.1_n.bin']
North,1993,1,11,14.523,0, ['/ecs/DP1/PM/NSIDC-0051.001/1993.01.11/nt_19930111_f11_v1.1_n.bin']
North,1993,1,12,14.593,0, ['/ecs/DP1/PM/NSIDC-0051.001/1993.01.12/nt_19930112_f11_v1.1_n.bin']
North,1993,1,13,14.623,0, ['/ecs/DP1/PM/NSIDC-0051.001/1993.01.13/nt_19930113_f11_v1.1_n.bin']
North,1993,1,14,14.765,0, ['/ecs/DP1/PM/NSIDC-0051.001/1993.01.14/nt_19930114_f11_v1.1_n.bin']
North,1993,1,15,14.899,0, ['/ecs/DP1/PM/NSIDC-0051.001/1993.01.15/nt_19930115_f11_v1.1_n.bin']
North,1993,1,16,14.985,0, ['/ecs/DP1/PM/NSIDC-0051.001/1993.01.16/nt_19930116_f11_v1.1_n.bin']
North,1993,1,17,15.109,0, ['/ecs/DP1/PM/NSIDC-0051.001/1993.01.17/nt_19930117_f11_v1.1_n.bin']
North,1993,1,18,15.138,0, ['/ecs/DP1/PM/NSIDC-0051.001/1993.01.18/nt_19930118_f11_v1.1_n.bin']
North,1993,1,19,15.154,0, ['/ecs/DP1/PM/NSIDC-0051.001/1993.01.19/nt_19930119_f11_v1.1_n.bin']
North,1993,1,20,15.206,0, ['/ecs/DP1/PM/NSIDC-0051.001/1993.01.20/nt_19930120_f11_v1.1_n.bin']
North,1993,1,21,15.175,0, ['/ecs/DP1/PM/NSIDC-0051.001/1993.01.21/nt_19930121_f11_v1.1_n.bin']
North,1993,1,22,15.324,0, ['/ecs/DP1/PM/NSIDC-0051.001/1993.01.22/nt_19930122_f11_v1.1_n.bin']
North,1993,1,23,15.31,0, ['/ecs/DP1/PM/NSIDC-0051.001/1993.01.23/nt_19930123_f11_v1.1_n.bin']
North,1993,1,24,15.394,0, ['/ecs/DP1/PM/NSIDC-0051.001/1993.01.24/nt_19930124_f11_v1.1_n.bin']
North,1993,1,25,15.447,0, ['/ecs/DP1/PM/NSIDC-0051.001/1993.01.25/nt_19930125_f11_v1.1_n.bin']
North,1993,1,26,15.515,0, ['/ecs/DP1/PM/NSIDC-0051.001/1993.01.26/nt_19930126_f11_v1.1_n.bin']
North,1993,1,27,15.551,0, ['/ecs/DP1/PM/NSIDC-0051.001/1993.01.27/nt_19930127_f11_v1.1_n.bin']
North,1993,1,28,15.601,0, ['/ecs/DP1/PM/NSIDC-0051.001/1993.01.28/nt_19930128_f11_v1.1_n.bin']
North,1993,1,29,15.548,0, ['/ecs/DP1/PM/NSIDC-0051.001/1993.01.29/nt_19930129_f11_v1.1_n.bin']
North,1993,1,30,15.507,0, ['/ecs/DP1/PM/NSIDC-0051.001/1993.01.30/nt_19930130_f11_v1.1_n.bin']
North,1993,1,31,15.462,0, ['/ecs/DP1/PM/NSIDC-0051.001/1993.01.31/nt_19930131_f11_v1.1_n.bin']
North,1993,2,1,15.449,0, ['/ecs/DP1/PM/NSIDC-0051.001/1993.02.01/nt_19930201_f11_v1.1_n.bin']
North,1993,2,2,15.475,0, ['/ecs/DP1/PM/NSIDC-0051.001/1993.02.02/nt_19930202_f11_v1.1_n.bin']
North,1993,2,3,15.555,0, ['/ecs/DP1/PM/NSIDC-0051.001/1993.02.03/nt_19930203_f11_v1.1_n.bin']
North,1993,2,4,15.51,0, ['/ecs/DP1/PM/NSIDC-0051.001/1993.02.04/nt_19930204_f11_v1.1_n.bin']
North,1993,2,5,15.52,0, ['/ecs/DP1/PM/NSIDC-0051.001/1993.02.05/nt_19930205_f11_v1.1_n.bin']
North,1993,2,6,15.525,0, ['/ecs/DP1/PM/NSIDC-0051.001/1993.02.06/nt_19930206_f11_v1.1_n.bin']
North,1993,2,7,15.65,0, ['/ecs/DP1/PM/NSIDC-0051.001/1993.02.07/nt_19930207_f11_v1.1_n.bin']
North,1993,2,8,15.707,0, ['/ecs/DP1/PM/NSIDC-0051.001/1993.02.08/nt_19930208_f11_v1.1_n.bin']
North,1993,2,9,15.778,0, ['/ecs/DP1/PM/NSIDC-0051.001/1993.02.09/nt_19930209_f11_v1.1_n.bin']
North,1993,2,10,15.933,0, ['/ecs/DP1/PM/NSIDC-0051.001/1993.02.10/nt_19930210_f11_v1.1_n.bin']
North,1993,2,11,15.796,0, ['/ecs/DP1/PM/NSIDC-0051.001/1993.02.11/nt_19930211_f11_v1.1_n.bin']
North,1993,2,12,15.726,0, ['/ecs/DP1/PM/NSIDC-0051.001/1993.02.12/nt_19930212_f11_v1.1_n.bin']
North,1993,2,13,15.744,0, ['/ecs/DP1/PM/NSIDC-0051.001/1993.02.13/nt_19930213_f11_v1.1_n.bin']
North,1993,2,14,15.634,0, ['/ecs/DP1/PM/NSIDC-0051.001/1993.02.14/nt_19930214_f11_v1.1_n.bin']
North,1993,2,15,15.652,0, ['/ecs/DP1/PM/NSIDC-0051.001/1993.02.15/nt_19930215_f11_v1.1_n.bin']
North,1993,2,16,15.637,0, ['/ecs/DP1/PM/NSIDC-0051.001/1993.02.16/nt_19930216_f11_v1.1_n.bin']
North,1993,2,17,15.763,0, ['/ecs/DP1/PM/NSIDC-0051.001/1993.02.17/nt_19930217_f11_v1.1_n.bin']
North,1993,2,18,15.82,0, ['/ecs/DP1/PM/NSIDC-0051.001/1993.02.18/nt_19930218_f11_v1.1_n.bin']
North,1993,2,19,15.798,0, ['/ecs/DP1/PM/NSIDC-0051.001/1993.02.19/nt_19930219_f11_v1.1_n.bin']
North,1993,2,20,15.819,0, ['/ecs/DP1/PM/NSIDC-0051.001/1993.02.20/nt_19930220_f11_v1.1_n.bin']
North,1993,2,21,15.799,0, ['/ecs/DP1/PM/NSIDC-0051.001/1993.02.21/nt_19930221_f11_v1.1_n.bin']
North,1993,2,22,15.885,0, ['/ecs/DP1/PM/NSIDC-0051.001/1993.02.22/nt_19930222_f11_v1.1_n.bin']
North,1993,2,23,15.874,0, ['/ecs/DP1/PM/NSIDC-0051.001/1993.02.23/nt_19930223_f11_v1.1_n.bin']
North,1993,2,24,15.749,0, ['/ecs/DP1/PM/NSIDC-0051.001/1993.02.24/nt_19930224_f11_v1.1_n.bin']
North,1993,2,25,15.553,0, ['/ecs/DP1/PM/NSIDC-0051.001/1993.02.25/nt_19930225_f11_v1.1_n.bin']
North,1993,2,26,15.525,0, ['/ecs/DP1/PM/NSIDC-0051.001/1993.02.26/nt_19930226_f11_v1.1_n.bin']
North,1993,2,27,15.611,0, ['/ecs/DP1/PM/NSIDC-0051.001/1993.02.27/nt_19930227_f11_v1.1_n.bin']
North,1993,2,28,15.711,0, ['/ecs/DP1/PM/NSIDC-0051.001/1993.02.28/nt_19930228_f11_v1.1_n.bin']
North,1993,3,1,15.754,0, ['/ecs/DP1/PM/NSIDC-0051.001/1993.03.01/nt_19930301_f11_v1.1_n.bin']
North,1993,3,2,15.825,0, ['/ecs/DP1/PM/NSIDC-0051.001/1993.03.02/nt_19930302_f11_v1.1_n.bin']
North,1993,3,3,15.839,0, ['/ecs/DP1/PM/NSIDC-0051.001/1993.03.03/nt_19930303_f11_v1.1_n.bin']
North,1993,3,4,15.764,0, ['/ecs/DP1/PM/NSIDC-0051.001/1993.03.04/nt_19930304_f11_v1.1_n.bin']
North,1993,3,5,15.882,0, ['/ecs/DP1/PM/NSIDC-0051.001/1993.03.05/nt_19930305_f11_v1.1_n.bin']
North,1993,3,6,15.888,0, ['/ecs/DP1/PM/NSIDC-0051.001/1993.03.06/nt_19930306_f11_v1.1_n.bin']
North,1993,3,7,15.878,0, ['/ecs/DP1/PM/NSIDC-0051.001/1993.03.07/nt_19930307_f11_v1.1_n.bin']
North,1993,3,8,15.914,0, ['/ecs/DP1/PM/NSIDC-0051.001/1993.03.08/nt_19930308_f11_v1.1_n.bin']
North,1993,3,9,15.929,0, ['/ecs/DP1/PM/NSIDC-0051.001/1993.03.09/nt_19930309_f11_v1.1_n.bin']
North,1993,3,10,15.906,0, ['/ecs/DP1/PM/NSIDC-0051.001/1993.03.10/nt_19930310_f11_v1.1_n.bin']
North,1993,3,11,15.985,0, ['/ecs/DP1/PM/NSIDC-0051.001/1993.03.11/nt_19930311_f11_v1.1_n.bin']
North,1993,3,12,15.965,0, ['/ecs/DP1/PM/NSIDC-0051.001/1993.03.12/nt_19930312_f11_v1.1_n.bin']
North,1993,3,13,16.048,0, ['/ecs/DP1/PM/NSIDC-0051.001/1993.03.13/nt_19930313_f11_v1.1_n.bin']
North,1993,3,14,16.031,0, ['/ecs/DP1/PM/NSIDC-0051.001/1993.03.14/nt_19930314_f11_v1.1_n.bin']
North,1993,3,15,15.865,0, ['/ecs/DP1/PM/NSIDC-0051.001/1993.03.15/nt_19930315_f11_v1.1_n.bin']
North,1993,3,16,15.835,0, ['/ecs/DP1/PM/NSIDC-0051.001/1993.03.16/nt_19930316_f11_v1.1_n.bin']
North,1993,3,17,15.86,0, ['/ecs/DP1/PM/NSIDC-0051.001/1993.03.17/nt_19930317_f11_v1.1_n.bin']
North,1993,3,18,15.784,0, ['/ecs/DP1/PM/NSIDC-0051.001/1993.03.18/nt_19930318_f11_v1.1_n.bin']
North,1993,3,19,15.635,0, ['/ecs/DP1/PM/NSIDC-0051.001/1993.03.19/nt_19930319_f11_v1.1_n.bin']
North,1993,3,20,15.656,0, ['/ecs/DP1/PM/NSIDC-0051.001/1993.03.20/nt_19930320_f11_v1.1_n.bin']
North,1993,3,21,15.734,0, ['/ecs/DP1/PM/NSIDC-0051.001/1993.03.21/nt_19930321_f11_v1.1_n.bin']
North,1993,3,22,15.732,0, ['/ecs/DP1/PM/NSIDC-0051.001/1993.03.22/nt_19930322_f11_v1.1_n.bin']
North,1993,3,23,15.776,0, ['/ecs/DP1/PM/NSIDC-0051.001/1993.03.23/nt_19930323_f11_v1.1_n.bin']
North,1993,3,24,15.775,0, ['/ecs/DP1/PM/NSIDC-0051.001/1993.03.24/nt_19930324_f11_v1.1_n.bin']
North,1993,3,25,15.719,0, ['/ecs/DP1/PM/NSIDC-0051.001/1993.03.25/nt_19930325_f11_v1.1_n.bin']
North,1993,3,26,15.754,0, ['/ecs/DP1/PM/NSIDC-0051.001/1993.03.26/nt_19930326_f11_v1.1_n.bin']
North,1993,3,27,15.699,0, ['/ecs/DP1/PM/NSIDC-0051.001/1993.03.27/nt_19930327_f11_v1.1_n.bin']
North,1993,3,28,15.67,0, ['/ecs/DP1/PM/NSIDC-0051.001/1993.03.28/nt_19930328_f11_v1.1_n.bin']
North,1993,3,29,15.74,0, ['/ecs/DP1/PM/NSIDC-0051.001/1993.03.29/nt_19930329_f11_v1.1_n.bin']
North,1993,3,30,15.736,0, ['/ecs/DP1/PM/NSIDC-0051.001/1993.03.30/nt_19930330_f11_v1.1_n.bin']
North,1993,3,31,15.63,0, ['/ecs/DP1/PM/NSIDC-0051.001/1993.03.31/nt_19930331_f11_v1.1_n.bin']
North,1993,4,1,15.598,0, ['/ecs/DP1/PM/NSIDC-0051.001/1993.04.01/nt_19930401_f11_v1.1_n.bin']
North,1993,4,2,15.527,0, ['/ecs/DP1/PM/NSIDC-0051.001/1993.04.02/nt_19930402_f11_v1.1_n.bin']
North,1993,4,3,15.466,0, ['/ecs/DP1/PM/NSIDC-0051.001/1993.04.03/nt_19930403_f11_v1.1_n.bin']
North,1993,4,4,15.398,0, ['/ecs/DP1/PM/NSIDC-0051.001/1993.04.04/nt_19930404_f11_v1.1_n.bin']
North,1993,4,5,15.38,0, ['/ecs/DP1/PM/NSIDC-0051.001/1993.04.05/nt_19930405_f11_v1.1_n.bin']
North,1993,4,6,15.381,0, ['/ecs/DP1/PM/NSIDC-0051.001/1993.04.06/nt_19930406_f11_v1.1_n.bin']
North,1993,4,7,15.396,0, ['/ecs/DP1/PM/NSIDC-0051.001/1993.04.07/nt_19930407_f11_v1.1_n.bin']
North,1993,4,8,15.348,0, ['/ecs/DP1/PM/NSIDC-0051.001/1993.04.08/nt_19930408_f11_v1.1_n.bin']
North,1993,4,9,15.257,0, ['/ecs/DP1/PM/NSIDC-0051.001/1993.04.09/nt_19930409_f11_v1.1_n.bin']
North,1993,4,10,15.286,0, ['/ecs/DP1/PM/NSIDC-0051.001/1993.04.10/nt_19930410_f11_v1.1_n.bin']
North,1993,4,11,15.319,0, ['/ecs/DP1/PM/NSIDC-0051.001/1993.04.11/nt_19930411_f11_v1.1_n.bin']
North,1993,4,12,15.296,0, ['/ecs/DP1/PM/NSIDC-0051.001/1993.04.12/nt_19930412_f11_v1.1_n.bin']
North,1993,4,13,15.273,0, ['/ecs/DP1/PM/NSIDC-0051.001/1993.04.13/nt_19930413_f11_v1.1_n.bin']
North,1993,4,14,15.248,0, ['/ecs/DP1/PM/NSIDC-0051.001/1993.04.14/nt_19930414_f11_v1.1_n.bin']
North,1993,4,15,15.19,0, ['/ecs/DP1/PM/NSIDC-0051.001/1993.04.15/nt_19930415_f11_v1.1_n.bin']
North,1993,4,16,15.182,0, ['/ecs/DP1/PM/NSIDC-0051.001/1993.04.16/nt_19930416_f11_v1.1_n.bin']
North,1993,4,17,15.168,0, ['/ecs/DP1/PM/NSIDC-0051.001/1993.04.17/nt_19930417_f11_v1.1_n.bin']
North,1993,4,18,15.079,0, ['/ecs/DP1/PM/NSIDC-0051.001/1993.04.18/nt_19930418_f11_v1.1_n.bin']
North,1993,4,19,15.015,0, ['/ecs/DP1/PM/NSIDC-0051.001/1993.04.19/nt_19930419_f11_v1.1_n.bin']
North,1993,4,20,14.957,0, ['/ecs/DP1/PM/NSIDC-0051.001/1993.04.20/nt_19930420_f11_v1.1_n.bin']
North,1993,4,21,15.032,0, ['/ecs/DP1/PM/NSIDC-0051.001/1993.04.21/nt_19930421_f11_v1.1_n.bin']
North,1993,4,22,14.88,0, ['/ecs/DP1/PM/NSIDC-0051.001/1993.04.22/nt_19930422_f11_v1.1_n.bin']
North,1993,4,23,14.802,0, ['/ecs/DP1/PM/NSIDC-0051.001/1993.04.23/nt_19930423_f11_v1.1_n.bin']
North,1993,4,24,14.837,0, ['/ecs/DP1/PM/NSIDC-0051.001/1993.04.24/nt_19930424_f11_v1.1_n.bin']
North,1993,4,25,14.758,0, ['/ecs/DP1/PM/NSIDC-0051.001/1993.04.25/nt_19930425_f11_v1.1_n.bin']
North,1993,4,26,14.717,0, ['/ecs/DP1/PM/NSIDC-0051.001/1993.04.26/nt_19930426_f11_v1.1_n.bin']
North,1993,4,27,14.509,0, ['/ecs/DP1/PM/NSIDC-0051.001/1993.04.27/nt_19930427_f11_v1.1_n.bin']
North,1993,4,28,14.391,0, ['/ecs/DP1/PM/NSIDC-0051.001/1993.04.28/nt_19930428_f11_v1.1_n.bin']
North,1993,4,29,14.341,0, ['/ecs/DP1/PM/NSIDC-0051.001/1993.04.29/nt_19930429_f11_v1.1_n.bin']
North,1993,4,30,14.285,0, ['/ecs/DP1/PM/NSIDC-0051.001/1993.04.30/nt_19930430_f11_v1.1_n.bin']
North,1993,5,1,14.172,0, ['/ecs/DP1/PM/NSIDC-0051.001/1993.05.01/nt_19930501_f11_v1.1_n.bin']
North,1993,5,2,14.134,0, ['/ecs/DP1/PM/NSIDC-0051.001/1993.05.02/nt_19930502_f11_v1.1_n.bin']
North,1993,5,3,14.028,0, ['/ecs/DP1/PM/NSIDC-0051.001/1993.05.03/nt_19930503_f11_v1.1_n.bin']
North,1993,5,4,14.036,0, ['/ecs/DP1/PM/NSIDC-0051.001/1993.05.04/nt_19930504_f11_v1.1_n.bin']
North,1993,5,5,13.955,0, ['/ecs/DP1/PM/NSIDC-0051.001/1993.05.05/nt_19930505_f11_v1.1_n.bin']
North,1993,5,6,13.902,0, ['/ecs/DP1/PM/NSIDC-0051.001/1993.05.06/nt_19930506_f11_v1.1_n.bin']
North,1993,5,7,13.862,0, ['/ecs/DP1/PM/NSIDC-0051.001/1993.05.07/nt_19930507_f11_v1.1_n.bin']
North,1993,5,8,13.872,0, ['/ecs/DP1/PM/NSIDC-0051.001/1993.05.08/nt_19930508_f11_v1.1_n.bin']
North,1993,5,9,13.797,0, ['/ecs/DP1/PM/NSIDC-0051.001/1993.05.09/nt_19930509_f11_v1.1_n.bin']
North,1993,5,10,13.674,0, ['/ecs/DP1/PM/NSIDC-0051.001/1993.05.10/nt_19930510_f11_v1.1_n.bin']
North,1993,5,11,13.657,0, ['/ecs/DP1/PM/NSIDC-0051.001/1993.05.11/nt_19930511_f11_v1.1_n.bin']
North,1993,5,12,13.604,0, ['/ecs/DP1/PM/NSIDC-0051.001/1993.05.12/nt_19930512_f11_v1.1_n.bin']
North,1993,5,13,13.599,0, ['/ecs/DP1/PM/NSIDC-0051.001/1993.05.13/nt_19930513_f11_v1.1_n.bin']
North,1993,5,14,13.571,0, ['/ecs/DP1/PM/NSIDC-0051.001/1993.05.14/nt_19930514_f11_v1.1_n.bin']
North,1993,5,15,13.469,0, ['/ecs/DP1/PM/NSIDC-0051.001/1993.05.15/nt_19930515_f11_v1.1_n.bin']
North,1993,5,16,13.37,0, ['/ecs/DP1/PM/NSIDC-0051.001/1993.05.16/nt_19930516_f11_v1.1_n.bin']
North,1993,5,17,13.307,0, ['/ecs/DP1/PM/NSIDC-0051.001/1993.05.17/nt_19930517_f11_v1.1_n.bin']
North,1993,5,18,13.21,0, ['/ecs/DP1/PM/NSIDC-0051.001/1993.05.18/nt_19930518_f11_v1.1_n.bin']
North,1993,5,19,13.188,0, ['/ecs/DP1/PM/NSIDC-0051.001/1993.05.19/nt_19930519_f11_v1.1_n.bin']
North,1993,5,20,13.061,0, ['/ecs/DP1/PM/NSIDC-0051.001/1993.05.20/nt_19930520_f11_v1.1_n.bin']
North,1993,5,21,13.044,0, ['/ecs/DP1/PM/NSIDC-0051.001/1993.05.21/nt_19930521_f11_v1.1_n.bin']
North,1993,5,22,12.957,0, ['/ecs/DP1/PM/NSIDC-0051.001/1993.05.22/nt_19930522_f11_v1.1_n.bin']
North,1993,5,23,12.929,0, ['/ecs/DP1/PM/NSIDC-0051.001/1993.05.23/nt_19930523_f11_v1.1_n.bin']
North,1993,5,24,12.887,0, ['/ecs/DP1/PM/NSIDC-0051.001/1993.05.24/nt_19930524_f11_v1.1_n.bin']
North,1993,5,25,12.9,0, ['/ecs/DP1/PM/NSIDC-0051.001/1993.05.25/nt_19930525_f11_v1.1_n.bin']
North,1993,5,26,12.812,0, ['/ecs/DP1/PM/NSIDC-0051.001/1993.05.26/nt_19930526_f11_v1.1_n.bin']
North,1993,5,27,12.75,0, ['/ecs/DP1/PM/NSIDC-0051.001/1993.05.27/nt_19930527_f11_v1.1_n.bin']
North,1993,5,28,12.758,0, ['/ecs/DP1/PM/NSIDC-0051.001/1993.05.28/nt_19930528_f11_v1.1_n.bin']
North,1993,5,29,12.681,0, ['/ecs/DP1/PM/NSIDC-0051.001/1993.05.29/nt_19930529_f11_v1.1_n.bin']
North,1993,5,30,12.665,0, ['/ecs/DP1/PM/NSIDC-0051.001/1993.05.30/nt_19930530_f11_v1.1_n.bin']
North,1993,5,31,12.564,0, ['/ecs/DP1/PM/NSIDC-0051.001/1993.05.31/nt_19930531_f11_v1.1_n.bin']
North,1993,6,1,12.431,0, ['/ecs/DP1/PM/NSIDC-0051.001/1993.06.01/nt_19930601_f11_v1.1_n.bin']
North,1993,6,2,12.429,0, ['/ecs/DP1/PM/NSIDC-0051.001/1993.06.02/nt_19930602_f11_v1.1_n.bin']
North,1993,6,3,12.363,0, ['/ecs/DP1/PM/NSIDC-0051.001/1993.06.03/nt_19930603_f11_v1.1_n.bin']
North,1993,6,4,12.375,0, ['/ecs/DP1/PM/NSIDC-0051.001/1993.06.04/nt_19930604_f11_v1.1_n.bin']
North,1993,6,5,12.342,0, ['/ecs/DP1/PM/NSIDC-0051.001/1993.06.05/nt_19930605_f11_v1.1_n.bin']
North,1993,6,6,12.297,0, ['/ecs/DP1/PM/NSIDC-0051.001/1993.06.06/nt_19930606_f11_v1.1_n.bin']
North,1993,6,7,12.278,0, ['/ecs/DP1/PM/NSIDC-0051.001/1993.06.07/nt_19930607_f11_v1.1_n.bin']
North,1993,6,8,12.254,0, ['/ecs/DP1/PM/NSIDC-0051.001/1993.06.08/nt_19930608_f11_v1.1_n.bin']
North,1993,6,9,12.248,0, ['/ecs/DP1/PM/NSIDC-0051.001/1993.06.09/nt_19930609_f11_v1.1_n.bin']
North,1993,6,10,12.145,0, ['/ecs/DP1/PM/NSIDC-0051.001/1993.06.10/nt_19930610_f11_v1.1_n.bin']
North,1993,6,11,12.095,0, ['/ecs/DP1/PM/NSIDC-0051.001/1993.06.11/nt_19930611_f11_v1.1_n.bin']
North,1993,6,12,12.097,0, ['/ecs/DP1/PM/NSIDC-0051.001/1993.06.12/nt_19930612_f11_v1.1_n.bin']
North,1993,6,13,12.024,0, ['/ecs/DP1/PM/NSIDC-0051.001/1993.06.13/nt_19930613_f11_v1.1_n.bin']
North,1993,6,14,11.984,0, ['/ecs/DP1/PM/NSIDC-0051.001/1993.06.14/nt_19930614_f11_v1.1_n.bin']
North,1993,6,15,11.907,0, ['/ecs/DP1/PM/NSIDC-0051.001/1993.06.15/nt_19930615_f11_v1.1_n.bin']
North,1993,6,16,11.821,0, ['/ecs/DP1/PM/NSIDC-0051.001/1993.06.16/nt_19930616_f11_v1.1_n.bin']
North,1993,6,17,11.842,0, ['/ecs/DP1/PM/NSIDC-0051.001/1993.06.17/nt_19930617_f11_v1.1_n.bin']
North,1993,6,18,11.826,0, ['/ecs/DP1/PM/NSIDC-0051.001/1993.06.18/nt_19930618_f11_v1.1_n.bin']
North,1993,6,19,11.709,0, ['/ecs/DP1/PM/NSIDC-0051.001/1993.06.19/nt_19930619_f11_v1.1_n.bin']
North,1993,6,20,11.668,0, ['/ecs/DP1/PM/NSIDC-0051.001/1993.06.20/nt_19930620_f11_v1.1_n.bin']
North,1993,6,21,11.637,0, ['/ecs/DP1/PM/NSIDC-0051.001/1993.06.21/nt_19930621_f11_v1.1_n.bin']
North,1993,6,22,11.58,0, ['/ecs/DP1/PM/NSIDC-0051.001/1993.06.22/nt_19930622_f11_v1.1_n.bin']
North,1993,6,23,11.575,0, ['/ecs/DP1/PM/NSIDC-0051.001/1993.06.23/nt_19930623_f11_v1.1_n.bin']
North,1993,6,24,11.514,0, ['/ecs/DP1/PM/NSIDC-0051.001/1993.06.24/nt_19930624_f11_v1.1_n.bin']
North,1993,6,25,11.45,0, ['/ecs/DP1/PM/NSIDC-0051.001/1993.06.25/nt_19930625_f11_v1.1_n.bin']
North,1993,6,26,11.346,0, ['/ecs/DP1/PM/NSIDC-0051.001/1993.06.26/nt_19930626_f11_v1.1_n.bin']
North,1993,6,27,11.318,0, ['/ecs/DP1/PM/NSIDC-0051.001/1993.06.27/nt_19930627_f11_v1.1_n.bin']
North,1993,6,28,11.304,0, ['/ecs/DP1/PM/NSIDC-0051.001/1993.06.28/nt_19930628_f11_v1.1_n.bin']
North,1993,6,29,11.199,0, ['/ecs/DP1/PM/NSIDC-0051.001/1993.06.29/nt_19930629_f11_v1.1_n.bin']
North,1993,6,30,11.069,0, ['/ecs/DP1/PM/NSIDC-0051.001/1993.06.30/nt_19930630_f11_v1.1_n.bin']
North,1993,7,1,10.845,0, ['/ecs/DP1/PM/NSIDC-0051.001/1993.07.01/nt_19930701_f11_v1.1_n.bin']
North,1993,7,2,10.809,0, ['/ecs/DP1/PM/NSIDC-0051.001/1993.07.02/nt_19930702_f11_v1.1_n.bin']
North,1993,7,3,10.751,0, ['/ecs/DP1/PM/NSIDC-0051.001/1993.07.03/nt_19930703_f11_v1.1_n.bin']
North,1993,7,4,10.67,0, ['/ecs/DP1/PM/NSIDC-0051.001/1993.07.04/nt_19930704_f11_v1.1_n.bin']
North,1993,7,5,10.571,0, ['/ecs/DP1/PM/NSIDC-0051.001/1993.07.05/nt_19930705_f11_v1.1_n.bin']
North,1993,7,6,10.416,0, ['/ecs/DP1/PM/NSIDC-0051.001/1993.07.06/nt_19930706_f11_v1.1_n.bin']
North,1993,7,7,10.176,0, ['/ecs/DP1/PM/NSIDC-0051.001/1993.07.07/nt_19930707_f11_v1.1_n.bin']
North,1993,7,8,10.098,0, ['/ecs/DP1/PM/NSIDC-0051.001/1993.07.08/nt_19930708_f11_v1.1_n.bin']
North,1993,7,9,10.003,0, ['/ecs/DP1/PM/NSIDC-0051.001/1993.07.09/nt_19930709_f11_v1.1_n.bin']
North,1993,7,10,9.909,0, ['/ecs/DP1/PM/NSIDC-0051.001/1993.07.10/nt_19930710_f11_v1.1_n.bin']
North,1993,7,11,9.735,0, ['/ecs/DP1/PM/NSIDC-0051.001/1993.07.11/nt_19930711_f11_v1.1_n.bin']
North,1993,7,12,9.619,0, ['/ecs/DP1/PM/NSIDC-0051.001/1993.07.12/nt_19930712_f11_v1.1_n.bin']
North,1993,7,13,9.583,0, ['/ecs/DP1/PM/NSIDC-0051.001/1993.07.13/nt_19930713_f11_v1.1_n.bin']
North,1993,7,14,9.488,0, ['/ecs/DP1/PM/NSIDC-0051.001/1993.07.14/nt_19930714_f11_v1.1_n.bin']
North,1993,7,15,9.449,0, ['/ecs/DP1/PM/NSIDC-0051.001/1993.07.15/nt_19930715_f11_v1.1_n.bin']
North,1993,7,16,9.326,0, ['/ecs/DP1/PM/NSIDC-0051.001/1993.07.16/nt_19930716_f11_v1.1_n.bin']
North,1993,7,17,9.293,0, ['/ecs/DP1/PM/NSIDC-0051.001/1993.07.17/nt_19930717_f11_v1.1_n.bin']
North,1993,7,18,9.172,0, ['/ecs/DP1/PM/NSIDC-0051.001/1993.07.18/nt_19930718_f11_v1.1_n.bin']
North,1993,7,19,9.062,0, ['/ecs/DP1/PM/NSIDC-0051.001/1993.07.19/nt_19930719_f11_v1.1_n.bin']
North,1993,7,20,9.047,0, ['/ecs/DP1/PM/NSIDC-0051.001/1993.07.20/nt_19930720_f11_v1.1_n.bin']
North,1993,7,21,9.068,0, ['/ecs/DP1/PM/NSIDC-0051.001/1993.07.21/nt_19930721_f11_v1.1_n.bin']
North,1993,7,22,8.944,0, ['/ecs/DP1/PM/NSIDC-0051.001/1993.07.22/nt_19930722_f11_v1.1_n.bin']
North,1993,7,23,8.849,0, ['/ecs/DP1/PM/NSIDC-0051.001/1993.07.23/nt_19930723_f11_v1.1_n.bin']
North,1993,7,24,8.827,0, ['/ecs/DP1/PM/NSIDC-0051.001/1993.07.24/nt_19930724_f11_v1.1_n.bin']
North,1993,7,25,8.76,0, ['/ecs/DP1/PM/NSIDC-0051.001/1993.07.25/nt_19930725_f11_v1.1_n.bin']
North,1993,7,26,8.679,0, ['/ecs/DP1/PM/NSIDC-0051.001/1993.07.26/nt_19930726_f11_v1.1_n.bin']
North,1993,7,27,8.594,0, ['/ecs/DP1/PM/NSIDC-0051.001/1993.07.27/nt_19930727_f11_v1.1_n.bin']
North,1993,7,28,8.5,0, ['/ecs/DP1/PM/NSIDC-0051.001/1993.07.28/nt_19930728_f11_v1.1_n.bin']
North,1993,7,29,8.498,0, ['/ecs/DP1/PM/NSIDC-0051.001/1993.07.29/nt_19930729_f11_v1.1_n.bin']
North,1993,7,30,8.518,0, ['/ecs/DP1/PM/NSIDC-0051.001/1993.07.30/nt_19930730_f11_v1.1_n.bin']
North,1993,7,31,8.508,0, ['/ecs/DP1/PM/NSIDC-0051.001/1993.07.31/nt_19930731_f11_v1.1_n.bin']
North,1993,8,1,8.306,0, ['/ecs/DP1/PM/NSIDC-0051.001/1993.08.01/nt_19930801_f11_v1.1_n.bin']
North,1993,8,2,8.204,0, ['/ecs/DP1/PM/NSIDC-0051.001/1993.08.02/nt_19930802_f11_v1.1_n.bin']
North,1993,8,3,8.134,0, ['/ecs/DP1/PM/NSIDC-0051.001/1993.08.03/nt_19930803_f11_v1.1_n.bin']
North,1993,8,4,8.128,0, ['/ecs/DP1/PM/NSIDC-0051.001/1993.08.04/nt_19930804_f11_v1.1_n.bin']
North,1993,8,5,8.119,0, ['/ecs/DP1/PM/NSIDC-0051.001/1993.08.05/nt_19930805_f11_v1.1_n.bin']
North,1993,8,6,8.07,0, ['/ecs/DP1/PM/NSIDC-0051.001/1993.08.06/nt_19930806_f11_v1.1_n.bin']
North,1993,8,7,7.96,0, ['/ecs/DP1/PM/NSIDC-0051.001/1993.08.07/nt_19930807_f11_v1.1_n.bin']
North,1993,8,8,7.912,0, ['/ecs/DP1/PM/NSIDC-0051.001/1993.08.08/nt_19930808_f11_v1.1_n.bin']
North,1993,8,9,7.852,0, ['/ecs/DP1/PM/NSIDC-0051.001/1993.08.09/nt_19930809_f11_v1.1_n.bin']
North,1993,8,10,7.757,0, ['/ecs/DP1/PM/NSIDC-0051.001/1993.08.10/nt_19930810_f11_v1.1_n.bin']
North,1993,8,11,7.633,0, ['/ecs/DP1/PM/NSIDC-0051.001/1993.08.11/nt_19930811_f11_v1.1_n.bin']
North,1993,8,12,7.56,0, ['/ecs/DP1/PM/NSIDC-0051.001/1993.08.12/nt_19930812_f11_v1.1_n.bin']
North,1993,8,13,7.443,0, ['/ecs/DP1/PM/NSIDC-0051.001/1993.08.13/nt_19930813_f11_v1.1_n.bin']
North,1993,8,14,7.41,0, ['/ecs/DP1/PM/NSIDC-0051.001/1993.08.14/nt_19930814_f11_v1.1_n.bin']
North,1993,8,15,7.326,0, ['/ecs/DP1/PM/NSIDC-0051.001/1993.08.15/nt_19930815_f11_v1.1_n.bin']
North,1993,8,16,7.247,0, ['/ecs/DP1/PM/NSIDC-0051.001/1993.08.16/nt_19930816_f11_v1.1_n.bin']
North,1993,8,17,7.208,0, ['/ecs/DP1/PM/NSIDC-0051.001/1993.08.17/nt_19930817_f11_v1.1_n.bin']
North,1993,8,18,7.194,0, ['/ecs/DP1/PM/NSIDC-0051.001/1993.08.18/nt_19930818_f11_v1.1_n.bin']
North,1993,8,19,7.12,0, ['/ecs/DP1/PM/NSIDC-0051.001/1993.08.19/nt_19930819_f11_v1.1_n.bin']
North,1993,8,20,7.079,0, ['/ecs/DP1/PM/NSIDC-0051.001/1993.08.20/nt_19930820_f11_v1.1_n.bin']
North,1993,8,21,7.009,0, ['/ecs/DP1/PM/NSIDC-0051.001/1993.08.21/nt_19930821_f11_v1.1_n.bin']
North,1993,8,22,6.934,0, ['/ecs/DP1/PM/NSIDC-0051.001/1993.08.22/nt_19930822_f11_v1.1_n.bin']
North,1993,8,23,6.856,0, ['/ecs/DP1/PM/NSIDC-0051.001/1993.08.23/nt_19930823_f11_v1.1_n.bin']
North,1993,8,24,6.814,0, ['/ecs/DP1/PM/NSIDC-0051.001/1993.08.24/nt_19930824_f11_v1.1_n.bin']
North,1993,8,25,6.853,0, ['/ecs/DP1/PM/NSIDC-0051.001/1993.08.25/nt_19930825_f11_v1.1_n.bin']
North,1993,8,26,6.714,0, ['/ecs/DP1/PM/NSIDC-0051.001/1993.08.26/nt_19930826_f11_v1.1_n.bin']
North,1993,8,27,6.633,0, ['/ecs/DP1/PM/NSIDC-0051.001/1993.08.27/nt_19930827_f11_v1.1_n.bin']
North,1993,8,28,6.528,0, ['/ecs/DP1/PM/NSIDC-0051.001/1993.08.28/nt_19930828_f11_v1.1_n.bin']
North,1993,8,29,6.469,0, ['/ecs/DP1/PM/NSIDC-0051.001/1993.08.29/nt_19930829_f11_v1.1_n.bin']
North,1993,8,30,6.464,0, ['/ecs/DP1/PM/NSIDC-0051.001/1993.08.30/nt_19930830_f11_v1.1_n.bin']
North,1993,8,31,6.449,0, ['/ecs/DP1/PM/NSIDC-0051.001/1993.08.31/nt_19930831_f11_v1.1_n.bin']
North,1993,9,1,6.348,0, ['/ecs/DP1/PM/NSIDC-0051.001/1993.09.01/nt_19930901_f11_v1.1_n.bin']
North,1993,9,2,6.321,0, ['/ecs/DP1/PM/NSIDC-0051.001/1993.09.02/nt_19930902_f11_v1.1_n.bin']
North,1993,9,3,6.304,0, ['/ecs/DP1/PM/NSIDC-0051.001/1993.09.03/nt_19930903_f11_v1.1_n.bin']
North,1993,9,4,6.265,0, ['/ecs/DP1/PM/NSIDC-0051.001/1993.09.04/nt_19930904_f11_v1.1_n.bin']
North,1993,9,5,6.205,0, ['/ecs/DP1/PM/NSIDC-0051.001/1993.09.05/nt_19930905_f11_v1.1_n.bin']
North,1993,9,6,6.163,0, ['/ecs/DP1/PM/NSIDC-0051.001/1993.09.06/nt_19930906_f11_v1.1_n.bin']
North,1993,9,7,6.162,0, ['/ecs/DP1/PM/NSIDC-0051.001/1993.09.07/nt_19930907_f11_v1.1_n.bin']
North,1993,9,8,6.175,0, ['/ecs/DP1/PM/NSIDC-0051.001/1993.09.08/nt_19930908_f11_v1.1_n.bin']
North,1993,9,9,6.218,0, ['/ecs/DP1/PM/NSIDC-0051.001/1993.09.09/nt_19930909_f11_v1.1_n.bin']
North,1993,9,10,6.206,0, ['/ecs/DP1/PM/NSIDC-0051.001/1993.09.10/nt_19930910_f11_v1.1_n.bin']
North,1993,9,11,6.22,0, ['/ecs/DP1/PM/NSIDC-0051.001/1993.09.11/nt_19930911_f11_v1.1_n.bin']
North,1993,9,12,6.201,0, ['/ecs/DP1/PM/NSIDC-0051.001/1993.09.12/nt_19930912_f11_v1.1_n.bin']
North,1993,9,13,6.161,0, ['/ecs/DP1/PM/NSIDC-0051.001/1993.09.13/nt_19930913_f11_v1.1_n.bin']
North,1993,9,14,6.189,0, ['/ecs/DP1/PM/NSIDC-0051.001/1993.09.14/nt_19930914_f11_v1.1_n.bin']
North,1993,9,15,6.189,0, ['/ecs/DP1/PM/NSIDC-0051.001/1993.09.15/nt_19930915_f11_v1.1_n.bin']
North,1993,9,16,6.212,0, ['/ecs/DP1/PM/NSIDC-0051.001/1993.09.16/nt_19930916_f11_v1.1_n.bin']
North,1993,9,17,6.295,0, ['/ecs/DP1/PM/NSIDC-0051.001/1993.09.17/nt_19930917_f11_v1.1_n.bin']
North,1993,9,18,6.352,0, ['/ecs/DP1/PM/NSIDC-0051.001/1993.09.18/nt_19930918_f11_v1.1_n.bin']
North,1993,9,19,6.365,0, ['/ecs/DP1/PM/NSIDC-0051.001/1993.09.19/nt_19930919_f11_v1.1_n.bin']
North,1993,9,20,6.391,0, ['/ecs/DP1/PM/NSIDC-0051.001/1993.09.20/nt_19930920_f11_v1.1_n.bin']
North,1993,9,21,6.341,0, ['/ecs/DP1/PM/NSIDC-0051.001/1993.09.21/nt_19930921_f11_v1.1_n.bin']
North,1993,9,22,6.401,0, ['/ecs/DP1/PM/NSIDC-0051.001/1993.09.22/nt_19930922_f11_v1.1_n.bin']
North,1993,9,23,6.457,0, ['/ecs/DP1/PM/NSIDC-0051.001/1993.09.23/nt_19930923_f11_v1.1_n.bin']
North,1993,9,24,6.52,0, ['/ecs/DP1/PM/NSIDC-0051.001/1993.09.24/nt_19930924_f11_v1.1_n.bin']
North,1993,9,25,6.64,0, ['/ecs/DP1/PM/NSIDC-0051.001/1993.09.25/nt_19930925_f11_v1.1_n.bin']
North,1993,9,26,6.778,0, ['/ecs/DP1/PM/NSIDC-0051.001/1993.09.26/nt_19930926_f11_v1.1_n.bin']
North,1993,9,27,6.9,0, ['/ecs/DP1/PM/NSIDC-0051.001/1993.09.27/nt_19930927_f11_v1.1_n.bin']
North,1993,9,28,6.91,0, ['/ecs/DP1/PM/NSIDC-0051.001/1993.09.28/nt_19930928_f11_v1.1_n.bin']
North,1993,9,29,6.99,0, ['/ecs/DP1/PM/NSIDC-0051.001/1993.09.29/nt_19930929_f11_v1.1_n.bin']
North,1993,9,30,7.021,0, ['/ecs/DP1/PM/NSIDC-0051.001/1993.09.30/nt_19930930_f11_v1.1_n.bin']
North,1993,10,1,7.251,0, ['/ecs/DP1/PM/NSIDC-0051.001/1993.10.01/nt_19931001_f11_v1.1_n.bin']
North,1993,10,2,7.312,0, ['/ecs/DP1/PM/NSIDC-0051.001/1993.10.02/nt_19931002_f11_v1.1_n.bin']
North,1993,10,3,7.292,0, ['/ecs/DP1/PM/NSIDC-0051.001/1993.10.03/nt_19931003_f11_v1.1_n.bin']
North,1993,10,4,7.401,0, ['/ecs/DP1/PM/NSIDC-0051.001/1993.10.04/nt_19931004_f11_v1.1_n.bin']
North,1993,10,5,7.65,0, ['/ecs/DP1/PM/NSIDC-0051.001/1993.10.05/nt_19931005_f11_v1.1_n.bin']
North,1993,10,6,7.862,0, ['/ecs/DP1/PM/NSIDC-0051.001/1993.10.06/nt_19931006_f11_v1.1_n.bin']
North,1993,10,7,8.057,0, ['/ecs/DP1/PM/NSIDC-0051.001/1993.10.07/nt_19931007_f11_v1.1_n.bin']
North,1993,10,8,8.188,0, ['/ecs/DP1/PM/NSIDC-0051.001/1993.10.08/nt_19931008_f11_v1.1_n.bin']
North,1993,10,9,8.336,0, ['/ecs/DP1/PM/NSIDC-0051.001/1993.10.09/nt_19931009_f11_v1.1_n.bin']
North,1993,10,10,8.376,0, ['/ecs/DP1/PM/NSIDC-0051.001/1993.10.10/nt_19931010_f11_v1.1_n.bin']
North,1993,10,11,8.535,0, ['/ecs/DP1/PM/NSIDC-0051.001/1993.10.11/nt_19931011_f11_v1.1_n.bin']
North,1993,10,12,8.713,0, ['/ecs/DP1/PM/NSIDC-0051.001/1993.10.12/nt_19931012_f11_v1.1_n.bin']
North,1993,10,13,8.883,0, ['/ecs/DP1/PM/NSIDC-0051.001/1993.10.13/nt_19931013_f11_v1.1_n.bin']
North,1993,10,14,8.935,0, ['/ecs/DP1/PM/NSIDC-0051.001/1993.10.14/nt_19931014_f11_v1.1_n.bin']
North,1993,10,15,8.908,0, ['/ecs/DP1/PM/NSIDC-0051.001/1993.10.15/nt_19931015_f11_v1.1_n.bin']
North,1993,10,16,8.873,0, ['/ecs/DP1/PM/NSIDC-0051.001/1993.10.16/nt_19931016_f11_v1.1_n.bin']
North,1993,10,17,8.886,0, ['/ecs/DP1/PM/NSIDC-0051.001/1993.10.17/nt_19931017_f11_v1.1_n.bin']
North,1993,10,18,8.939,0, ['/ecs/DP1/PM/NSIDC-0051.001/1993.10.18/nt_19931018_f11_v1.1_n.bin']
North,1993,10,19,8.999,0, ['/ecs/DP1/PM/NSIDC-0051.001/1993.10.19/nt_19931019_f11_v1.1_n.bin']
North,1993,10,20,9.046,0, ['/ecs/DP1/PM/NSIDC-0051.001/1993.10.20/nt_19931020_f11_v1.1_n.bin']
North,1993,10,21,9.147,0, ['/ecs/DP1/PM/NSIDC-0051.001/1993.10.21/nt_19931021_f11_v1.1_n.bin']
North,1993,10,22,9.233,0, ['/ecs/DP1/PM/NSIDC-0051.001/1993.10.22/nt_19931022_f11_v1.1_n.bin']
North,1993,10,23,9.358,0, ['/ecs/DP1/PM/NSIDC-0051.001/1993.10.23/nt_19931023_f11_v1.1_n.bin']
North,1993,10,24,9.522,0, ['/ecs/DP1/PM/NSIDC-0051.001/1993.10.24/nt_19931024_f11_v1.1_n.bin']
North,1993,10,25,9.596,0, ['/ecs/DP1/PM/NSIDC-0051.001/1993.10.25/nt_19931025_f11_v1.1_n.bin']
North,1993,10,26,9.62,0, ['/ecs/DP1/PM/NSIDC-0051.001/1993.10.26/nt_19931026_f11_v1.1_n.bin']
North,1993,10,27,9.684,0, ['/ecs/DP1/PM/NSIDC-0051.001/1993.10.27/nt_19931027_f11_v1.1_n.bin']
North,1993,10,28,9.776,0, ['/ecs/DP1/PM/NSIDC-0051.001/1993.10.28/nt_19931028_f11_v1.1_n.bin']
North,1993,10,29,9.849,0, ['/ecs/DP1/PM/NSIDC-0051.001/1993.10.29/nt_19931029_f11_v1.1_n.bin']
North,1993,10,30,9.985,0, ['/ecs/DP1/PM/NSIDC-0051.001/1993.10.30/nt_19931030_f11_v1.1_n.bin']
North,1993,10,31,10.158,0, ['/ecs/DP1/PM/NSIDC-0051.001/1993.10.31/nt_19931031_f11_v1.1_n.bin']
North,1993,11,1,10.29,0, ['/ecs/DP1/PM/NSIDC-0051.001/1993.11.01/nt_19931101_f11_v1.1_n.bin']
North,1993,11,2,10.424,0, ['/ecs/DP1/PM/NSIDC-0051.001/1993.11.02/nt_19931102_f11_v1.1_n.bin']
North,1993,11,3,10.553,0, ['/ecs/DP1/PM/NSIDC-0051.001/1993.11.03/nt_19931103_f11_v1.1_n.bin']
North,1993,11,4,10.639,0, ['/ecs/DP1/PM/NSIDC-0051.001/1993.11.04/nt_19931104_f11_v1.1_n.bin']
North,1993,11,5,10.7,0, ['/ecs/DP1/PM/NSIDC-0051.001/1993.11.05/nt_19931105_f11_v1.1_n.bin']
North,1993,11,6,10.794,0, ['/ecs/DP1/PM/NSIDC-0051.001/1993.11.06/nt_19931106_f11_v1.1_n.bin']
North,1993,11,7,10.874,0, ['/ecs/DP1/PM/NSIDC-0051.001/1993.11.07/nt_19931107_f11_v1.1_n.bin']
North,1993,11,8,10.988,0, ['/ecs/DP1/PM/NSIDC-0051.001/1993.11.08/nt_19931108_f11_v1.1_n.bin']
North,1993,11,9,11.031,0, ['/ecs/DP1/PM/NSIDC-0051.001/1993.11.09/nt_19931109_f11_v1.1_n.bin']
North,1993,11,10,11.032,0, ['/ecs/DP1/PM/NSIDC-0051.001/1993.11.10/nt_19931110_f11_v1.1_n.bin']
North,1993,11,11,11.082,0, ['/ecs/DP1/PM/NSIDC-0051.001/1993.11.11/nt_19931111_f11_v1.1_n.bin']
North,1993,11,12,11.14,0, ['/ecs/DP1/PM/NSIDC-0051.001/1993.11.12/nt_19931112_f11_v1.1_n.bin']
North,1993,11,13,11.286,0, ['/ecs/DP1/PM/NSIDC-0051.001/1993.11.13/nt_19931113_f11_v1.1_n.bin']
North,1993,11,14,11.326,0, ['/ecs/DP1/PM/NSIDC-0051.001/1993.11.14/nt_19931114_f11_v1.1_n.bin']
North,1993,11,15,11.422,0, ['/ecs/DP1/PM/NSIDC-0051.001/1993.11.15/nt_19931115_f11_v1.1_n.bin']
North,1993,11,16,11.361,0, ['/ecs/DP1/PM/NSIDC-0051.001/1993.11.16/nt_19931116_f11_v1.1_n.bin']
North,1993,11,17,11.413,0, ['/ecs/DP1/PM/NSIDC-0051.001/1993.11.17/nt_19931117_f11_v1.1_n.bin']
North,1993,11,18,11.435,0, ['/ecs/DP1/PM/NSIDC-0051.001/1993.11.18/nt_19931118_f11_v1.1_n.bin']
North,1993,11,19,11.511,0, ['/ecs/DP1/PM/NSIDC-0051.001/1993.11.19/nt_19931119_f11_v1.1_n.bin']
North,1993,11,20,11.61,0, ['/ecs/DP1/PM/NSIDC-0051.001/1993.11.20/nt_19931120_f11_v1.1_n.bin']
North,1993,11,21,11.55,0, ['/ecs/DP1/PM/NSIDC-0051.001/1993.11.21/nt_19931121_f11_v1.1_n.bin']
North,1993,11,22,11.594,0, ['/ecs/DP1/PM/NSIDC-0051.001/1993.11.22/nt_19931122_f11_v1.1_n.bin']
North,1993,11,23,11.653,0, ['/ecs/DP1/PM/NSIDC-0051.001/1993.11.23/nt_19931123_f11_v1.1_n.bin']
North,1993,11,24,11.746,0, ['/ecs/DP1/PM/NSIDC-0051.001/1993.11.24/nt_19931124_f11_v1.1_n.bin']
North,1993,11,25,11.889,0, ['/ecs/DP1/PM/NSIDC-0051.001/1993.11.25/nt_19931125_f11_v1.1_n.bin']
North,1993,11,26,11.917,0, ['/ecs/DP1/PM/NSIDC-0051.001/1993.11.26/nt_19931126_f11_v1.1_n.bin']
North,1993,11,27,11.994,0, ['/ecs/DP1/PM/NSIDC-0051.001/1993.11.27/nt_19931127_f11_v1.1_n.bin']
North,1993,11,28,12.04,0, ['/ecs/DP1/PM/NSIDC-0051.001/1993.11.28/nt_19931128_f11_v1.1_n.bin']
North,1993,11,29,12.108,0, ['/ecs/DP1/PM/NSIDC-0051.001/1993.11.29/nt_19931129_f11_v1.1_n.bin']
North,1993,11,30,12.16,0, ['/ecs/DP1/PM/NSIDC-0051.001/1993.11.30/nt_19931130_f11_v1.1_n.bin']
North,1993,12,1,12.288,0, ['/ecs/DP1/PM/NSIDC-0051.001/1993.12.01/nt_19931201_f11_v1.1_n.bin']
North,1993,12,2,12.345,0, ['/ecs/DP1/PM/NSIDC-0051.001/1993.12.02/nt_19931202_f11_v1.1_n.bin']
North,1993,12,3,12.431,0, ['/ecs/DP1/PM/NSIDC-0051.001/1993.12.03/nt_19931203_f11_v1.1_n.bin']
North,1993,12,4,12.475,0, ['/ecs/DP1/PM/NSIDC-0051.001/1993.12.04/nt_19931204_f11_v1.1_n.bin']
North,1993,12,5,12.633,0, ['/ecs/DP1/PM/NSIDC-0051.001/1993.12.05/nt_19931205_f11_v1.1_n.bin']
North,1993,12,6,12.69,0, ['/ecs/DP1/PM/NSIDC-0051.001/1993.12.06/nt_19931206_f11_v1.1_n.bin']
North,1993,12,7,12.772,0, ['/ecs/DP1/PM/NSIDC-0051.001/1993.12.07/nt_19931207_f11_v1.1_n.bin']
North,1993,12,8,12.97,0, ['/ecs/DP1/PM/NSIDC-0051.001/1993.12.08/nt_19931208_f11_v1.1_n.bin']
North,1993,12,9,13.033,0, ['/ecs/DP1/PM/NSIDC-0051.001/1993.12.09/nt_19931209_f11_v1.1_n.bin']
North,1993,12,10,13.147,0, ['/ecs/DP1/PM/NSIDC-0051.001/1993.12.10/nt_19931210_f11_v1.1_n.bin']
North,1993,12,11,13.225,0, ['/ecs/DP1/PM/NSIDC-0051.001/1993.12.11/nt_19931211_f11_v1.1_n.bin']
North,1993,12,12,13.246,0, ['/ecs/DP1/PM/NSIDC-0051.001/1993.12.12/nt_19931212_f11_v1.1_n.bin']
North,1993,12,13,13.188,0, ['/ecs/DP1/PM/NSIDC-0051.001/1993.12.13/nt_19931213_f11_v1.1_n.bin']
North,1993,12,14,13.281,0, ['/ecs/DP1/PM/NSIDC-0051.001/1993.12.14/nt_19931214_f11_v1.1_n.bin']
North,1993,12,15,13.354,0, ['/ecs/DP1/PM/NSIDC-0051.001/1993.12.15/nt_19931215_f11_v1.1_n.bin']
North,1993,12,16,13.414,0, ['/ecs/DP1/PM/NSIDC-0051.001/1993.12.16/nt_19931216_f11_v1.1_n.bin']
North,1993,12,17,13.453,0, ['/ecs/DP1/PM/NSIDC-0051.001/1993.12.17/nt_19931217_f11_v1.1_n.bin']
North,1993,12,18,13.59,0, ['/ecs/DP1/PM/NSIDC-0051.001/1993.12.18/nt_19931218_f11_v1.1_n.bin']
North,1993,12,19,13.645,0, ['/ecs/DP1/PM/NSIDC-0051.001/1993.12.19/nt_19931219_f11_v1.1_n.bin']
North,1993,12,20,13.783,0, ['/ecs/DP1/PM/NSIDC-0051.001/1993.12.20/nt_19931220_f11_v1.1_n.bin']
North,1993,12,21,13.678,0, ['/ecs/DP1/PM/NSIDC-0051.001/1993.12.21/nt_19931221_f11_v1.1_n.bin']
North,1993,12,22,13.68,0, ['/ecs/DP1/PM/NSIDC-0051.001/1993.12.22/nt_19931222_f11_v1.1_n.bin']
North,1993,12,23,13.623,0, ['/ecs/DP1/PM/NSIDC-0051.001/1993.12.23/nt_19931223_f11_v1.1_n.bin']
North,1993,12,24,13.631,0, ['/ecs/DP1/PM/NSIDC-0051.001/1993.12.24/nt_19931224_f11_v1.1_n.bin']
North,1993,12,25,13.786,0, ['/ecs/DP1/PM/NSIDC-0051.001/1993.12.25/nt_19931225_f11_v1.1_n.bin']
North,1993,12,26,13.867,0, ['/ecs/DP1/PM/NSIDC-0051.001/1993.12.26/nt_19931226_f11_v1.1_n.bin']
North,1993,12,27,13.903,0, ['/ecs/DP1/PM/NSIDC-0051.001/1993.12.27/nt_19931227_f11_v1.1_n.bin']
North,1993,12,28,13.886,0, ['/ecs/DP1/PM/NSIDC-0051.001/1993.12.28/nt_19931228_f11_v1.1_n.bin']
North,1993,12,29,13.927,0, ['/ecs/DP1/PM/NSIDC-0051.001/1993.12.29/nt_19931229_f11_v1.1_n.bin']
North,1993,12,30,13.977,0, ['/ecs/DP1/PM/NSIDC-0051.001/1993.12.30/nt_19931230_f11_v1.1_n.bin']
North,1993,12,31,13.967,0, ['/ecs/DP1/PM/NSIDC-0051.001/1993.12.31/nt_19931231_f11_v1.1_n.bin']
North,1994,1,1,14.095,0, ['/ecs/DP1/PM/NSIDC-0051.001/1994.01.01/nt_19940101_f11_v1.1_n.bin']
North,1994,1,2,14.11,0, ['/ecs/DP1/PM/NSIDC-0051.001/1994.01.02/nt_19940102_f11_v1.1_n.bin']
North,1994,1,3,14.042,0, ['/ecs/DP1/PM/NSIDC-0051.001/1994.01.03/nt_19940103_f11_v1.1_n.bin']
North,1994,1,4,14.168,0, ['/ecs/DP1/PM/NSIDC-0051.001/1994.01.04/nt_19940104_f11_v1.1_n.bin']
North,1994,1,5,14.231,0, ['/ecs/DP1/PM/NSIDC-0051.001/1994.01.05/nt_19940105_f11_v1.1_n.bin']
North,1994,1,6,14.295,0, ['/ecs/DP1/PM/NSIDC-0051.001/1994.01.06/nt_19940106_f11_v1.1_n.bin']
North,1994,1,7,14.381,0, ['/ecs/DP1/PM/NSIDC-0051.001/1994.01.07/nt_19940107_f11_v1.1_n.bin']
North,1994,1,8,14.322,0, ['/ecs/DP1/PM/NSIDC-0051.001/1994.01.08/nt_19940108_f11_v1.1_n.bin']
North,1994,1,9,14.397,0, ['/ecs/DP1/PM/NSIDC-0051.001/1994.01.09/nt_19940109_f11_v1.1_n.bin']
North,1994,1,10,14.476,0, ['/ecs/DP1/PM/NSIDC-0051.001/1994.01.10/nt_19940110_f11_v1.1_n.bin']
North,1994,1,11,14.515,0, ['/ecs/DP1/PM/NSIDC-0051.001/1994.01.11/nt_19940111_f11_v1.1_n.bin']
North,1994,1,12,14.58,0, ['/ecs/DP1/PM/NSIDC-0051.001/1994.01.12/nt_19940112_f11_v1.1_n.bin']
North,1994,1,13,14.595,0, ['/ecs/DP1/PM/NSIDC-0051.001/1994.01.13/nt_19940113_f11_v1.1_n.bin']
North,1994,1,14,14.617,0, ['/ecs/DP1/PM/NSIDC-0051.001/1994.01.14/nt_19940114_f11_v1.1_n.bin']
North,1994,1,15,14.685,0, ['/ecs/DP1/PM/NSIDC-0051.001/1994.01.15/nt_19940115_f11_v1.1_n.bin']
North,1994,1,16,14.757,0, ['/ecs/DP1/PM/NSIDC-0051.001/1994.01.16/nt_19940116_f11_v1.1_n.bin']
North,1994,1,17,14.807,0, ['/ecs/DP1/PM/NSIDC-0051.001/1994.01.17/nt_19940117_f11_v1.1_n.bin']
North,1994,1,18,14.895,0, ['/ecs/DP1/PM/NSIDC-0051.001/1994.01.18/nt_19940118_f11_v1.1_n.bin']
North,1994,1,19,14.865,0, ['/ecs/DP1/PM/NSIDC-0051.001/1994.01.19/nt_19940119_f11_v1.1_n.bin']
North,1994,1,20,14.894,0, ['/ecs/DP1/PM/NSIDC-0051.001/1994.01.20/nt_19940120_f11_v1.1_n.bin']
North,1994,1,21,14.948,0, ['/ecs/DP1/PM/NSIDC-0051.001/1994.01.21/nt_19940121_f11_v1.1_n.bin']
North,1994,1,22,14.933,0, ['/ecs/DP1/PM/NSIDC-0051.001/1994.01.22/nt_19940122_f11_v1.1_n.bin']
North,1994,1,23,15.021,0, ['/ecs/DP1/PM/NSIDC-0051.001/1994.01.23/nt_19940123_f11_v1.1_n.bin']
North,1994,1,24,15.054,0, ['/ecs/DP1/PM/NSIDC-0051.001/1994.01.24/nt_19940124_f11_v1.1_n.bin']
North,1994,1,25,15.089,0, ['/ecs/DP1/PM/NSIDC-0051.001/1994.01.25/nt_19940125_f11_v1.1_n.bin']
North,1994,1,26,15.141,0, ['/ecs/DP1/PM/NSIDC-0051.001/1994.01.26/nt_19940126_f11_v1.1_n.bin']
North,1994,1,27,15.255,0, ['/ecs/DP1/PM/NSIDC-0051.001/1994.01.27/nt_19940127_f11_v1.1_n.bin']
North,1994,1,28,15.299,0, ['/ecs/DP1/PM/NSIDC-0051.001/1994.01.28/nt_19940128_f11_v1.1_n.bin']
North,1994,1,29,15.359,0, ['/ecs/DP1/PM/NSIDC-0051.001/1994.01.29/nt_19940129_f11_v1.1_n.bin']
North,1994,1,30,15.4,0, ['/ecs/DP1/PM/NSIDC-0051.001/1994.01.30/nt_19940130_f11_v1.1_n.bin']
North,1994,1,31,15.397,0, ['/ecs/DP1/PM/NSIDC-0051.001/1994.01.31/nt_19940131_f11_v1.1_n.bin']
North,1994,2,1,15.409,0, ['/ecs/DP1/PM/NSIDC-0051.001/1994.02.01/nt_19940201_f11_v1.1_n.bin']
North,1994,2,2,15.42,0, ['/ecs/DP1/PM/NSIDC-0051.001/1994.02.02/nt_19940202_f11_v1.1_n.bin']
North,1994,2,3,15.438,0, ['/ecs/DP1/PM/NSIDC-0051.001/1994.02.03/nt_19940203_f11_v1.1_n.bin']
North,1994,2,4,15.429,0, ['/ecs/DP1/PM/NSIDC-0051.001/1994.02.04/nt_19940204_f11_v1.1_n.bin']
North,1994,2,5,15.479,0, ['/ecs/DP1/PM/NSIDC-0051.001/1994.02.05/nt_19940205_f11_v1.1_n.bin']
North,1994,2,6,15.515,0, ['/ecs/DP1/PM/NSIDC-0051.001/1994.02.06/nt_19940206_f11_v1.1_n.bin']
North,1994,2,7,15.474,0, ['/ecs/DP1/PM/NSIDC-0051.001/1994.02.07/nt_19940207_f11_v1.1_n.bin']
North,1994,2,8,15.521,0, ['/ecs/DP1/PM/NSIDC-0051.001/1994.02.08/nt_19940208_f11_v1.1_n.bin']
North,1994,2,9,15.46,0, ['/ecs/DP1/PM/NSIDC-0051.001/1994.02.09/nt_19940209_f11_v1.1_n.bin']
North,1994,2,10,15.525,0, ['/ecs/DP1/PM/NSIDC-0051.001/1994.02.10/nt_19940210_f11_v1.1_n.bin']
North,1994,2,11,15.539,0, ['/ecs/DP1/PM/NSIDC-0051.001/1994.02.11/nt_19940211_f11_v1.1_n.bin']
North,1994,2,12,15.541,0, ['/ecs/DP1/PM/NSIDC-0051.001/1994.02.12/nt_19940212_f11_v1.1_n.bin']
North,1994,2,13,15.549,0, ['/ecs/DP1/PM/NSIDC-0051.001/1994.02.13/nt_19940213_f11_v1.1_n.bin']
North,1994,2,14,15.579,0, ['/ecs/DP1/PM/NSIDC-0051.001/1994.02.14/nt_19940214_f11_v1.1_n.bin']
North,1994,2,15,15.492,0, ['/ecs/DP1/PM/NSIDC-0051.001/1994.02.15/nt_19940215_f11_v1.1_n.bin']
North,1994,2,16,15.507,0, ['/ecs/DP1/PM/NSIDC-0051.001/1994.02.16/nt_19940216_f11_v1.1_n.bin']
North,1994,2,17,15.549,0, ['/ecs/DP1/PM/NSIDC-0051.001/1994.02.17/nt_19940217_f11_v1.1_n.bin']
North,1994,2,18,15.581,0, ['/ecs/DP1/PM/NSIDC-0051.001/1994.02.18/nt_19940218_f11_v1.1_n.bin']
North,1994,2,19,15.624,0, ['/ecs/DP1/PM/NSIDC-0051.001/1994.02.19/nt_19940219_f11_v1.1_n.bin']
North,1994,2,20,15.701,0, ['/ecs/DP1/PM/NSIDC-0051.001/1994.02.20/nt_19940220_f11_v1.1_n.bin']
North,1994,2,21,15.77,0, ['/ecs/DP1/PM/NSIDC-0051.001/1994.02.21/nt_19940221_f11_v1.1_n.bin']
North,1994,2,22,15.738,0, ['/ecs/DP1/PM/NSIDC-0051.001/1994.02.22/nt_19940222_f11_v1.1_n.bin']
North,1994,2,23,15.686,0, ['/ecs/DP1/PM/NSIDC-0051.001/1994.02.23/nt_19940223_f11_v1.1_n.bin']
North,1994,2,24,15.682,0, ['/ecs/DP1/PM/NSIDC-0051.001/1994.02.24/nt_19940224_f11_v1.1_n.bin']
North,1994,2,25,15.613,0, ['/ecs/DP1/PM/NSIDC-0051.001/1994.02.25/nt_19940225_f11_v1.1_n.bin']
North,1994,2,26,15.592,0, ['/ecs/DP1/PM/NSIDC-0051.001/1994.02.26/nt_19940226_f11_v1.1_n.bin']
North,1994,2,27,15.641,0, ['/ecs/DP1/PM/NSIDC-0051.001/1994.02.27/nt_19940227_f11_v1.1_n.bin']
North,1994,2,28,15.679,0, ['/ecs/DP1/PM/NSIDC-0051.001/1994.02.28/nt_19940228_f11_v1.1_n.bin']
North,1994,3,1,15.675,0, ['/ecs/DP1/PM/NSIDC-0051.001/1994.03.01/nt_19940301_f11_v1.1_n.bin']
North,1994,3,2,15.765,0, ['/ecs/DP1/PM/NSIDC-0051.001/1994.03.02/nt_19940302_f11_v1.1_n.bin']
North,1994,3,3,15.729,0, ['/ecs/DP1/PM/NSIDC-0051.001/1994.03.03/nt_19940303_f11_v1.1_n.bin']
North,1994,3,4,15.735,0, ['/ecs/DP1/PM/NSIDC-0051.001/1994.03.04/nt_19940304_f11_v1.1_n.bin']
North,1994,3,5,15.711,0, ['/ecs/DP1/PM/NSIDC-0051.001/1994.03.05/nt_19940305_f11_v1.1_n.bin']
North,1994,3,6,15.658,0, ['/ecs/DP1/PM/NSIDC-0051.001/1994.03.06/nt_19940306_f11_v1.1_n.bin']
North,1994,3,7,15.634,0, ['/ecs/DP1/PM/NSIDC-0051.001/1994.03.07/nt_19940307_f11_v1.1_n.bin']
North,1994,3,8,15.601,0, ['/ecs/DP1/PM/NSIDC-0051.001/1994.03.08/nt_19940308_f11_v1.1_n.bin']
North,1994,3,9,15.491,0, ['/ecs/DP1/PM/NSIDC-0051.001/1994.03.09/nt_19940309_f11_v1.1_n.bin']
North,1994,3,10,15.502,0, ['/ecs/DP1/PM/NSIDC-0051.001/1994.03.10/nt_19940310_f11_v1.1_n.bin']
North,1994,3,11,15.55,0, ['/ecs/DP1/PM/NSIDC-0051.001/1994.03.11/nt_19940311_f11_v1.1_n.bin']
North,1994,3,12,15.521,0, ['/ecs/DP1/PM/NSIDC-0051.001/1994.03.12/nt_19940312_f11_v1.1_n.bin']
North,1994,3,13,15.559,0, ['/ecs/DP1/PM/NSIDC-0051.001/1994.03.13/nt_19940313_f11_v1.1_n.bin']
North,1994,3,14,15.589,0, ['/ecs/DP1/PM/NSIDC-0051.001/1994.03.14/nt_19940314_f11_v1.1_n.bin']
North,1994,3,15,15.607,0, ['/ecs/DP1/PM/NSIDC-0051.001/1994.03.15/nt_19940315_f11_v1.1_n.bin']
North,1994,3,16,15.562,0, ['/ecs/DP1/PM/NSIDC-0051.001/1994.03.16/nt_19940316_f11_v1.1_n.bin']
North,1994,3,17,15.498,0, ['/ecs/DP1/PM/NSIDC-0051.001/1994.03.17/nt_19940317_f11_v1.1_n.bin']
North,1994,3,18,15.475,0, ['/ecs/DP1/PM/NSIDC-0051.001/1994.03.18/nt_19940318_f11_v1.1_n.bin']
North,1994,3,19,15.45,0, ['/ecs/DP1/PM/NSIDC-0051.001/1994.03.19/nt_19940319_f11_v1.1_n.bin']
North,1994,3,20,15.368,0, ['/ecs/DP1/PM/NSIDC-0051.001/1994.03.20/nt_19940320_f11_v1.1_n.bin']
North,1994,3,21,15.399,0, ['/ecs/DP1/PM/NSIDC-0051.001/1994.03.21/nt_19940321_f11_v1.1_n.bin']
North,1994,3,22,15.399,0, ['/ecs/DP1/PM/NSIDC-0051.001/1994.03.22/nt_19940322_f11_v1.1_n.bin']
North,1994,3,23,15.502,0, ['/ecs/DP1/PM/NSIDC-0051.001/1994.03.23/nt_19940323_f11_v1.1_n.bin']
North,1994,3,24,15.543,0, ['/ecs/DP1/PM/NSIDC-0051.001/1994.03.24/nt_19940324_f11_v1.1_n.bin']
North,1994,3,25,15.494,0, ['/ecs/DP1/PM/NSIDC-0051.001/1994.03.25/nt_19940325_f11_v1.1_n.bin']
North,1994,3,26,15.523,0, ['/ecs/DP1/PM/NSIDC-0051.001/1994.03.26/nt_19940326_f11_v1.1_n.bin']
North,1994,3,27,15.553,0, ['/ecs/DP1/PM/NSIDC-0051.001/1994.03.27/nt_19940327_f11_v1.1_n.bin']
North,1994,3,28,15.555,0, ['/ecs/DP1/PM/NSIDC-0051.001/1994.03.28/nt_19940328_f11_v1.1_n.bin']
North,1994,3,29,15.551,0, ['/ecs/DP1/PM/NSIDC-0051.001/1994.03.29/nt_19940329_f11_v1.1_n.bin']
North,1994,3,30,15.485,0, ['/ecs/DP1/PM/NSIDC-0051.001/1994.03.30/nt_19940330_f11_v1.1_n.bin']
North,1994,3,31,15.478,0, ['/ecs/DP1/PM/NSIDC-0051.001/1994.03.31/nt_19940331_f11_v1.1_n.bin']
North,1994,4,1,15.47,0, ['/ecs/DP1/PM/NSIDC-0051.001/1994.04.01/nt_19940401_f11_v1.1_n.bin']
North,1994,4,2,15.357,0, ['/ecs/DP1/PM/NSIDC-0051.001/1994.04.02/nt_19940402_f11_v1.1_n.bin']
North,1994,4,3,15.307,0, ['/ecs/DP1/PM/NSIDC-0051.001/1994.04.03/nt_19940403_f11_v1.1_n.bin']
North,1994,4,4,15.241,0, ['/ecs/DP1/PM/NSIDC-0051.001/1994.04.04/nt_19940404_f11_v1.1_n.bin']
North,1994,4,5,15.146,0, ['/ecs/DP1/PM/NSIDC-0051.001/1994.04.05/nt_19940405_f11_v1.1_n.bin']
North,1994,4,6,15.142,0, ['/ecs/DP1/PM/NSIDC-0051.001/1994.04.06/nt_19940406_f11_v1.1_n.bin']
North,1994,4,7,15.095,0, ['/ecs/DP1/PM/NSIDC-0051.001/1994.04.07/nt_19940407_f11_v1.1_n.bin']
North,1994,4,8,15.076,0, ['/ecs/DP1/PM/NSIDC-0051.001/1994.04.08/nt_19940408_f11_v1.1_n.bin']
North,1994,4,9,15.088,0, ['/ecs/DP1/PM/NSIDC-0051.001/1994.04.09/nt_19940409_f11_v1.1_n.bin']
North,1994,4,10,15.116,0, ['/ecs/DP1/PM/NSIDC-0051.001/1994.04.10/nt_19940410_f11_v1.1_n.bin']
North,1994,4,11,15.052,0, ['/ecs/DP1/PM/NSIDC-0051.001/1994.04.11/nt_19940411_f11_v1.1_n.bin']
North,1994,4,12,14.997,0, ['/ecs/DP1/PM/NSIDC-0051.001/1994.04.12/nt_19940412_f11_v1.1_n.bin']
North,1994,4,13,15.004,0, ['/ecs/DP1/PM/NSIDC-0051.001/1994.04.13/nt_19940413_f11_v1.1_n.bin']
North,1994,4,14,14.962,0, ['/ecs/DP1/PM/NSIDC-0051.001/1994.04.14/nt_19940414_f11_v1.1_n.bin']
North,1994,4,15,14.89,0, ['/ecs/DP1/PM/NSIDC-0051.001/1994.04.15/nt_19940415_f11_v1.1_n.bin']
North,1994,4,16,14.839,0, ['/ecs/DP1/PM/NSIDC-0051.001/1994.04.16/nt_19940416_f11_v1.1_n.bin']
North,1994,4,17,14.78,0, ['/ecs/DP1/PM/NSIDC-0051.001/1994.04.17/nt_19940417_f11_v1.1_n.bin']
North,1994,4,18,14.792,0, ['/ecs/DP1/PM/NSIDC-0051.001/1994.04.18/nt_19940418_f11_v1.1_n.bin']
North,1994,4,19,14.754,0, ['/ecs/DP1/PM/NSIDC-0051.001/1994.04.19/nt_19940419_f11_v1.1_n.bin']
North,1994,4,20,14.776,0, ['/ecs/DP1/PM/NSIDC-0051.001/1994.04.20/nt_19940420_f11_v1.1_n.bin']
North,1994,4,21,14.773,0, ['/ecs/DP1/PM/NSIDC-0051.001/1994.04.21/nt_19940421_f11_v1.1_n.bin']
North,1994,4,22,14.65,0, ['/ecs/DP1/PM/NSIDC-0051.001/1994.04.22/nt_19940422_f11_v1.1_n.bin']
North,1994,4,23,14.634,0, ['/ecs/DP1/PM/NSIDC-0051.001/1994.04.23/nt_19940423_f11_v1.1_n.bin']
North,1994,4,24,14.632,0, ['/ecs/DP1/PM/NSIDC-0051.001/1994.04.24/nt_19940424_f11_v1.1_n.bin']
North,1994,4,25,14.618,0, ['/ecs/DP1/PM/NSIDC-0051.001/1994.04.25/nt_19940425_f11_v1.1_n.bin']
North,1994,4,26,14.635,0, ['/ecs/DP1/PM/NSIDC-0051.001/1994.04.26/nt_19940426_f11_v1.1_n.bin']
North,1994,4,27,14.578,0, ['/ecs/DP1/PM/NSIDC-0051.001/1994.04.27/nt_19940427_f11_v1.1_n.bin']
North,1994,4,28,14.519,0, ['/ecs/DP1/PM/NSIDC-0051.001/1994.04.28/nt_19940428_f11_v1.1_n.bin']
North,1994,4,29,14.418,0, ['/ecs/DP1/PM/NSIDC-0051.001/1994.04.29/nt_19940429_f11_v1.1_n.bin']
North,1994,4,30,14.3,0, ['/ecs/DP1/PM/NSIDC-0051.001/1994.04.30/nt_19940430_f11_v1.1_n.bin']
North,1994,5,1,14.126,0, ['/ecs/DP1/PM/NSIDC-0051.001/1994.05.01/nt_19940501_f11_v1.1_n.bin']
North,1994,5,2,14.187,0, ['/ecs/DP1/PM/NSIDC-0051.001/1994.05.02/nt_19940502_f11_v1.1_n.bin']
North,1994,5,3,14.147,0, ['/ecs/DP1/PM/NSIDC-0051.001/1994.05.03/nt_19940503_f11_v1.1_n.bin']
North,1994,5,4,14.099,0, ['/ecs/DP1/PM/NSIDC-0051.001/1994.05.04/nt_19940504_f11_v1.1_n.bin']
North,1994,5,5,14.105,0, ['/ecs/DP1/PM/NSIDC-0051.001/1994.05.05/nt_19940505_f11_v1.1_n.bin']
North,1994,5,6,14.123,0, ['/ecs/DP1/PM/NSIDC-0051.001/1994.05.06/nt_19940506_f11_v1.1_n.bin']
North,1994,5,7,14.028,0, ['/ecs/DP1/PM/NSIDC-0051.001/1994.05.07/nt_19940507_f11_v1.1_n.bin']
North,1994,5,8,13.941,0, ['/ecs/DP1/PM/NSIDC-0051.001/1994.05.08/nt_19940508_f11_v1.1_n.bin']
North,1994,5,9,13.91,0, ['/ecs/DP1/PM/NSIDC-0051.001/1994.05.09/nt_19940509_f11_v1.1_n.bin']
North,1994,5,10,13.906,0, ['/ecs/DP1/PM/NSIDC-0051.001/1994.05.10/nt_19940510_f11_v1.1_n.bin']
North,1994,5,11,13.871,0, ['/ecs/DP1/PM/NSIDC-0051.001/1994.05.11/nt_19940511_f11_v1.1_n.bin']
North,1994,5,12,13.842,0, ['/ecs/DP1/PM/NSIDC-0051.001/1994.05.12/nt_19940512_f11_v1.1_n.bin']
North,1994,5,13,13.804,0, ['/ecs/DP1/PM/NSIDC-0051.001/1994.05.13/nt_19940513_f11_v1.1_n.bin']
North,1994,5,14,13.782,0, ['/ecs/DP1/PM/NSIDC-0051.001/1994.05.14/nt_19940514_f11_v1.1_n.bin']
North,1994,5,15,13.707,0, ['/ecs/DP1/PM/NSIDC-0051.001/1994.05.15/nt_19940515_f11_v1.1_n.bin']
North,1994,5,16,13.668,0, ['/ecs/DP1/PM/NSIDC-0051.001/1994.05.16/nt_19940516_f11_v1.1_n.bin']
North,1994,5,17,13.655,0, ['/ecs/DP1/PM/NSIDC-0051.001/1994.05.17/nt_19940517_f11_v1.1_n.bin']
North,1994,5,18,13.61,0, ['/ecs/DP1/PM/NSIDC-0051.001/1994.05.18/nt_19940518_f11_v1.1_n.bin']
North,1994,5,19,13.517,0, ['/ecs/DP1/PM/NSIDC-0051.001/1994.05.19/nt_19940519_f11_v1.1_n.bin']
North,1994,5,20,13.502,0, ['/ecs/DP1/PM/NSIDC-0051.001/1994.05.20/nt_19940520_f11_v1.1_n.bin']
North,1994,5,21,13.461,0, ['/ecs/DP1/PM/NSIDC-0051.001/1994.05.21/nt_19940521_f11_v1.1_n.bin']
North,1994,5,22,13.384,0, ['/ecs/DP1/PM/NSIDC-0051.001/1994.05.22/nt_19940522_f11_v1.1_n.bin']
North,1994,5,23,13.296,0, ['/ecs/DP1/PM/NSIDC-0051.001/1994.05.23/nt_19940523_f11_v1.1_n.bin']
North,1994,5,24,13.188,0, ['/ecs/DP1/PM/NSIDC-0051.001/1994.05.24/nt_19940524_f11_v1.1_n.bin']
North,1994,5,25,13.157,0, ['/ecs/DP1/PM/NSIDC-0051.001/1994.05.25/nt_19940525_f11_v1.1_n.bin']
North,1994,5,26,13.127,0, ['/ecs/DP1/PM/NSIDC-0051.001/1994.05.26/nt_19940526_f11_v1.1_n.bin']
North,1994,5,27,13.11,0, ['/ecs/DP1/PM/NSIDC-0051.001/1994.05.27/nt_19940527_f11_v1.1_n.bin']
North,1994,5,28,13.112,0, ['/ecs/DP1/PM/NSIDC-0051.001/1994.05.28/nt_19940528_f11_v1.1_n.bin']
North,1994,5,29,13.039,0, ['/ecs/DP1/PM/NSIDC-0051.001/1994.05.29/nt_19940529_f11_v1.1_n.bin']
North,1994,5,30,12.985,0, ['/ecs/DP1/PM/NSIDC-0051.001/1994.05.30/nt_19940530_f11_v1.1_n.bin']
North,1994,5,31,12.967,0, ['/ecs/DP1/PM/NSIDC-0051.001/1994.05.31/nt_19940531_f11_v1.1_n.bin']
North,1994,6,1,12.779,0, ['/ecs/DP1/PM/NSIDC-0051.001/1994.06.01/nt_19940601_f11_v1.1_n.bin']
North,1994,6,2,12.696,0, ['/ecs/DP1/PM/NSIDC-0051.001/1994.06.02/nt_19940602_f11_v1.1_n.bin']
North,1994,6,3,12.599,0, ['/ecs/DP1/PM/NSIDC-0051.001/1994.06.03/nt_19940603_f11_v1.1_n.bin']
North,1994,6,4,12.575,0, ['/ecs/DP1/PM/NSIDC-0051.001/1994.06.04/nt_19940604_f11_v1.1_n.bin']
North,1994,6,5,12.543,0, ['/ecs/DP1/PM/NSIDC-0051.001/1994.06.05/nt_19940605_f11_v1.1_n.bin']
North,1994,6,6,12.52,0, ['/ecs/DP1/PM/NSIDC-0051.001/1994.06.06/nt_19940606_f11_v1.1_n.bin']
North,1994,6,7,12.487,0, ['/ecs/DP1/PM/NSIDC-0051.001/1994.06.07/nt_19940607_f11_v1.1_n.bin']
North,1994,6,8,12.383,0, ['/ecs/DP1/PM/NSIDC-0051.001/1994.06.08/nt_19940608_f11_v1.1_n.bin']
North,1994,6,9,12.301,0, ['/ecs/DP1/PM/NSIDC-0051.001/1994.06.09/nt_19940609_f11_v1.1_n.bin']
North,1994,6,10,12.295,0, ['/ecs/DP1/PM/NSIDC-0051.001/1994.06.10/nt_19940610_f11_v1.1_n.bin']
North,1994,6,11,12.304,0, ['/ecs/DP1/PM/NSIDC-0051.001/1994.06.11/nt_19940611_f11_v1.1_n.bin']
North,1994,6,12,12.239,0, ['/ecs/DP1/PM/NSIDC-0051.001/1994.06.12/nt_19940612_f11_v1.1_n.bin']
North,1994,6,13,12.133,0, ['/ecs/DP1/PM/NSIDC-0051.001/1994.06.13/nt_19940613_f11_v1.1_n.bin']
North,1994,6,14,12.137,0, ['/ecs/DP1/PM/NSIDC-0051.001/1994.06.14/nt_19940614_f11_v1.1_n.bin']
North,1994,6,15,12.066,0, ['/ecs/DP1/PM/NSIDC-0051.001/1994.06.15/nt_19940615_f11_v1.1_n.bin']
North,1994,6,16,11.968,0, ['/ecs/DP1/PM/NSIDC-0051.001/1994.06.16/nt_19940616_f11_v1.1_n.bin']
North,1994,6,17,11.911,0, ['/ecs/DP1/PM/NSIDC-0051.001/1994.06.17/nt_19940617_f11_v1.1_n.bin']
North,1994,6,18,11.896,0, ['/ecs/DP1/PM/NSIDC-0051.001/1994.06.18/nt_19940618_f11_v1.1_n.bin']
North,1994,6,19,11.826,0, ['/ecs/DP1/PM/NSIDC-0051.001/1994.06.19/nt_19940619_f11_v1.1_n.bin']
North,1994,6,20,11.777,0, ['/ecs/DP1/PM/NSIDC-0051.001/1994.06.20/nt_19940620_f11_v1.1_n.bin']
North,1994,6,21,11.743,0, ['/ecs/DP1/PM/NSIDC-0051.001/1994.06.21/nt_19940621_f11_v1.1_n.bin']
North,1994,6,22,11.68,0, ['/ecs/DP1/PM/NSIDC-0051.001/1994.06.22/nt_19940622_f11_v1.1_n.bin']
North,1994,6,23,11.704,0, ['/ecs/DP1/PM/NSIDC-0051.001/1994.06.23/nt_19940623_f11_v1.1_n.bin']
North,1994,6,24,11.626,0, ['/ecs/DP1/PM/NSIDC-0051.001/1994.06.24/nt_19940624_f11_v1.1_n.bin']
North,1994,6,25,11.507,0, ['/ecs/DP1/PM/NSIDC-0051.001/1994.06.25/nt_19940625_f11_v1.1_n.bin']
North,1994,6,26,11.442,0, ['/ecs/DP1/PM/NSIDC-0051.001/1994.06.26/nt_19940626_f11_v1.1_n.bin']
North,1994,6,27,11.426,0, ['/ecs/DP1/PM/NSIDC-0051.001/1994.06.27/nt_19940627_f11_v1.1_n.bin']
North,1994,6,28,11.356,0, ['/ecs/DP1/PM/NSIDC-0051.001/1994.06.28/nt_19940628_f11_v1.1_n.bin']
North,1994,6,29,11.341,0, ['/ecs/DP1/PM/NSIDC-0051.001/1994.06.29/nt_19940629_f11_v1.1_n.bin']
North,1994,6,30,11.232,0, ['/ecs/DP1/PM/NSIDC-0051.001/1994.06.30/nt_19940630_f11_v1.1_n.bin']
North,1994,7,1,11.091,0, ['/ecs/DP1/PM/NSIDC-0051.001/1994.07.01/nt_19940701_f11_v1.1_n.bin']
North,1994,7,2,11,0, ['/ecs/DP1/PM/NSIDC-0051.001/1994.07.02/nt_19940702_f11_v1.1_n.bin']
North,1994,7,3,10.94,0, ['/ecs/DP1/PM/NSIDC-0051.001/1994.07.03/nt_19940703_f11_v1.1_n.bin']
North,1994,7,4,10.905,0, ['/ecs/DP1/PM/NSIDC-0051.001/1994.07.04/nt_19940704_f11_v1.1_n.bin']
North,1994,7,5,10.869,0, ['/ecs/DP1/PM/NSIDC-0051.001/1994.07.05/nt_19940705_f11_v1.1_n.bin']
North,1994,7,6,10.844,0, ['/ecs/DP1/PM/NSIDC-0051.001/1994.07.06/nt_19940706_f11_v1.1_n.bin']
North,1994,7,7,10.737,0, ['/ecs/DP1/PM/NSIDC-0051.001/1994.07.07/nt_19940707_f11_v1.1_n.bin']
North,1994,7,8,10.719,0, ['/ecs/DP1/PM/NSIDC-0051.001/1994.07.08/nt_19940708_f11_v1.1_n.bin']
North,1994,7,9,10.578,0, ['/ecs/DP1/PM/NSIDC-0051.001/1994.07.09/nt_19940709_f11_v1.1_n.bin']
North,1994,7,10,10.498,0, ['/ecs/DP1/PM/NSIDC-0051.001/1994.07.10/nt_19940710_f11_v1.1_n.bin']
North,1994,7,11,10.441,0, ['/ecs/DP1/PM/NSIDC-0051.001/1994.07.11/nt_19940711_f11_v1.1_n.bin']
North,1994,7,12,10.402,0, ['/ecs/DP1/PM/NSIDC-0051.001/1994.07.12/nt_19940712_f11_v1.1_n.bin']
North,1994,7,13,10.304,0, ['/ecs/DP1/PM/NSIDC-0051.001/1994.07.13/nt_19940713_f11_v1.1_n.bin']
North,1994,7,14,10.157,0, ['/ecs/DP1/PM/NSIDC-0051.001/1994.07.14/nt_19940714_f11_v1.1_n.bin']
North,1994,7,15,10.013,0, ['/ecs/DP1/PM/NSIDC-0051.001/1994.07.15/nt_19940715_f11_v1.1_n.bin']
North,1994,7,16,9.955,0, ['/ecs/DP1/PM/NSIDC-0051.001/1994.07.16/nt_19940716_f11_v1.1_n.bin']
North,1994,7,17,9.821,0, ['/ecs/DP1/PM/NSIDC-0051.001/1994.07.17/nt_19940717_f11_v1.1_n.bin']
North,1994,7,18,9.761,0, ['/ecs/DP1/PM/NSIDC-0051.001/1994.07.18/nt_19940718_f11_v1.1_n.bin']
North,1994,7,19,9.658,0, ['/ecs/DP1/PM/NSIDC-0051.001/1994.07.19/nt_19940719_f11_v1.1_n.bin']
North,1994,7,20,9.534,0, ['/ecs/DP1/PM/NSIDC-0051.001/1994.07.20/nt_19940720_f11_v1.1_n.bin']
North,1994,7,21,9.379,0, ['/ecs/DP1/PM/NSIDC-0051.001/1994.07.21/nt_19940721_f11_v1.1_n.bin']
North,1994,7,22,9.273,0, ['/ecs/DP1/PM/NSIDC-0051.001/1994.07.22/nt_19940722_f11_v1.1_n.bin']
North,1994,7,23,9.268,0, ['/ecs/DP1/PM/NSIDC-0051.001/1994.07.23/nt_19940723_f11_v1.1_n.bin']
North,1994,7,24,9.218,0, ['/ecs/DP1/PM/NSIDC-0051.001/1994.07.24/nt_19940724_f11_v1.1_n.bin']
North,1994,7,25,9.104,0, ['/ecs/DP1/PM/NSIDC-0051.001/1994.07.25/nt_19940725_f11_v1.1_n.bin']
North,1994,7,26,9.08,0, ['/ecs/DP1/PM/NSIDC-0051.001/1994.07.26/nt_19940726_f11_v1.1_n.bin']
North,1994,7,27,9.007,0, ['/ecs/DP1/PM/NSIDC-0051.001/1994.07.27/nt_19940727_f11_v1.1_n.bin']
North,1994,7,28,8.937,0, ['/ecs/DP1/PM/NSIDC-0051.001/1994.07.28/nt_19940728_f11_v1.1_n.bin']
North,1994,7,29,8.824,0, ['/ecs/DP1/PM/NSIDC-0051.001/1994.07.29/nt_19940729_f11_v1.1_n.bin']
North,1994,7,30,8.734,0, ['/ecs/DP1/PM/NSIDC-0051.001/1994.07.30/nt_19940730_f11_v1.1_n.bin']
North,1994,7,31,8.629,0, ['/ecs/DP1/PM/NSIDC-0051.001/1994.07.31/nt_19940731_f11_v1.1_n.bin']
North,1994,8,1,8.505,0, ['/ecs/DP1/PM/NSIDC-0051.001/1994.08.01/nt_19940801_f11_v1.1_n.bin']
North,1994,8,2,8.377,0, ['/ecs/DP1/PM/NSIDC-0051.001/1994.08.02/nt_19940802_f11_v1.1_n.bin']
North,1994,8,3,8.37,0, ['/ecs/DP1/PM/NSIDC-0051.001/1994.08.03/nt_19940803_f11_v1.1_n.bin']
North,1994,8,4,8.344,0, ['/ecs/DP1/PM/NSIDC-0051.001/1994.08.04/nt_19940804_f11_v1.1_n.bin']
North,1994,8,5,8.229,0, ['/ecs/DP1/PM/NSIDC-0051.001/1994.08.05/nt_19940805_f11_v1.1_n.bin']
North,1994,8,6,8.209,0, ['/ecs/DP1/PM/NSIDC-0051.001/1994.08.06/nt_19940806_f11_v1.1_n.bin']
North,1994,8,7,8.089,0, ['/ecs/DP1/PM/NSIDC-0051.001/1994.08.07/nt_19940807_f11_v1.1_n.bin']
North,1994,8,8,7.956,0, ['/ecs/DP1/PM/NSIDC-0051.001/1994.08.08/nt_19940808_f11_v1.1_n.bin']
North,1994,8,9,7.912,0, ['/ecs/DP1/PM/NSIDC-0051.001/1994.08.09/nt_19940809_f11_v1.1_n.bin']
North,1994,8,10,7.816,0, ['/ecs/DP1/PM/NSIDC-0051.001/1994.08.10/nt_19940810_f11_v1.1_n.bin']
North,1994,8,11,7.724,0, ['/ecs/DP1/PM/NSIDC-0051.001/1994.08.11/nt_19940811_f11_v1.1_n.bin']
North,1994,8,12,7.709,0, ['/ecs/DP1/PM/NSIDC-0051.001/1994.08.12/nt_19940812_f11_v1.1_n.bin']
North,1994,8,13,7.627,0, ['/ecs/DP1/PM/NSIDC-0051.001/1994.08.13/nt_19940813_f11_v1.1_n.bin']
North,1994,8,14,7.545,0, ['/ecs/DP1/PM/NSIDC-0051.001/1994.08.14/nt_19940814_f11_v1.1_n.bin']
North,1994,8,15,7.588,0, ['/ecs/DP1/PM/NSIDC-0051.001/1994.08.15/nt_19940815_f11_v1.1_n.bin']
North,1994,8,16,7.533,0, ['/ecs/DP1/PM/NSIDC-0051.001/1994.08.16/nt_19940816_f11_v1.1_n.bin']
North,1994,8,17,7.428,0, ['/ecs/DP1/PM/NSIDC-0051.001/1994.08.17/nt_19940817_f11_v1.1_n.bin']
North,1994,8,18,7.381,0, ['/ecs/DP1/PM/NSIDC-0051.001/1994.08.18/nt_19940818_f11_v1.1_n.bin']
North,1994,8,19,7.446,0, ['/ecs/DP1/PM/NSIDC-0051.001/1994.08.19/nt_19940819_f11_v1.1_n.bin']
North,1994,8,20,7.367,0, ['/ecs/DP1/PM/NSIDC-0051.001/1994.08.20/nt_19940820_f11_v1.1_n.bin']
North,1994,8,21,7.272,0, ['/ecs/DP1/PM/NSIDC-0051.001/1994.08.21/nt_19940821_f11_v1.1_n.bin']
North,1994,8,22,7.339,0, ['/ecs/DP1/PM/NSIDC-0051.001/1994.08.22/nt_19940822_f11_v1.1_n.bin']
North,1994,8,23,7.334,0, ['/ecs/DP1/PM/NSIDC-0051.001/1994.08.23/nt_19940823_f11_v1.1_n.bin']
North,1994,8,24,7.273,0, ['/ecs/DP1/PM/NSIDC-0051.001/1994.08.24/nt_19940824_f11_v1.1_n.bin']
North,1994,8,25,7.282,0, ['/ecs/DP1/PM/NSIDC-0051.001/1994.08.25/nt_19940825_f11_v1.1_n.bin']
North,1994,8,26,7.197,0, ['/ecs/DP1/PM/NSIDC-0051.001/1994.08.26/nt_19940826_f11_v1.1_n.bin']
North,1994,8,27,7.24,0, ['/ecs/DP1/PM/NSIDC-0051.001/1994.08.27/nt_19940827_f11_v1.1_n.bin']
North,1994,8,28,7.242,0, ['/ecs/DP1/PM/NSIDC-0051.001/1994.08.28/nt_19940828_f11_v1.1_n.bin']
North,1994,8,29,7.258,0, ['/ecs/DP1/PM/NSIDC-0051.001/1994.08.29/nt_19940829_f11_v1.1_n.bin']
North,1994,8,30,7.161,0, ['/ecs/DP1/PM/NSIDC-0051.001/1994.08.30/nt_19940830_f11_v1.1_n.bin']
North,1994,8,31,7.065,0, ['/ecs/DP1/PM/NSIDC-0051.001/1994.08.31/nt_19940831_f11_v1.1_n.bin']
North,1994,9,1,7.072,0, ['/ecs/DP1/PM/NSIDC-0051.001/1994.09.01/nt_19940901_f11_v1.1_n.bin']
North,1994,9,2,7.023,0, ['/ecs/DP1/PM/NSIDC-0051.001/1994.09.02/nt_19940902_f11_v1.1_n.bin']
North,1994,9,3,7.027,0, ['/ecs/DP1/PM/NSIDC-0051.001/1994.09.03/nt_19940903_f11_v1.1_n.bin']
North,1994,9,4,6.946,0, ['/ecs/DP1/PM/NSIDC-0051.001/1994.09.04/nt_19940904_f11_v1.1_n.bin']
North,1994,9,5,6.934,0, ['/ecs/DP1/PM/NSIDC-0051.001/1994.09.05/nt_19940905_f11_v1.1_n.bin']
North,1994,9,6,6.956,0, ['/ecs/DP1/PM/NSIDC-0051.001/1994.09.06/nt_19940906_f11_v1.1_n.bin']
North,1994,9,7,6.995,0, ['/ecs/DP1/PM/NSIDC-0051.001/1994.09.07/nt_19940907_f11_v1.1_n.bin']
North,1994,9,8,6.973,0, ['/ecs/DP1/PM/NSIDC-0051.001/1994.09.08/nt_19940908_f11_v1.1_n.bin']
North,1994,9,9,6.992,0, ['/ecs/DP1/PM/NSIDC-0051.001/1994.09.09/nt_19940909_f11_v1.1_n.bin']
North,1994,9,10,6.938,0, ['/ecs/DP1/PM/NSIDC-0051.001/1994.09.10/nt_19940910_f11_v1.1_n.bin']
North,1994,9,11,6.97,0, ['/ecs/DP1/PM/NSIDC-0051.001/1994.09.11/nt_19940911_f11_v1.1_n.bin']
North,1994,9,12,7.019,0, ['/ecs/DP1/PM/NSIDC-0051.001/1994.09.12/nt_19940912_f11_v1.1_n.bin']
North,1994,9,13,6.945,0, ['/ecs/DP1/PM/NSIDC-0051.001/1994.09.13/nt_19940913_f11_v1.1_n.bin']
North,1994,9,14,6.975,0, ['/ecs/DP1/PM/NSIDC-0051.001/1994.09.14/nt_19940914_f11_v1.1_n.bin']
North,1994,9,15,7.027,0, ['/ecs/DP1/PM/NSIDC-0051.001/1994.09.15/nt_19940915_f11_v1.1_n.bin']
North,1994,9,16,7.145,0, ['/ecs/DP1/PM/NSIDC-0051.001/1994.09.16/nt_19940916_f11_v1.1_n.bin']
North,1994,9,17,7.096,0, ['/ecs/DP1/PM/NSIDC-0051.001/1994.09.17/nt_19940917_f11_v1.1_n.bin']
North,1994,9,18,7.118,0, ['/ecs/DP1/PM/NSIDC-0051.001/1994.09.18/nt_19940918_f11_v1.1_n.bin']
North,1994,9,19,7.139,0, ['/ecs/DP1/PM/NSIDC-0051.001/1994.09.19/nt_19940919_f11_v1.1_n.bin']
North,1994,9,20,7.19,0, ['/ecs/DP1/PM/NSIDC-0051.001/1994.09.20/nt_19940920_f11_v1.1_n.bin']
North,1994,9,21,7.182,0, ['/ecs/DP1/PM/NSIDC-0051.001/1994.09.21/nt_19940921_f11_v1.1_n.bin']
North,1994,9,22,7.185,0, ['/ecs/DP1/PM/NSIDC-0051.001/1994.09.22/nt_19940922_f11_v1.1_n.bin']
North,1994,9,23,7.192,0, ['/ecs/DP1/PM/NSIDC-0051.001/1994.09.23/nt_19940923_f11_v1.1_n.bin']
North,1994,9,24,7.243,0, ['/ecs/DP1/PM/NSIDC-0051.001/1994.09.24/nt_19940924_f11_v1.1_n.bin']
North,1994,9,25,7.303,0, ['/ecs/DP1/PM/NSIDC-0051.001/1994.09.25/nt_19940925_f11_v1.1_n.bin']
North,1994,9,26,7.362,0, ['/ecs/DP1/PM/NSIDC-0051.001/1994.09.26/nt_19940926_f11_v1.1_n.bin']
North,1994,9,27,7.376,0, ['/ecs/DP1/PM/NSIDC-0051.001/1994.09.27/nt_19940927_f11_v1.1_n.bin']
North,1994,9,28,7.427,0, ['/ecs/DP1/PM/NSIDC-0051.001/1994.09.28/nt_19940928_f11_v1.1_n.bin']
North,1994,9,29,7.617,0, ['/ecs/DP1/PM/NSIDC-0051.001/1994.09.29/nt_19940929_f11_v1.1_n.bin']
North,1994,9,30,7.761,0, ['/ecs/DP1/PM/NSIDC-0051.001/1994.09.30/nt_19940930_f11_v1.1_n.bin']
North,1994,10,1,7.894,0, ['/ecs/DP1/PM/NSIDC-0051.001/1994.10.01/nt_19941001_f11_v1.1_n.bin']
North,1994,10,2,7.954,0, ['/ecs/DP1/PM/NSIDC-0051.001/1994.10.02/nt_19941002_f11_v1.1_n.bin']
North,1994,10,3,7.983,0, ['/ecs/DP1/PM/NSIDC-0051.001/1994.10.03/nt_19941003_f11_v1.1_n.bin']
North,1994,10,4,8.005,0, ['/ecs/DP1/PM/NSIDC-0051.001/1994.10.04/nt_19941004_f11_v1.1_n.bin']
North,1994,10,5,8.15,0, ['/ecs/DP1/PM/NSIDC-0051.001/1994.10.05/nt_19941005_f11_v1.1_n.bin']
North,1994,10,6,8.117,0, ['/ecs/DP1/PM/NSIDC-0051.001/1994.10.06/nt_19941006_f11_v1.1_n.bin']
North,1994,10,7,8.168,0, ['/ecs/DP1/PM/NSIDC-0051.001/1994.10.07/nt_19941007_f11_v1.1_n.bin']
North,1994,10,8,8.11,0, ['/ecs/DP1/PM/NSIDC-0051.001/1994.10.08/nt_19941008_f11_v1.1_n.bin']
North,1994,10,9,8.176,0, ['/ecs/DP1/PM/NSIDC-0051.001/1994.10.09/nt_19941009_f11_v1.1_n.bin']
North,1994,10,10,8.27,0, ['/ecs/DP1/PM/NSIDC-0051.001/1994.10.10/nt_19941010_f11_v1.1_n.bin']
North,1994,10,11,8.364,0, ['/ecs/DP1/PM/NSIDC-0051.001/1994.10.11/nt_19941011_f11_v1.1_n.bin']
North,1994,10,12,8.445,0, ['/ecs/DP1/PM/NSIDC-0051.001/1994.10.12/nt_19941012_f11_v1.1_n.bin']
North,1994,10,13,8.458,0, ['/ecs/DP1/PM/NSIDC-0051.001/1994.10.13/nt_19941013_f11_v1.1_n.bin']
North,1994,10,14,8.542,0, ['/ecs/DP1/PM/NSIDC-0051.001/1994.10.14/nt_19941014_f11_v1.1_n.bin']
North,1994,10,15,8.652,0, ['/ecs/DP1/PM/NSIDC-0051.001/1994.10.15/nt_19941015_f11_v1.1_n.bin']
North,1994,10,16,8.781,0, ['/ecs/DP1/PM/NSIDC-0051.001/1994.10.16/nt_19941016_f11_v1.1_n.bin']
North,1994,10,17,8.924,0, ['/ecs/DP1/PM/NSIDC-0051.001/1994.10.17/nt_19941017_f11_v1.1_n.bin']
North,1994,10,18,9.053,0, ['/ecs/DP1/PM/NSIDC-0051.001/1994.10.18/nt_19941018_f11_v1.1_n.bin']
North,1994,10,19,9.079,0, ['/ecs/DP1/PM/NSIDC-0051.001/1994.10.19/nt_19941019_f11_v1.1_n.bin']
North,1994,10,20,9.231,0, ['/ecs/DP1/PM/NSIDC-0051.001/1994.10.20/nt_19941020_f11_v1.1_n.bin']
North,1994,10,21,9.354,0, ['/ecs/DP1/PM/NSIDC-0051.001/1994.10.21/nt_19941021_f11_v1.1_n.bin']
North,1994,10,22,9.412,0, ['/ecs/DP1/PM/NSIDC-0051.001/1994.10.22/nt_19941022_f11_v1.1_n.bin']
North,1994,10,23,9.564,0, ['/ecs/DP1/PM/NSIDC-0051.001/1994.10.23/nt_19941023_f11_v1.1_n.bin']
North,1994,10,24,9.694,0, ['/ecs/DP1/PM/NSIDC-0051.001/1994.10.24/nt_19941024_f11_v1.1_n.bin']
North,1994,10,25,9.776,0, ['/ecs/DP1/PM/NSIDC-0051.001/1994.10.25/nt_19941025_f11_v1.1_n.bin']
North,1994,10,26,9.851,0, ['/ecs/DP1/PM/NSIDC-0051.001/1994.10.26/nt_19941026_f11_v1.1_n.bin']
North,1994,10,27,9.953,0, ['/ecs/DP1/PM/NSIDC-0051.001/1994.10.27/nt_19941027_f11_v1.1_n.bin']
North,1994,10,28,10.01,0, ['/ecs/DP1/PM/NSIDC-0051.001/1994.10.28/nt_19941028_f11_v1.1_n.bin']
North,1994,10,29,10.07,0, ['/ecs/DP1/PM/NSIDC-0051.001/1994.10.29/nt_19941029_f11_v1.1_n.bin']
North,1994,10,30,10.154,0, ['/ecs/DP1/PM/NSIDC-0051.001/1994.10.30/nt_19941030_f11_v1.1_n.bin']
North,1994,10,31,10.18,0, ['/ecs/DP1/PM/NSIDC-0051.001/1994.10.31/nt_19941031_f11_v1.1_n.bin']
North,1994,11,1,10.241,0, ['/ecs/DP1/PM/NSIDC-0051.001/1994.11.01/nt_19941101_f11_v1.1_n.bin']
North,1994,11,2,10.293,0, ['/ecs/DP1/PM/NSIDC-0051.001/1994.11.02/nt_19941102_f11_v1.1_n.bin']
North,1994,11,3,10.342,0, ['/ecs/DP1/PM/NSIDC-0051.001/1994.11.03/nt_19941103_f11_v1.1_n.bin']
North,1994,11,4,10.422,0, ['/ecs/DP1/PM/NSIDC-0051.001/1994.11.04/nt_19941104_f11_v1.1_n.bin']
North,1994,11,5,10.545,0, ['/ecs/DP1/PM/NSIDC-0051.001/1994.11.05/nt_19941105_f11_v1.1_n.bin']
North,1994,11,6,10.576,0, ['/ecs/DP1/PM/NSIDC-0051.001/1994.11.06/nt_19941106_f11_v1.1_n.bin']
North,1994,11,7,10.665,0, ['/ecs/DP1/PM/NSIDC-0051.001/1994.11.07/nt_19941107_f11_v1.1_n.bin']
North,1994,11,8,10.685,0, ['/ecs/DP1/PM/NSIDC-0051.001/1994.11.08/nt_19941108_f11_v1.1_n.bin']
North,1994,11,9,10.671,0, ['/ecs/DP1/PM/NSIDC-0051.001/1994.11.09/nt_19941109_f11_v1.1_n.bin']
North,1994,11,10,10.817,0, ['/ecs/DP1/PM/NSIDC-0051.001/1994.11.10/nt_19941110_f11_v1.1_n.bin']
North,1994,11,11,10.845,0, ['/ecs/DP1/PM/NSIDC-0051.001/1994.11.11/nt_19941111_f11_v1.1_n.bin']
North,1994,11,12,10.944,0, ['/ecs/DP1/PM/NSIDC-0051.001/1994.11.12/nt_19941112_f11_v1.1_n.bin']
North,1994,11,13,10.971,0, ['/ecs/DP1/PM/NSIDC-0051.001/1994.11.13/nt_19941113_f11_v1.1_n.bin']
North,1994,11,14,11.016,0, ['/ecs/DP1/PM/NSIDC-0051.001/1994.11.14/nt_19941114_f11_v1.1_n.bin']
North,1994,11,15,11.022,0, ['/ecs/DP1/PM/NSIDC-0051.001/1994.11.15/nt_19941115_f11_v1.1_n.bin']
North,1994,11,16,11.042,0, ['/ecs/DP1/PM/NSIDC-0051.001/1994.11.16/nt_19941116_f11_v1.1_n.bin']
North,1994,11,17,11.114,0, ['/ecs/DP1/PM/NSIDC-0051.001/1994.11.17/nt_19941117_f11_v1.1_n.bin']
North,1994,11,18,11.17,0, ['/ecs/DP1/PM/NSIDC-0051.001/1994.11.18/nt_19941118_f11_v1.1_n.bin']
North,1994,11,19,11.27,0, ['/ecs/DP1/PM/NSIDC-0051.001/1994.11.19/nt_19941119_f11_v1.1_n.bin']
North,1994,11,20,11.348,0, ['/ecs/DP1/PM/NSIDC-0051.001/1994.11.20/nt_19941120_f11_v1.1_n.bin']
North,1994,11,21,11.431,0, ['/ecs/DP1/PM/NSIDC-0051.001/1994.11.21/nt_19941121_f11_v1.1_n.bin']
North,1994,11,22,11.513,0, ['/ecs/DP1/PM/NSIDC-0051.001/1994.11.22/nt_19941122_f11_v1.1_n.bin']
North,1994,11,23,11.487,0, ['/ecs/DP1/PM/NSIDC-0051.001/1994.11.23/nt_19941123_f11_v1.1_n.bin']
North,1994,11,24,11.592,0, ['/ecs/DP1/PM/NSIDC-0051.001/1994.11.24/nt_19941124_f11_v1.1_n.bin']
North,1994,11,25,11.744,0, ['/ecs/DP1/PM/NSIDC-0051.001/1994.11.25/nt_19941125_f11_v1.1_n.bin']
North,1994,11,26,11.862,0, ['/ecs/DP1/PM/NSIDC-0051.001/1994.11.26/nt_19941126_f11_v1.1_n.bin']
North,1994,11,27,11.938,0, ['/ecs/DP1/PM/NSIDC-0051.001/1994.11.27/nt_19941127_f11_v1.1_n.bin']
North,1994,11,28,12.023,0, ['/ecs/DP1/PM/NSIDC-0051.001/1994.11.28/nt_19941128_f11_v1.1_n.bin']
North,1994,11,29,12.034,0, ['/ecs/DP1/PM/NSIDC-0051.001/1994.11.29/nt_19941129_f11_v1.1_n.bin']
North,1994,11,30,12.073,0, ['/ecs/DP1/PM/NSIDC-0051.001/1994.11.30/nt_19941130_f11_v1.1_n.bin']
North,1994,12,1,12.284,0, ['/ecs/DP1/PM/NSIDC-0051.001/1994.12.01/nt_19941201_f11_v1.1_n.bin']
North,1994,12,2,12.363,0, ['/ecs/DP1/PM/NSIDC-0051.001/1994.12.02/nt_19941202_f11_v1.1_n.bin']
North,1994,12,3,12.478,0, ['/ecs/DP1/PM/NSIDC-0051.001/1994.12.03/nt_19941203_f11_v1.1_n.bin']
North,1994,12,4,12.639,0, ['/ecs/DP1/PM/NSIDC-0051.001/1994.12.04/nt_19941204_f11_v1.1_n.bin']
North,1994,12,5,12.574,0, ['/ecs/DP1/PM/NSIDC-0051.001/1994.12.05/nt_19941205_f11_v1.1_n.bin']
North,1994,12,6,12.632,0, ['/ecs/DP1/PM/NSIDC-0051.001/1994.12.06/nt_19941206_f11_v1.1_n.bin']
North,1994,12,7,12.649,0, ['/ecs/DP1/PM/NSIDC-0051.001/1994.12.07/nt_19941207_f11_v1.1_n.bin']
North,1994,12,8,12.816,0, ['/ecs/DP1/PM/NSIDC-0051.001/1994.12.08/nt_19941208_f11_v1.1_n.bin']
North,1994,12,9,12.907,0, ['/ecs/DP1/PM/NSIDC-0051.001/1994.12.09/nt_19941209_f11_v1.1_n.bin']
North,1994,12,10,13.004,0, ['/ecs/DP1/PM/NSIDC-0051.001/1994.12.10/nt_19941210_f11_v1.1_n.bin']
North,1994,12,11,13.061,0, ['/ecs/DP1/PM/NSIDC-0051.001/1994.12.11/nt_19941211_f11_v1.1_n.bin']
North,1994,12,12,13.055,0, ['/ecs/DP1/PM/NSIDC-0051.001/1994.12.12/nt_19941212_f11_v1.1_n.bin']
North,1994,12,13,13.033,0, ['/ecs/DP1/PM/NSIDC-0051.001/1994.12.13/nt_19941213_f11_v1.1_n.bin']
North,1994,12,14,13.069,0, ['/ecs/DP1/PM/NSIDC-0051.001/1994.12.14/nt_19941214_f11_v1.1_n.bin']
North,1994,12,15,13.158,0, ['/ecs/DP1/PM/NSIDC-0051.001/1994.12.15/nt_19941215_f11_v1.1_n.bin']
North,1994,12,16,13.301,0, ['/ecs/DP1/PM/NSIDC-0051.001/1994.12.16/nt_19941216_f11_v1.1_n.bin']
North,1994,12,17,13.365,0, ['/ecs/DP1/PM/NSIDC-0051.001/1994.12.17/nt_19941217_f11_v1.1_n.bin']
North,1994,12,18,13.509,0, ['/ecs/DP1/PM/NSIDC-0051.001/1994.12.18/nt_19941218_f11_v1.1_n.bin']
North,1994,12,19,13.55,0, ['/ecs/DP1/PM/NSIDC-0051.001/1994.12.19/nt_19941219_f11_v1.1_n.bin']
North,1994,12,20,13.577,0, ['/ecs/DP1/PM/NSIDC-0051.001/1994.12.20/nt_19941220_f11_v1.1_n.bin']
North,1994,12,21,13.624,0, ['/ecs/DP1/PM/NSIDC-0051.001/1994.12.21/nt_19941221_f11_v1.1_n.bin']
North,1994,12,22,13.673,0, ['/ecs/DP1/PM/NSIDC-0051.001/1994.12.22/nt_19941222_f11_v1.1_n.bin']
North,1994,12,23,13.706,0, ['/ecs/DP1/PM/NSIDC-0051.001/1994.12.23/nt_19941223_f11_v1.1_n.bin']
North,1994,12,24,13.782,0, ['/ecs/DP1/PM/NSIDC-0051.001/1994.12.24/nt_19941224_f11_v1.1_n.bin']
North,1994,12,25,13.765,0, ['/ecs/DP1/PM/NSIDC-0051.001/1994.12.25/nt_19941225_f11_v1.1_n.bin']
North,1994,12,26,13.83,0, ['/ecs/DP1/PM/NSIDC-0051.001/1994.12.26/nt_19941226_f11_v1.1_n.bin']
North,1994,12,27,13.919,0, ['/ecs/DP1/PM/NSIDC-0051.001/1994.12.27/nt_19941227_f11_v1.1_n.bin']
North,1994,12,28,13.899,0, ['/ecs/DP1/PM/NSIDC-0051.001/1994.12.28/nt_19941228_f11_v1.1_n.bin']
North,1994,12,29,14.024,0, ['/ecs/DP1/PM/NSIDC-0051.001/1994.12.29/nt_19941229_f11_v1.1_n.bin']
North,1994,12,30,14.074,0, ['/ecs/DP1/PM/NSIDC-0051.001/1994.12.30/nt_19941230_f11_v1.1_n.bin']
North,1994,12,31,14.108,0, ['/ecs/DP1/PM/NSIDC-0051.001/1994.12.31/nt_19941231_f11_v1.1_n.bin']
North,1995,1,1,14.145,0, ['/ecs/DP1/PM/NSIDC-0051.001/1995.01.01/nt_19950101_f11_v1.1_n.bin']
North,1995,1,2,14.258,0, ['/ecs/DP1/PM/NSIDC-0051.001/1995.01.02/nt_19950102_f11_v1.1_n.bin']
North,1995,1,3,14.335,0, ['/ecs/DP1/PM/NSIDC-0051.001/1995.01.03/nt_19950103_f11_v1.1_n.bin']
North,1995,1,4,14.288,0, ['/ecs/DP1/PM/NSIDC-0051.001/1995.01.04/nt_19950104_f11_v1.1_n.bin']
North,1995,1,5,14.304,0, ['/ecs/DP1/PM/NSIDC-0051.001/1995.01.05/nt_19950105_f11_v1.1_n.bin']
North,1995,1,6,14.325,0, ['/ecs/DP1/PM/NSIDC-0051.001/1995.01.06/nt_19950106_f11_v1.1_n.bin']
North,1995,1,7,14.364,0, ['/ecs/DP1/PM/NSIDC-0051.001/1995.01.07/nt_19950107_f11_v1.1_n.bin']
North,1995,1,8,14.344,0, ['/ecs/DP1/PM/NSIDC-0051.001/1995.01.08/nt_19950108_f11_v1.1_n.bin']
North,1995,1,9,14.31,0, ['/ecs/DP1/PM/NSIDC-0051.001/1995.01.09/nt_19950109_f11_v1.1_n.bin']
North,1995,1,10,14.263,0, ['/ecs/DP1/PM/NSIDC-0051.001/1995.01.10/nt_19950110_f11_v1.1_n.bin']
North,1995,1,11,14.336,0, ['/ecs/DP1/PM/NSIDC-0051.001/1995.01.11/nt_19950111_f11_v1.1_n.bin']
North,1995,1,12,14.479,0, ['/ecs/DP1/PM/NSIDC-0051.001/1995.01.12/nt_19950112_f11_v1.1_n.bin']
North,1995,1,13,14.518,0, ['/ecs/DP1/PM/NSIDC-0051.001/1995.01.13/nt_19950113_f11_v1.1_n.bin']
North,1995,1,14,14.619,0, ['/ecs/DP1/PM/NSIDC-0051.001/1995.01.14/nt_19950114_f11_v1.1_n.bin']
North,1995,1,15,14.56,0, ['/ecs/DP1/PM/NSIDC-0051.001/1995.01.15/nt_19950115_f11_v1.1_n.bin']
North,1995,1,16,14.588,0, ['/ecs/DP1/PM/NSIDC-0051.001/1995.01.16/nt_19950116_f11_v1.1_n.bin']
North,1995,1,17,14.69,0, ['/ecs/DP1/PM/NSIDC-0051.001/1995.01.17/nt_19950117_f11_v1.1_n.bin']
North,1995,1,18,14.668,0, ['/ecs/DP1/PM/NSIDC-0051.001/1995.01.18/nt_19950118_f11_v1.1_n.bin']
North,1995,1,19,14.737,0, ['/ecs/DP1/PM/NSIDC-0051.001/1995.01.19/nt_19950119_f11_v1.1_n.bin']
North,1995,1,20,14.764,0, ['/ecs/DP1/PM/NSIDC-0051.001/1995.01.20/nt_19950120_f11_v1.1_n.bin']
North,1995,1,21,14.793,0, ['/ecs/DP1/PM/NSIDC-0051.001/1995.01.21/nt_19950121_f11_v1.1_n.bin']
North,1995,1,22,14.801,0, ['/ecs/DP1/PM/NSIDC-0051.001/1995.01.22/nt_19950122_f11_v1.1_n.bin']
North,1995,1,23,14.826,0, ['/ecs/DP1/PM/NSIDC-0051.001/1995.01.23/nt_19950123_f11_v1.1_n.bin']
North,1995,1,24,14.758,0, ['/ecs/DP1/PM/NSIDC-0051.001/1995.01.24/nt_19950124_f11_v1.1_n.bin']
North,1995,1,25,14.802,0, ['/ecs/DP1/PM/NSIDC-0051.001/1995.01.25/nt_19950125_f11_v1.1_n.bin']
North,1995,1,26,14.76,0, ['/ecs/DP1/PM/NSIDC-0051.001/1995.01.26/nt_19950126_f11_v1.1_n.bin']
North,1995,1,27,14.794,0, ['/ecs/DP1/PM/NSIDC-0051.001/1995.01.27/nt_19950127_f11_v1.1_n.bin']
North,1995,1,28,14.867,0, ['/ecs/DP1/PM/NSIDC-0051.001/1995.01.28/nt_19950128_f11_v1.1_n.bin']
North,1995,1,29,14.96,0, ['/ecs/DP1/PM/NSIDC-0051.001/1995.01.29/nt_19950129_f11_v1.1_n.bin']
North,1995,1,30,14.956,0, ['/ecs/DP1/PM/NSIDC-0051.001/1995.01.30/nt_19950130_f11_v1.1_n.bin']
North,1995,1,31,14.966,0, ['/ecs/DP1/PM/NSIDC-0051.001/1995.01.31/nt_19950131_f11_v1.1_n.bin']
North,1995,2,1,15.054,0, ['/ecs/DP1/PM/NSIDC-0051.001/1995.02.01/nt_19950201_f11_v1.1_n.bin']
North,1995,2,2,15.086,0, ['/ecs/DP1/PM/NSIDC-0051.001/1995.02.02/nt_19950202_f11_v1.1_n.bin']
North,1995,2,3,15.094,0, ['/ecs/DP1/PM/NSIDC-0051.001/1995.02.03/nt_19950203_f11_v1.1_n.bin']
North,1995,2,4,15.139,0, ['/ecs/DP1/PM/NSIDC-0051.001/1995.02.04/nt_19950204_f11_v1.1_n.bin']
North,1995,2,5,15.259,0, ['/ecs/DP1/PM/NSIDC-0051.001/1995.02.05/nt_19950205_f11_v1.1_n.bin']
North,1995,2,6,15.212,0, ['/ecs/DP1/PM/NSIDC-0051.001/1995.02.06/nt_19950206_f11_v1.1_n.bin']
North,1995,2,7,15.213,0, ['/ecs/DP1/PM/NSIDC-0051.001/1995.02.07/nt_19950207_f11_v1.1_n.bin']
North,1995,2,8,15.251,0, ['/ecs/DP1/PM/NSIDC-0051.001/1995.02.08/nt_19950208_f11_v1.1_n.bin']
North,1995,2,9,15.238,0, ['/ecs/DP1/PM/NSIDC-0051.001/1995.02.09/nt_19950209_f11_v1.1_n.bin']
North,1995,2,10,15.19,0, ['/ecs/DP1/PM/NSIDC-0051.001/1995.02.10/nt_19950210_f11_v1.1_n.bin']
North,1995,2,11,15.197,0, ['/ecs/DP1/PM/NSIDC-0051.001/1995.02.11/nt_19950211_f11_v1.1_n.bin']
North,1995,2,12,15.281,0, ['/ecs/DP1/PM/NSIDC-0051.001/1995.02.12/nt_19950212_f11_v1.1_n.bin']
North,1995,2,13,15.194,0, ['/ecs/DP1/PM/NSIDC-0051.001/1995.02.13/nt_19950213_f11_v1.1_n.bin']
North,1995,2,14,15.173,0, ['/ecs/DP1/PM/NSIDC-0051.001/1995.02.14/nt_19950214_f11_v1.1_n.bin']
North,1995,2,15,15.173,0, ['/ecs/DP1/PM/NSIDC-0051.001/1995.02.15/nt_19950215_f11_v1.1_n.bin']
North,1995,2,16,15.181,0, ['/ecs/DP1/PM/NSIDC-0051.001/1995.02.16/nt_19950216_f11_v1.1_n.bin']
North,1995,2,17,15.266,0, ['/ecs/DP1/PM/NSIDC-0051.001/1995.02.17/nt_19950217_f11_v1.1_n.bin']
North,1995,2,18,15.228,0, ['/ecs/DP1/PM/NSIDC-0051.001/1995.02.18/nt_19950218_f11_v1.1_n.bin']
North,1995,2,19,15.267,0, ['/ecs/DP1/PM/NSIDC-0051.001/1995.02.19/nt_19950219_f11_v1.1_n.bin']
North,1995,2,20,15.245,0, ['/ecs/DP1/PM/NSIDC-0051.001/1995.02.20/nt_19950220_f11_v1.1_n.bin']
North,1995,2,21,15.264,0, ['/ecs/DP1/PM/NSIDC-0051.001/1995.02.21/nt_19950221_f11_v1.1_n.bin']
North,1995,2,22,15.21,0, ['/ecs/DP1/PM/NSIDC-0051.001/1995.02.22/nt_19950222_f11_v1.1_n.bin']
North,1995,2,23,15.227,0, ['/ecs/DP1/PM/NSIDC-0051.001/1995.02.23/nt_19950223_f11_v1.1_n.bin']
North,1995,2,24,15.352,0, ['/ecs/DP1/PM/NSIDC-0051.001/1995.02.24/nt_19950224_f11_v1.1_n.bin']
North,1995,2,25,15.358,0, ['/ecs/DP1/PM/NSIDC-0051.001/1995.02.25/nt_19950225_f11_v1.1_n.bin']
North,1995,2,26,15.296,0, ['/ecs/DP1/PM/NSIDC-0051.001/1995.02.26/nt_19950226_f11_v1.1_n.bin']
North,1995,2,27,15.301,0, ['/ecs/DP1/PM/NSIDC-0051.001/1995.02.27/nt_19950227_f11_v1.1_n.bin']
North,1995,2,28,15.37,0, ['/ecs/DP1/PM/NSIDC-0051.001/1995.02.28/nt_19950228_f11_v1.1_n.bin']
North,1995,3,1,15.344,0, ['/ecs/DP1/PM/NSIDC-0051.001/1995.03.01/nt_19950301_f11_v1.1_n.bin']
North,1995,3,2,15.318,0, ['/ecs/DP1/PM/NSIDC-0051.001/1995.03.02/nt_19950302_f11_v1.1_n.bin']
North,1995,3,3,15.271,0, ['/ecs/DP1/PM/NSIDC-0051.001/1995.03.03/nt_19950303_f11_v1.1_n.bin']
North,1995,3,4,15.326,0, ['/ecs/DP1/PM/NSIDC-0051.001/1995.03.04/nt_19950304_f11_v1.1_n.bin']
North,1995,3,5,15.296,0, ['/ecs/DP1/PM/NSIDC-0051.001/1995.03.05/nt_19950305_f11_v1.1_n.bin']
North,1995,3,6,15.359,0, ['/ecs/DP1/PM/NSIDC-0051.001/1995.03.06/nt_19950306_f11_v1.1_n.bin']
North,1995,3,7,15.3,0, ['/ecs/DP1/PM/NSIDC-0051.001/1995.03.07/nt_19950307_f11_v1.1_n.bin']
North,1995,3,8,15.333,0, ['/ecs/DP1/PM/NSIDC-0051.001/1995.03.08/nt_19950308_f11_v1.1_n.bin']
North,1995,3,9,15.352,0, ['/ecs/DP1/PM/NSIDC-0051.001/1995.03.09/nt_19950309_f11_v1.1_n.bin']
North,1995,3,10,15.239,0, ['/ecs/DP1/PM/NSIDC-0051.001/1995.03.10/nt_19950310_f11_v1.1_n.bin']
North,1995,3,11,15.203,0, ['/ecs/DP1/PM/NSIDC-0051.001/1995.03.11/nt_19950311_f11_v1.1_n.bin']
North,1995,3,12,15.138,0, ['/ecs/DP1/PM/NSIDC-0051.001/1995.03.12/nt_19950312_f11_v1.1_n.bin']
North,1995,3,13,15.182,0, ['/ecs/DP1/PM/NSIDC-0051.001/1995.03.13/nt_19950313_f11_v1.1_n.bin']
North,1995,3,14,15.12,0, ['/ecs/DP1/PM/NSIDC-0051.001/1995.03.14/nt_19950314_f11_v1.1_n.bin']
North,1995,3,15,15.124,0, ['/ecs/DP1/PM/NSIDC-0051.001/1995.03.15/nt_19950315_f11_v1.1_n.bin']
North,1995,3,16,15.191,0, ['/ecs/DP1/PM/NSIDC-0051.001/1995.03.16/nt_19950316_f11_v1.1_n.bin']
North,1995,3,17,15.243,0, ['/ecs/DP1/PM/NSIDC-0051.001/1995.03.17/nt_19950317_f11_v1.1_n.bin']
North,1995,3,18,15.206,0, ['/ecs/DP1/PM/NSIDC-0051.001/1995.03.18/nt_19950318_f11_v1.1_n.bin']
North,1995,3,19,15.167,0, ['/ecs/DP1/PM/NSIDC-0051.001/1995.03.19/nt_19950319_f11_v1.1_n.bin']
North,1995,3,20,15.251,0, ['/ecs/DP1/PM/NSIDC-0051.001/1995.03.20/nt_19950320_f11_v1.1_n.bin']
North,1995,3,21,15.288,0, ['/ecs/DP1/PM/NSIDC-0051.001/1995.03.21/nt_19950321_f11_v1.1_n.bin']
North,1995,3,22,15.3,0, ['/ecs/DP1/PM/NSIDC-0051.001/1995.03.22/nt_19950322_f11_v1.1_n.bin']
North,1995,3,23,15.271,0, ['/ecs/DP1/PM/NSIDC-0051.001/1995.03.23/nt_19950323_f11_v1.1_n.bin']
North,1995,3,24,15.256,0, ['/ecs/DP1/PM/NSIDC-0051.001/1995.03.24/nt_19950324_f11_v1.1_n.bin']
North,1995,3,25,15.217,0, ['/ecs/DP1/PM/NSIDC-0051.001/1995.03.25/nt_19950325_f11_v1.1_n.bin']
North,1995,3,26,15.193,0, ['/ecs/DP1/PM/NSIDC-0051.001/1995.03.26/nt_19950326_f11_v1.1_n.bin']
North,1995,3,27,15.261,0, ['/ecs/DP1/PM/NSIDC-0051.001/1995.03.27/nt_19950327_f11_v1.1_n.bin']
North,1995,3,28,15.289,0, ['/ecs/DP1/PM/NSIDC-0051.001/1995.03.28/nt_19950328_f11_v1.1_n.bin']
North,1995,3,29,15.304,0, ['/ecs/DP1/PM/NSIDC-0051.001/1995.03.29/nt_19950329_f11_v1.1_n.bin']
North,1995,3,30,15.339,0, ['/ecs/DP1/PM/NSIDC-0051.001/1995.03.30/nt_19950330_f11_v1.1_n.bin']
North,1995,3,31,15.384,0, ['/ecs/DP1/PM/NSIDC-0051.001/1995.03.31/nt_19950331_f11_v1.1_n.bin']
North,1995,4,1,15.219,0, ['/ecs/DP1/PM/NSIDC-0051.001/1995.04.01/nt_19950401_f11_v1.1_n.bin']
North,1995,4,2,15.118,0, ['/ecs/DP1/PM/NSIDC-0051.001/1995.04.02/nt_19950402_f11_v1.1_n.bin']
North,1995,4,3,15.108,0, ['/ecs/DP1/PM/NSIDC-0051.001/1995.04.03/nt_19950403_f11_v1.1_n.bin']
North,1995,4,4,14.977,0, ['/ecs/DP1/PM/NSIDC-0051.001/1995.04.04/nt_19950404_f11_v1.1_n.bin']
North,1995,4,5,14.906,0, ['/ecs/DP1/PM/NSIDC-0051.001/1995.04.05/nt_19950405_f11_v1.1_n.bin']
North,1995,4,6,14.937,0, ['/ecs/DP1/PM/NSIDC-0051.001/1995.04.06/nt_19950406_f11_v1.1_n.bin']
North,1995,4,7,14.923,0, ['/ecs/DP1/PM/NSIDC-0051.001/1995.04.07/nt_19950407_f11_v1.1_n.bin']
North,1995,4,8,14.871,0, ['/ecs/DP1/PM/NSIDC-0051.001/1995.04.08/nt_19950408_f11_v1.1_n.bin']
North,1995,4,9,14.71,0, ['/ecs/DP1/PM/NSIDC-0051.001/1995.04.09/nt_19950409_f11_v1.1_n.bin']
North,1995,4,10,14.686,0, ['/ecs/DP1/PM/NSIDC-0051.001/1995.04.10/nt_19950410_f11_v1.1_n.bin']
North,1995,4,11,14.593,0, ['/ecs/DP1/PM/NSIDC-0051.001/1995.04.11/nt_19950411_f11_v1.1_n.bin']
North,1995,4,12,14.596,0, ['/ecs/DP1/PM/NSIDC-0051.001/1995.04.12/nt_19950412_f11_v1.1_n.bin']
North,1995,4,13,14.536,0, ['/ecs/DP1/PM/NSIDC-0051.001/1995.04.13/nt_19950413_f11_v1.1_n.bin']
North,1995,4,14,14.458,0, ['/ecs/DP1/PM/NSIDC-0051.001/1995.04.14/nt_19950414_f11_v1.1_n.bin']
North,1995,4,15,14.483,0, ['/ecs/DP1/PM/NSIDC-0051.001/1995.04.15/nt_19950415_f11_v1.1_n.bin']
North,1995,4,16,14.34,0, ['/ecs/DP1/PM/NSIDC-0051.001/1995.04.16/nt_19950416_f11_v1.1_n.bin']
North,1995,4,17,14.325,0, ['/ecs/DP1/PM/NSIDC-0051.001/1995.04.17/nt_19950417_f11_v1.1_n.bin']
North,1995,4,18,14.337,0, ['/ecs/DP1/PM/NSIDC-0051.001/1995.04.18/nt_19950418_f11_v1.1_n.bin']
North,1995,4,19,14.35,0, ['/ecs/DP1/PM/NSIDC-0051.001/1995.04.19/nt_19950419_f11_v1.1_n.bin']
North,1995,4,20,14.261,0, ['/ecs/DP1/PM/NSIDC-0051.001/1995.04.20/nt_19950420_f11_v1.1_n.bin']
North,1995,4,21,14.231,0, ['/ecs/DP1/PM/NSIDC-0051.001/1995.04.21/nt_19950421_f11_v1.1_n.bin']
North,1995,4,22,14.161,0, ['/ecs/DP1/PM/NSIDC-0051.001/1995.04.22/nt_19950422_f11_v1.1_n.bin']
North,1995,4,23,14.06,0, ['/ecs/DP1/PM/NSIDC-0051.001/1995.04.23/nt_19950423_f11_v1.1_n.bin']
North,1995,4,24,14.006,0, ['/ecs/DP1/PM/NSIDC-0051.001/1995.04.24/nt_19950424_f11_v1.1_n.bin']
North,1995,4,25,13.984,0, ['/ecs/DP1/PM/NSIDC-0051.001/1995.04.25/nt_19950425_f11_v1.1_n.bin']
North,1995,4,26,13.951,0, ['/ecs/DP1/PM/NSIDC-0051.001/1995.04.26/nt_19950426_f11_v1.1_n.bin']
North,1995,4,27,13.925,0, ['/ecs/DP1/PM/NSIDC-0051.001/1995.04.27/nt_19950427_f11_v1.1_n.bin']
North,1995,4,28,13.882,0, ['/ecs/DP1/PM/NSIDC-0051.001/1995.04.28/nt_19950428_f11_v1.1_n.bin']
North,1995,4,29,13.814,0, ['/ecs/DP1/PM/NSIDC-0051.001/1995.04.29/nt_19950429_f11_v1.1_n.bin']
North,1995,4,30,13.71,0, ['/ecs/DP1/PM/NSIDC-0051.001/1995.04.30/nt_19950430_f11_v1.1_n.bin']
North,1995,5,1,13.556,0, ['/ecs/DP1/PM/NSIDC-0051.001/1995.05.01/nt_19950501_f11_v1.1_n.bin']
North,1995,5,2,13.539,0, ['/ecs/DP1/PM/NSIDC-0051.001/1995.05.02/nt_19950502_f11_v1.1_n.bin']
North,1995,5,3,13.54,0, ['/ecs/DP1/PM/NSIDC-0051.001/1995.05.03/nt_19950503_f11_v1.1_n.bin']
North,1995,5,4,13.515,0, ['/ecs/DP1/PM/NSIDC-0051.001/1995.05.04/nt_19950504_f11_v1.1_n.bin']
North,1995,5,5,13.449,0, ['/ecs/DP1/PM/NSIDC-0051.001/1995.05.05/nt_19950505_f11_v1.1_n.bin']
North,1995,5,6,13.437,0, ['/ecs/DP1/PM/NSIDC-0051.001/1995.05.06/nt_19950506_f11_v1.1_n.bin']
North,1995,5,7,13.419,0, ['/ecs/DP1/PM/NSIDC-0051.001/1995.05.07/nt_19950507_f11_v1.1_n.bin']
North,1995,5,8,13.404,0, ['/ecs/DP1/PM/NSIDC-0051.001/1995.05.08/nt_19950508_f11_v1.1_n.bin']
North,1995,5,9,13.36,0, ['/ecs/DP1/PM/NSIDC-0051.001/1995.05.09/nt_19950509_f11_v1.1_n.bin']
North,1995,5,10,13.379,0, ['/ecs/DP1/PM/NSIDC-0051.001/1995.05.10/nt_19950510_f11_v1.1_n.bin']
North,1995,5,11,13.388,0, ['/ecs/DP1/PM/NSIDC-0051.001/1995.05.11/nt_19950511_f11_v1.1_n.bin']
North,1995,5,12,13.35,0, ['/ecs/DP1/PM/NSIDC-0051.001/1995.05.12/nt_19950512_f11_v1.1_n.bin']
North,1995,5,13,13.321,0, ['/ecs/DP1/PM/NSIDC-0051.001/1995.05.13/nt_19950513_f11_v1.1_n.bin']
North,1995,5,14,13.245,0, ['/ecs/DP1/PM/NSIDC-0051.001/1995.05.14/nt_19950514_f11_v1.1_n.bin']
North,1995,5,15,13.212,0, ['/ecs/DP1/PM/NSIDC-0051.001/1995.05.15/nt_19950515_f11_v1.1_n.bin']
North,1995,5,16,13.107,0, ['/ecs/DP1/PM/NSIDC-0051.001/1995.05.16/nt_19950516_f11_v1.1_n.bin']
North,1995,5,17,13.068,0, ['/ecs/DP1/PM/NSIDC-0051.001/1995.05.17/nt_19950517_f11_v1.1_n.bin']
North,1995,5,18,12.951,0, ['/ecs/DP1/PM/NSIDC-0051.001/1995.05.18/nt_19950518_f11_v1.1_n.bin']
North,1995,5,19,12.859,0, ['/ecs/DP1/PM/NSIDC-0051.001/1995.05.19/nt_19950519_f11_v1.1_n.bin']
North,1995,5,20,12.775,0, ['/ecs/DP1/PM/NSIDC-0051.001/1995.05.20/nt_19950520_f11_v1.1_n.bin']
North,1995,5,21,12.662,0, ['/ecs/DP1/PM/NSIDC-0051.001/1995.05.21/nt_19950521_f11_v1.1_n.bin']
North,1995,5,22,12.559,0, ['/ecs/DP1/PM/NSIDC-0051.001/1995.05.22/nt_19950522_f11_v1.1_n.bin']
North,1995,5,23,12.495,0, ['/ecs/DP1/PM/NSIDC-0051.001/1995.05.23/nt_19950523_f11_v1.1_n.bin']
North,1995,5,24,12.436,0, ['/ecs/DP1/PM/NSIDC-0051.001/1995.05.24/nt_19950524_f11_v1.1_n.bin']
North,1995,5,25,12.348,0, ['/ecs/DP1/PM/NSIDC-0051.001/1995.05.25/nt_19950525_f11_v1.1_n.bin']
North,1995,5,26,12.335,0, ['/ecs/DP1/PM/NSIDC-0051.001/1995.05.26/nt_19950526_f11_v1.1_n.bin']
North,1995,5,27,12.349,0, ['/ecs/DP1/PM/NSIDC-0051.001/1995.05.27/nt_19950527_f11_v1.1_n.bin']
North,1995,5,28,12.298,0, ['/ecs/DP1/PM/NSIDC-0051.001/1995.05.28/nt_19950528_f11_v1.1_n.bin']
North,1995,5,29,12.295,0, ['/ecs/DP1/PM/NSIDC-0051.001/1995.05.29/nt_19950529_f11_v1.1_n.bin']
North,1995,5,30,12.268,0, ['/ecs/DP1/PM/NSIDC-0051.001/1995.05.30/nt_19950530_f11_v1.1_n.bin']
North,1995,5,31,12.215,0, ['/ecs/DP1/PM/NSIDC-0051.001/1995.05.31/nt_19950531_f11_v1.1_n.bin']
North,1995,6,1,12.096,0, ['/ecs/DP1/PM/NSIDC-0051.001/1995.06.01/nt_19950601_f11_v1.1_n.bin']
North,1995,6,2,12.048,0, ['/ecs/DP1/PM/NSIDC-0051.001/1995.06.02/nt_19950602_f11_v1.1_n.bin']
North,1995,6,3,11.995,0, ['/ecs/DP1/PM/NSIDC-0051.001/1995.06.03/nt_19950603_f11_v1.1_n.bin']
North,1995,6,4,11.987,0, ['/ecs/DP1/PM/NSIDC-0051.001/1995.06.04/nt_19950604_f11_v1.1_n.bin']
North,1995,6,5,11.969,0, ['/ecs/DP1/PM/NSIDC-0051.001/1995.06.05/nt_19950605_f11_v1.1_n.bin']
North,1995,6,6,11.882,0, ['/ecs/DP1/PM/NSIDC-0051.001/1995.06.06/nt_19950606_f11_v1.1_n.bin']
North,1995,6,7,11.844,0, ['/ecs/DP1/PM/NSIDC-0051.001/1995.06.07/nt_19950607_f11_v1.1_n.bin']
North,1995,6,8,11.84,0, ['/ecs/DP1/PM/NSIDC-0051.001/1995.06.08/nt_19950608_f11_v1.1_n.bin']
North,1995,6,9,11.753,0, ['/ecs/DP1/PM/NSIDC-0051.001/1995.06.09/nt_19950609_f11_v1.1_n.bin']
North,1995,6,10,11.768,0, ['/ecs/DP1/PM/NSIDC-0051.001/1995.06.10/nt_19950610_f11_v1.1_n.bin']
North,1995,6,11,11.657,0, ['/ecs/DP1/PM/NSIDC-0051.001/1995.06.11/nt_19950611_f11_v1.1_n.bin']
North,1995,6,12,11.656,0, ['/ecs/DP1/PM/NSIDC-0051.001/1995.06.12/nt_19950612_f11_v1.1_n.bin']
North,1995,6,13,11.583,0, ['/ecs/DP1/PM/NSIDC-0051.001/1995.06.13/nt_19950613_f11_v1.1_n.bin']
North,1995,6,14,11.551,0, ['/ecs/DP1/PM/NSIDC-0051.001/1995.06.14/nt_19950614_f11_v1.1_n.bin']
North,1995,6,15,11.523,0, ['/ecs/DP1/PM/NSIDC-0051.001/1995.06.15/nt_19950615_f11_v1.1_n.bin']
North,1995,6,16,11.509,0, ['/ecs/DP1/PM/NSIDC-0051.001/1995.06.16/nt_19950616_f11_v1.1_n.bin']
North,1995,6,17,11.399,0, ['/ecs/DP1/PM/NSIDC-0051.001/1995.06.17/nt_19950617_f11_v1.1_n.bin']
North,1995,6,18,11.311,0, ['/ecs/DP1/PM/NSIDC-0051.001/1995.06.18/nt_19950618_f11_v1.1_n.bin']
North,1995,6,19,11.314,0, ['/ecs/DP1/PM/NSIDC-0051.001/1995.06.19/nt_19950619_f11_v1.1_n.bin']
North,1995,6,20,11.253,0, ['/ecs/DP1/PM/NSIDC-0051.001/1995.06.20/nt_19950620_f11_v1.1_n.bin']
North,1995,6,21,11.147,0, ['/ecs/DP1/PM/NSIDC-0051.001/1995.06.21/nt_19950621_f11_v1.1_n.bin']
North,1995,6,22,11.055,0, ['/ecs/DP1/PM/NSIDC-0051.001/1995.06.22/nt_19950622_f11_v1.1_n.bin']
North,1995,6,23,11.08,0, ['/ecs/DP1/PM/NSIDC-0051.001/1995.06.23/nt_19950623_f11_v1.1_n.bin']
North,1995,6,24,10.983,0, ['/ecs/DP1/PM/NSIDC-0051.001/1995.06.24/nt_19950624_f11_v1.1_n.bin']
North,1995,6,25,11.016,0, ['/ecs/DP1/PM/NSIDC-0051.001/1995.06.25/nt_19950625_f11_v1.1_n.bin']
North,1995,6,26,10.967,0, ['/ecs/DP1/PM/NSIDC-0051.001/1995.06.26/nt_19950626_f11_v1.1_n.bin']
North,1995,6,27,10.895,0, ['/ecs/DP1/PM/NSIDC-0051.001/1995.06.27/nt_19950627_f11_v1.1_n.bin']
North,1995,6,28,10.798,0, ['/ecs/DP1/PM/NSIDC-0051.001/1995.06.28/nt_19950628_f11_v1.1_n.bin']
North,1995,6,29,10.704,0, ['/ecs/DP1/PM/NSIDC-0051.001/1995.06.29/nt_19950629_f11_v1.1_n.bin']
North,1995,6,30,10.63,0, ['/ecs/DP1/PM/NSIDC-0051.001/1995.06.30/nt_19950630_f11_v1.1_n.bin']
North,1995,7,1,10.423,0, ['/ecs/DP1/PM/NSIDC-0051.001/1995.07.01/nt_19950701_f11_v1.1_n.bin']
North,1995,7,2,10.346,0, ['/ecs/DP1/PM/NSIDC-0051.001/1995.07.02/nt_19950702_f11_v1.1_n.bin']
North,1995,7,3,10.294,0, ['/ecs/DP1/PM/NSIDC-0051.001/1995.07.03/nt_19950703_f11_v1.1_n.bin']
North,1995,7,4,10.256,0, ['/ecs/DP1/PM/NSIDC-0051.001/1995.07.04/nt_19950704_f11_v1.1_n.bin']
North,1995,7,5,10.137,0, ['/ecs/DP1/PM/NSIDC-0051.001/1995.07.05/nt_19950705_f11_v1.1_n.bin']
North,1995,7,6,9.894,0, ['/ecs/DP1/PM/NSIDC-0051.001/1995.07.06/nt_19950706_f11_v1.1_n.bin']
North,1995,7,7,9.754,0, ['/ecs/DP1/PM/NSIDC-0051.001/1995.07.07/nt_19950707_f11_v1.1_n.bin']
North,1995,7,8,9.672,0, ['/ecs/DP1/PM/NSIDC-0051.001/1995.07.08/nt_19950708_f11_v1.1_n.bin']
North,1995,7,9,9.655,0, ['/ecs/DP1/PM/NSIDC-0051.001/1995.07.09/nt_19950709_f11_v1.1_n.bin']
North,1995,7,10,9.477,0, ['/ecs/DP1/PM/NSIDC-0051.001/1995.07.10/nt_19950710_f11_v1.1_n.bin']
North,1995,7,11,9.389,0, ['/ecs/DP1/PM/NSIDC-0051.001/1995.07.11/nt_19950711_f11_v1.1_n.bin']
North,1995,7,12,9.273,0, ['/ecs/DP1/PM/NSIDC-0051.001/1995.07.12/nt_19950712_f11_v1.1_n.bin']
North,1995,7,13,9.197,0, ['/ecs/DP1/PM/NSIDC-0051.001/1995.07.13/nt_19950713_f11_v1.1_n.bin']
North,1995,7,14,9.131,0, ['/ecs/DP1/PM/NSIDC-0051.001/1995.07.14/nt_19950714_f11_v1.1_n.bin']
North,1995,7,15,9.029,0, ['/ecs/DP1/PM/NSIDC-0051.001/1995.07.15/nt_19950715_f11_v1.1_n.bin']
North,1995,7,16,8.958,0, ['/ecs/DP1/PM/NSIDC-0051.001/1995.07.16/nt_19950716_f11_v1.1_n.bin']
North,1995,7,17,8.88,0, ['/ecs/DP1/PM/NSIDC-0051.001/1995.07.17/nt_19950717_f11_v1.1_n.bin']
North,1995,7,18,8.723,0, ['/ecs/DP1/PM/NSIDC-0051.001/1995.07.18/nt_19950718_f11_v1.1_n.bin']
North,1995,7,19,8.645,0, ['/ecs/DP1/PM/NSIDC-0051.001/1995.07.19/nt_19950719_f11_v1.1_n.bin']
North,1995,7,20,8.564,0, ['/ecs/DP1/PM/NSIDC-0051.001/1995.07.20/nt_19950720_f11_v1.1_n.bin']
North,1995,7,21,8.496,0, ['/ecs/DP1/PM/NSIDC-0051.001/1995.07.21/nt_19950721_f11_v1.1_n.bin']
North,1995,7,22,8.461,0, ['/ecs/DP1/PM/NSIDC-0051.001/1995.07.22/nt_19950722_f11_v1.1_n.bin']
North,1995,7,23,8.39,0, ['/ecs/DP1/PM/NSIDC-0051.001/1995.07.23/nt_19950723_f11_v1.1_n.bin']
North,1995,7,24,8.314,0, ['/ecs/DP1/PM/NSIDC-0051.001/1995.07.24/nt_19950724_f11_v1.1_n.bin']
North,1995,7,25,8.158,0, ['/ecs/DP1/PM/NSIDC-0051.001/1995.07.25/nt_19950725_f11_v1.1_n.bin']
North,1995,7,26,8.049,0, ['/ecs/DP1/PM/NSIDC-0051.001/1995.07.26/nt_19950726_f11_v1.1_n.bin']
North,1995,7,27,7.988,0, ['/ecs/DP1/PM/NSIDC-0051.001/1995.07.27/nt_19950727_f11_v1.1_n.bin']
North,1995,7,28,7.939,0, ['/ecs/DP1/PM/NSIDC-0051.001/1995.07.28/nt_19950728_f11_v1.1_n.bin']
North,1995,7,29,7.813,0, ['/ecs/DP1/PM/NSIDC-0051.001/1995.07.29/nt_19950729_f11_v1.1_n.bin']
North,1995,7,30,7.709,0, ['/ecs/DP1/PM/NSIDC-0051.001/1995.07.30/nt_19950730_f11_v1.1_n.bin']
North,1995,7,31,7.586,0, ['/ecs/DP1/PM/NSIDC-0051.001/1995.07.31/nt_19950731_f11_v1.1_n.bin']
North,1995,8,1,7.513,0, ['/ecs/DP1/PM/NSIDC-0051.001/1995.08.01/nt_19950801_f11_v1.1_n.bin']
North,1995,8,2,7.378,0, ['/ecs/DP1/PM/NSIDC-0051.001/1995.08.02/nt_19950802_f11_v1.1_n.bin']
North,1995,8,3,7.393,0, ['/ecs/DP1/PM/NSIDC-0051.001/1995.08.03/nt_19950803_f11_v1.1_n.bin']
North,1995,8,4,7.298,0, ['/ecs/DP1/PM/NSIDC-0051.001/1995.08.04/nt_19950804_f11_v1.1_n.bin']
North,1995,8,5,7.255,0, ['/ecs/DP1/PM/NSIDC-0051.001/1995.08.05/nt_19950805_f11_v1.1_n.bin']
North,1995,8,6,7.196,0, ['/ecs/DP1/PM/NSIDC-0051.001/1995.08.06/nt_19950806_f11_v1.1_n.bin']
North,1995,8,7,7.105,0, ['/ecs/DP1/PM/NSIDC-0051.001/1995.08.07/nt_19950807_f11_v1.1_n.bin']
North,1995,8,8,7.008,0, ['/ecs/DP1/PM/NSIDC-0051.001/1995.08.08/nt_19950808_f11_v1.1_n.bin']
North,1995,8,9,6.946,0, ['/ecs/DP1/PM/NSIDC-0051.001/1995.08.09/nt_19950809_f11_v1.1_n.bin']
North,1995,8,10,6.898,0, ['/ecs/DP1/PM/NSIDC-0051.001/1995.08.10/nt_19950810_f11_v1.1_n.bin']
North,1995,8,11,6.859,0, ['/ecs/DP1/PM/NSIDC-0051.001/1995.08.11/nt_19950811_f11_v1.1_n.bin']
North,1995,8,12,6.791,0, ['/ecs/DP1/PM/NSIDC-0051.001/1995.08.12/nt_19950812_f11_v1.1_n.bin']
North,1995,8,13,6.748,0, ['/ecs/DP1/PM/NSIDC-0051.001/1995.08.13/nt_19950813_f11_v1.1_n.bin']
North,1995,8,14,6.721,0, ['/ecs/DP1/PM/NSIDC-0051.001/1995.08.14/nt_19950814_f11_v1.1_n.bin']
North,1995,8,15,6.699,0, ['/ecs/DP1/PM/NSIDC-0051.001/1995.08.15/nt_19950815_f11_v1.1_n.bin']
North,1995,8,16,6.651,0, ['/ecs/DP1/PM/NSIDC-0051.001/1995.08.16/nt_19950816_f11_v1.1_n.bin']
North,1995,8,17,6.675,0, ['/ecs/DP1/PM/NSIDC-0051.001/1995.08.17/nt_19950817_f11_v1.1_n.bin']
North,1995,8,18,6.624,0, ['/ecs/DP1/PM/NSIDC-0051.001/1995.08.18/nt_19950818_f11_v1.1_n.bin']
North,1995,8,19,6.642,0, ['/ecs/DP1/PM/NSIDC-0051.001/1995.08.19/nt_19950819_f11_v1.1_n.bin']
North,1995,8,20,6.614,0, ['/ecs/DP1/PM/NSIDC-0051.001/1995.08.20/nt_19950820_f11_v1.1_n.bin']
North,1995,8,21,6.575,0, ['/ecs/DP1/PM/NSIDC-0051.001/1995.08.21/nt_19950821_f11_v1.1_n.bin']
North,1995,8,22,6.551,0, ['/ecs/DP1/PM/NSIDC-0051.001/1995.08.22/nt_19950822_f11_v1.1_n.bin']
North,1995,8,23,6.398,0, ['/ecs/DP1/PM/NSIDC-0051.001/1995.08.23/nt_19950823_f11_v1.1_n.bin']
North,1995,8,24,6.369,0, ['/ecs/DP1/PM/NSIDC-0051.001/1995.08.24/nt_19950824_f11_v1.1_n.bin']
North,1995,8,25,6.402,0, ['/ecs/DP1/PM/NSIDC-0051.001/1995.08.25/nt_19950825_f11_v1.1_n.bin']
North,1995,8,26,6.357,0, ['/ecs/DP1/PM/NSIDC-0051.001/1995.08.26/nt_19950826_f11_v1.1_n.bin']
North,1995,8,27,6.295,0, ['/ecs/DP1/PM/NSIDC-0051.001/1995.08.27/nt_19950827_f11_v1.1_n.bin']
North,1995,8,28,6.306,0, ['/ecs/DP1/PM/NSIDC-0051.001/1995.08.28/nt_19950828_f11_v1.1_n.bin']
North,1995,8,29,6.284,0, ['/ecs/DP1/PM/NSIDC-0051.001/1995.08.29/nt_19950829_f11_v1.1_n.bin']
North,1995,8,30,6.264,0, ['/ecs/DP1/PM/NSIDC-0051.001/1995.08.30/nt_19950830_f11_v1.1_n.bin']
North,1995,8,31,6.26,0, ['/ecs/DP1/PM/NSIDC-0051.001/1995.08.31/nt_19950831_f11_v1.1_n.bin']
North,1995,9,1,6.189,0, ['/ecs/DP1/PM/NSIDC-0051.001/1995.09.01/nt_19950901_f11_v1.1_n.bin']
North,1995,9,2,6.15,0, ['/ecs/DP1/PM/NSIDC-0051.001/1995.09.02/nt_19950902_f11_v1.1_n.bin']
North,1995,9,3,6.076,0, ['/ecs/DP1/PM/NSIDC-0051.001/1995.09.03/nt_19950903_f11_v1.1_n.bin']
North,1995,9,4,6.012,0, ['/ecs/DP1/PM/NSIDC-0051.001/1995.09.04/nt_19950904_f11_v1.1_n.bin']
North,1995,9,5,6.013,0, ['/ecs/DP1/PM/NSIDC-0051.001/1995.09.05/nt_19950905_f11_v1.1_n.bin']
North,1995,9,6,6.035,0, ['/ecs/DP1/PM/NSIDC-0051.001/1995.09.06/nt_19950906_f11_v1.1_n.bin']
North,1995,9,7,6.016,0, ['/ecs/DP1/PM/NSIDC-0051.001/1995.09.07/nt_19950907_f11_v1.1_n.bin']
North,1995,9,8,6.059,0, ['/ecs/DP1/PM/NSIDC-0051.001/1995.09.08/nt_19950908_f11_v1.1_n.bin']
North,1995,9,9,6.02,0, ['/ecs/DP1/PM/NSIDC-0051.001/1995.09.09/nt_19950909_f11_v1.1_n.bin']
North,1995,9,10,6.106,0, ['/ecs/DP1/PM/NSIDC-0051.001/1995.09.10/nt_19950910_f11_v1.1_n.bin']
North,1995,9,11,6.116,0, ['/ecs/DP1/PM/NSIDC-0051.001/1995.09.11/nt_19950911_f11_v1.1_n.bin']
North,1995,9,12,6.104,0, ['/ecs/DP1/PM/NSIDC-0051.001/1995.09.12/nt_19950912_f11_v1.1_n.bin']
North,1995,9,13,6.068,0, ['/ecs/DP1/PM/NSIDC-0051.001/1995.09.13/nt_19950913_f11_v1.1_n.bin']
North,1995,9,14,6.053,0, ['/ecs/DP1/PM/NSIDC-0051.001/1995.09.14/nt_19950914_f11_v1.1_n.bin']
North,1995,9,15,6.054,0, ['/ecs/DP1/PM/NSIDC-0051.001/1995.09.15/nt_19950915_f11_v1.1_n.bin']
North,1995,9,16,6.068,0, ['/ecs/DP1/PM/NSIDC-0051.001/1995.09.16/nt_19950916_f11_v1.1_n.bin']
North,1995,9,17,6.039,0, ['/ecs/DP1/PM/NSIDC-0051.001/1995.09.17/nt_19950917_f11_v1.1_n.bin']
North,1995,9,18,6.037,0, ['/ecs/DP1/PM/NSIDC-0051.001/1995.09.18/nt_19950918_f11_v1.1_n.bin']
North,1995,9,19,6.087,0, ['/ecs/DP1/PM/NSIDC-0051.001/1995.09.19/nt_19950919_f11_v1.1_n.bin']
North,1995,9,20,6.132,0, ['/ecs/DP1/PM/NSIDC-0051.001/1995.09.20/nt_19950920_f11_v1.1_n.bin']
North,1995,9,21,6.116,0, ['/ecs/DP1/PM/NSIDC-0051.001/1995.09.21/nt_19950921_f11_v1.1_n.bin']
North,1995,9,22,6.099,0, ['/ecs/DP1/PM/NSIDC-0051.001/1995.09.22/nt_19950922_f11_v1.1_n.bin']
North,1995,9,23,6.106,0, ['/ecs/DP1/PM/NSIDC-0051.001/1995.09.23/nt_19950923_f11_v1.1_n.bin']
North,1995,9,24,6.107,0, ['/ecs/DP1/PM/NSIDC-0051.001/1995.09.24/nt_19950924_f11_v1.1_n.bin']
North,1995,9,25,6.075,0, ['/ecs/DP1/PM/NSIDC-0051.001/1995.09.25/nt_19950925_f11_v1.1_n.bin']
North,1995,9,26,6.11,0, ['/ecs/DP1/PM/NSIDC-0051.001/1995.09.26/nt_19950926_f11_v1.1_n.bin']
North,1995,9,27,6.121,0, ['/ecs/DP1/PM/NSIDC-0051.001/1995.09.27/nt_19950927_f11_v1.1_n.bin']
North,1995,9,28,6.122,0, ['/ecs/DP1/PM/NSIDC-0051.001/1995.09.28/nt_19950928_f11_v1.1_n.bin']
North,1995,9,29,6.075,0, ['/ecs/DP1/PM/NSIDC-0051.001/1995.09.29/nt_19950929_f11_v1.1_n.bin']
North,1995,9,30,6.039,0, ['/ecs/DP1/PM/NSIDC-0051.001/1995.09.30/nt_19950930_f13_v1.1_n.bin']
North,1995,10,1,6.163,0, ['/ecs/DP1/PM/NSIDC-0051.001/1995.10.01/nt_19951001_f13_v1.1_n.bin']
North,1995,10,2,6.188,0, ['/ecs/DP1/PM/NSIDC-0051.001/1995.10.02/nt_19951002_f13_v1.1_n.bin']
North,1995,10,3,6.2,0, ['/ecs/DP1/PM/NSIDC-0051.001/1995.10.03/nt_19951003_f13_v1.1_n.bin']
North,1995,10,4,6.173,0, ['/ecs/DP1/PM/NSIDC-0051.001/1995.10.04/nt_19951004_f13_v1.1_n.bin']
North,1995,10,5,6.256,0, ['/ecs/DP1/PM/NSIDC-0051.001/1995.10.05/nt_19951005_f13_v1.1_n.bin']
North,1995,10,6,6.309,0, ['/ecs/DP1/PM/NSIDC-0051.001/1995.10.06/nt_19951006_f13_v1.1_n.bin']
North,1995,10,7,6.375,0, ['/ecs/DP1/PM/NSIDC-0051.001/1995.10.07/nt_19951007_f13_v1.1_n.bin']
North,1995,10,8,6.413,0, ['/ecs/DP1/PM/NSIDC-0051.001/1995.10.08/nt_19951008_f13_v1.1_n.bin']
North,1995,10,9,6.488,0, ['/ecs/DP1/PM/NSIDC-0051.001/1995.10.09/nt_19951009_f13_v1.1_n.bin']
North,1995,10,10,6.523,0, ['/ecs/DP1/PM/NSIDC-0051.001/1995.10.10/nt_19951010_f13_v1.1_n.bin']
North,1995,10,11,6.605,0, ['/ecs/DP1/PM/NSIDC-0051.001/1995.10.11/nt_19951011_f13_v1.1_n.bin']
North,1995,10,12,6.772,0, ['/ecs/DP1/PM/NSIDC-0051.001/1995.10.12/nt_19951012_f13_v1.1_n.bin']
North,1995,10,13,7.011,0, ['/ecs/DP1/PM/NSIDC-0051.001/1995.10.13/nt_19951013_f13_v1.1_n.bin']
North,1995,10,14,7.322,0, ['/ecs/DP1/PM/NSIDC-0051.001/1995.10.14/nt_19951014_f13_v1.1_n.bin']
North,1995,10,15,7.65,0, ['/ecs/DP1/PM/NSIDC-0051.001/1995.10.15/nt_19951015_f13_v1.1_n.bin']
North,1995,10,16,7.875,0, ['/ecs/DP1/PM/NSIDC-0051.001/1995.10.16/nt_19951016_f13_v1.1_n.bin']
North,1995,10,17,8.031,0, ['/ecs/DP1/PM/NSIDC-0051.001/1995.10.17/nt_19951017_f13_v1.1_n.bin']
North,1995,10,18,8.263,0, ['/ecs/DP1/PM/NSIDC-0051.001/1995.10.18/nt_19951018_f13_v1.1_n.bin']
North,1995,10,19,8.435,0, ['/ecs/DP1/PM/NSIDC-0051.001/1995.10.19/nt_19951019_f13_v1.1_n.bin']
North,1995,10,20,8.514,0, ['/ecs/DP1/PM/NSIDC-0051.001/1995.10.20/nt_19951020_f13_v1.1_n.bin']
North,1995,10,21,8.706,0, ['/ecs/DP1/PM/NSIDC-0051.001/1995.10.21/nt_19951021_f13_v1.1_n.bin']
North,1995,10,22,8.962,0, ['/ecs/DP1/PM/NSIDC-0051.001/1995.10.22/nt_19951022_f13_v1.1_n.bin']
North,1995,10,23,9.116,0, ['/ecs/DP1/PM/NSIDC-0051.001/1995.10.23/nt_19951023_f13_v1.1_n.bin']
North,1995,10,24,9.13,0, ['/ecs/DP1/PM/NSIDC-0051.001/1995.10.24/nt_19951024_f13_v1.1_n.bin']
North,1995,10,25,9.211,0, ['/ecs/DP1/PM/NSIDC-0051.001/1995.10.25/nt_19951025_f13_v1.1_n.bin']
North,1995,10,26,9.315,0, ['/ecs/DP1/PM/NSIDC-0051.001/1995.10.26/nt_19951026_f13_v1.1_n.bin']
North,1995,10,27,9.438,0, ['/ecs/DP1/PM/NSIDC-0051.001/1995.10.27/nt_19951027_f13_v1.1_n.bin']
North,1995,10,28,9.659,0, ['/ecs/DP1/PM/NSIDC-0051.001/1995.10.28/nt_19951028_f13_v1.1_n.bin']
North,1995,10,29,9.818,0, ['/ecs/DP1/PM/NSIDC-0051.001/1995.10.29/nt_19951029_f13_v1.1_n.bin']
North,1995,10,30,9.857,0, ['/ecs/DP1/PM/NSIDC-0051.001/1995.10.30/nt_19951030_f13_v1.1_n.bin']
North,1995,10,31,9.919,0, ['/ecs/DP1/PM/NSIDC-0051.001/1995.10.31/nt_19951031_f13_v1.1_n.bin']
North,1995,11,1,10.003,0, ['/ecs/DP1/PM/NSIDC-0051.001/1995.11.01/nt_19951101_f13_v1.1_n.bin']
North,1995,11,2,10.104,0, ['/ecs/DP1/PM/NSIDC-0051.001/1995.11.02/nt_19951102_f13_v1.1_n.bin']
North,1995,11,3,10.142,0, ['/ecs/DP1/PM/NSIDC-0051.001/1995.11.03/nt_19951103_f13_v1.1_n.bin']
North,1995,11,4,10.127,0, ['/ecs/DP1/PM/NSIDC-0051.001/1995.11.04/nt_19951104_f13_v1.1_n.bin']
North,1995,11,5,10.027,0, ['/ecs/DP1/PM/NSIDC-0051.001/1995.11.05/nt_19951105_f13_v1.1_n.bin']
North,1995,11,6,10.081,0, ['/ecs/DP1/PM/NSIDC-0051.001/1995.11.06/nt_19951106_f13_v1.1_n.bin']
North,1995,11,7,10.107,0, ['/ecs/DP1/PM/NSIDC-0051.001/1995.11.07/nt_19951107_f13_v1.1_n.bin']
North,1995,11,8,10.21,0, ['/ecs/DP1/PM/NSIDC-0051.001/1995.11.08/nt_19951108_f13_v1.1_n.bin']
North,1995,11,9,10.337,0, ['/ecs/DP1/PM/NSIDC-0051.001/1995.11.09/nt_19951109_f13_v1.1_n.bin']
North,1995,11,10,10.31,0, ['/ecs/DP1/PM/NSIDC-0051.001/1995.11.10/nt_19951110_f13_v1.1_n.bin']
North,1995,11,11,10.358,0, ['/ecs/DP1/PM/NSIDC-0051.001/1995.11.11/nt_19951111_f13_v1.1_n.bin']
North,1995,11,12,10.425,0, ['/ecs/DP1/PM/NSIDC-0051.001/1995.11.12/nt_19951112_f13_v1.1_n.bin']
North,1995,11,13,10.51,0, ['/ecs/DP1/PM/NSIDC-0051.001/1995.11.13/nt_19951113_f13_v1.1_n.bin']
North,1995,11,14,10.493,0, ['/ecs/DP1/PM/NSIDC-0051.001/1995.11.14/nt_19951114_f13_v1.1_n.bin']
North,1995,11,15,10.625,0, ['/ecs/DP1/PM/NSIDC-0051.001/1995.11.15/nt_19951115_f13_v1.1_n.bin']
North,1995,11,16,10.806,0, ['/ecs/DP1/PM/NSIDC-0051.001/1995.11.16/nt_19951116_f13_v1.1_n.bin']
North,1995,11,17,10.76,0, ['/ecs/DP1/PM/NSIDC-0051.001/1995.11.17/nt_19951117_f13_v1.1_n.bin']
North,1995,11,18,10.889,0, ['/ecs/DP1/PM/NSIDC-0051.001/1995.11.18/nt_19951118_f13_v1.1_n.bin']
North,1995,11,19,10.935,0, ['/ecs/DP1/PM/NSIDC-0051.001/1995.11.19/nt_19951119_f13_v1.1_n.bin']
North,1995,11,20,10.951,0, ['/ecs/DP1/PM/NSIDC-0051.001/1995.11.20/nt_19951120_f13_v1.1_n.bin']
North,1995,11,21,11.025,0, ['/ecs/DP1/PM/NSIDC-0051.001/1995.11.21/nt_19951121_f13_v1.1_n.bin']
North,1995,11,22,11.012,0, ['/ecs/DP1/PM/NSIDC-0051.001/1995.11.22/nt_19951122_f13_v1.1_n.bin']
North,1995,11,23,11.149,0, ['/ecs/DP1/PM/NSIDC-0051.001/1995.11.23/nt_19951123_f13_v1.1_n.bin']
North,1995,11,24,11.258,0, ['/ecs/DP1/PM/NSIDC-0051.001/1995.11.24/nt_19951124_f13_v1.1_n.bin']
North,1995,11,25,11.37,0, ['/ecs/DP1/PM/NSIDC-0051.001/1995.11.25/nt_19951125_f13_v1.1_n.bin']
North,1995,11,26,11.505,0, ['/ecs/DP1/PM/NSIDC-0051.001/1995.11.26/nt_19951126_f13_v1.1_n.bin']
North,1995,11,27,11.646,0, ['/ecs/DP1/PM/NSIDC-0051.001/1995.11.27/nt_19951127_f13_v1.1_n.bin']
North,1995,11,28,11.832,0, ['/ecs/DP1/PM/NSIDC-0051.001/1995.11.28/nt_19951128_f13_v1.1_n.bin']
North,1995,11,29,11.853,0, ['/ecs/DP1/PM/NSIDC-0051.001/1995.11.29/nt_19951129_f13_v1.1_n.bin']
North,1995,11,30,11.976,0, ['/ecs/DP1/PM/NSIDC-0051.001/1995.11.30/nt_19951130_f13_v1.1_n.bin']
North,1995,12,1,12.195,0, ['/ecs/DP1/PM/NSIDC-0051.001/1995.12.01/nt_19951201_f13_v1.1_n.bin']
North,1995,12,2,12.305,0, ['/ecs/DP1/PM/NSIDC-0051.001/1995.12.02/nt_19951202_f13_v1.1_n.bin']
North,1995,12,3,12.37,0, ['/ecs/DP1/PM/NSIDC-0051.001/1995.12.03/nt_19951203_f13_v1.1_n.bin']
North,1995,12,4,12.445,0, ['/ecs/DP1/PM/NSIDC-0051.001/1995.12.04/nt_19951204_f13_v1.1_n.bin']
North,1995,12,5,12.494,0, ['/ecs/DP1/PM/NSIDC-0051.001/1995.12.05/nt_19951205_f13_v1.1_n.bin']
North,1995,12,6,12.501,0, ['/ecs/DP1/PM/NSIDC-0051.001/1995.12.06/nt_19951206_f13_v1.1_n.bin']
North,1995,12,7,12.475,0, ['/ecs/DP1/PM/NSIDC-0051.001/1995.12.07/nt_19951207_f13_v1.1_n.bin']
North,1995,12,8,12.462,0, ['/ecs/DP1/PM/NSIDC-0051.001/1995.12.08/nt_19951208_f13_v1.1_n.bin']
North,1995,12,9,12.531,0, ['/ecs/DP1/PM/NSIDC-0051.001/1995.12.09/nt_19951209_f13_v1.1_n.bin']
North,1995,12,10,12.656,0, ['/ecs/DP1/PM/NSIDC-0051.001/1995.12.10/nt_19951210_f13_v1.1_n.bin']
North,1995,12,11,12.617,0, ['/ecs/DP1/PM/NSIDC-0051.001/1995.12.11/nt_19951211_f13_v1.1_n.bin']
North,1995,12,12,12.558,0, ['/ecs/DP1/PM/NSIDC-0051.001/1995.12.12/nt_19951212_f13_v1.1_n.bin']
North,1995,12,13,12.648,0, ['/ecs/DP1/PM/NSIDC-0051.001/1995.12.13/nt_19951213_f13_v1.1_n.bin']
North,1995,12,14,12.707,0, ['/ecs/DP1/PM/NSIDC-0051.001/1995.12.14/nt_19951214_f13_v1.1_n.bin']
North,1995,12,15,12.84,0, ['/ecs/DP1/PM/NSIDC-0051.001/1995.12.15/nt_19951215_f13_v1.1_n.bin']
North,1995,12,16,13.003,0, ['/ecs/DP1/PM/NSIDC-0051.001/1995.12.16/nt_19951216_f13_v1.1_n.bin']
North,1995,12,17,12.923,0, ['/ecs/DP1/PM/NSIDC-0051.001/1995.12.17/nt_19951217_f13_v1.1_n.bin']
North,1995,12,18,12.93,0, ['/ecs/DP1/PM/NSIDC-0051.001/1995.12.18/nt_19951218_f13_v1.1_n.bin']
North,1995,12,19,12.995,0, ['/ecs/DP1/PM/NSIDC-0051.001/1995.12.19/nt_19951219_f13_v1.1_n.bin']
North,1995,12,20,13.133,0, ['/ecs/DP1/PM/NSIDC-0051.001/1995.12.20/nt_19951220_f13_v1.1_n.bin']
North,1995,12,21,13.182,0, ['/ecs/DP1/PM/NSIDC-0051.001/1995.12.21/nt_19951221_f13_v1.1_n.bin']
North,1995,12,22,13.22,0, ['/ecs/DP1/PM/NSIDC-0051.001/1995.12.22/nt_19951222_f13_v1.1_n.bin']
North,1995,12,23,13.289,0, ['/ecs/DP1/PM/NSIDC-0051.001/1995.12.23/nt_19951223_f13_v1.1_n.bin']
North,1995,12,24,13.305,0, ['/ecs/DP1/PM/NSIDC-0051.001/1995.12.24/nt_19951224_f13_v1.1_n.bin']
North,1995,12,25,13.344,0, ['/ecs/DP1/PM/NSIDC-0051.001/1995.12.25/nt_19951225_f13_v1.1_n.bin']
North,1995,12,26,13.363,0, ['/ecs/DP1/PM/NSIDC-0051.001/1995.12.26/nt_19951226_f13_v1.1_n.bin']
North,1995,12,27,13.422,0, ['/ecs/DP1/PM/NSIDC-0051.001/1995.12.27/nt_19951227_f13_v1.1_n.bin']
North,1995,12,28,13.583,0, ['/ecs/DP1/PM/NSIDC-0051.001/1995.12.28/nt_19951228_f13_v1.1_n.bin']
North,1995,12,29,13.641,0, ['/ecs/DP1/PM/NSIDC-0051.001/1995.12.29/nt_19951229_f13_v1.1_n.bin']
North,1995,12,30,13.707,0, ['/ecs/DP1/PM/NSIDC-0051.001/1995.12.30/nt_19951230_f13_v1.1_n.bin']
North,1995,12,31,13.702,0, ['/ecs/DP1/PM/NSIDC-0051.001/1995.12.31/nt_19951231_f13_v1.1_n.bin']
North,1996,1,1,13.804,0, ['/ecs/DP1/PM/NSIDC-0051.001/1996.01.01/nt_19960101_f13_v1.1_n.bin']
North,1996,1,2,13.818,0, ['/ecs/DP1/PM/NSIDC-0051.001/1996.01.02/nt_19960102_f13_v1.1_n.bin']
North,1996,1,3,13.786,0, ['/ecs/DP1/PM/NSIDC-0051.001/1996.01.03/nt_19960103_f13_v1.1_n.bin']
North,1996,1,4,13.791,0, ['/ecs/DP1/PM/NSIDC-0051.001/1996.01.04/nt_19960104_f13_v1.1_n.bin']
North,1996,1,5,13.839,0, ['/ecs/DP1/PM/NSIDC-0051.001/1996.01.05/nt_19960105_f13_v1.1_n.bin']
North,1996,1,6,13.877,0, ['/ecs/DP1/PM/NSIDC-0051.001/1996.01.06/nt_19960106_f13_v1.1_n.bin']
North,1996,1,7,14.007,0, ['/ecs/DP1/PM/NSIDC-0051.001/1996.01.07/nt_19960107_f13_v1.1_n.bin']
North,1996,1,8,13.976,0, ['/ecs/DP1/PM/NSIDC-0051.001/1996.01.08/nt_19960108_f13_v1.1_n.bin']
North,1996,1,9,13.941,0, ['/ecs/DP1/PM/NSIDC-0051.001/1996.01.09/nt_19960109_f13_v1.1_n.bin']
North,1996,1,10,13.915,0, ['/ecs/DP1/PM/NSIDC-0051.001/1996.01.10/nt_19960110_f13_v1.1_n.bin']
North,1996,1,11,13.95,0, ['/ecs/DP1/PM/NSIDC-0051.001/1996.01.11/nt_19960111_f13_v1.1_n.bin']
North,1996,1,12,13.951,0, ['/ecs/DP1/PM/NSIDC-0051.001/1996.01.12/nt_19960112_f13_v1.1_n.bin']
North,1996,1,13,14.095,0, ['/ecs/DP1/PM/NSIDC-0051.001/1996.01.13/nt_19960113_f13_v1.1_n.bin']
North,1996,1,14,14.025,0, ['/ecs/DP1/PM/NSIDC-0051.001/1996.01.14/nt_19960114_f13_v1.1_n.bin']
North,1996,1,15,14.037,0, ['/ecs/DP1/PM/NSIDC-0051.001/1996.01.15/nt_19960115_f13_v1.1_n.bin']
North,1996,1,16,14.15,0, ['/ecs/DP1/PM/NSIDC-0051.001/1996.01.16/nt_19960116_f13_v1.1_n.bin']
North,1996,1,17,14.22,0, ['/ecs/DP1/PM/NSIDC-0051.001/1996.01.17/nt_19960117_f13_v1.1_n.bin']
North,1996,1,18,14.237,0, ['/ecs/DP1/PM/NSIDC-0051.001/1996.01.18/nt_19960118_f13_v1.1_n.bin']
North,1996,1,19,14.318,0, ['/ecs/DP1/PM/NSIDC-0051.001/1996.01.19/nt_19960119_f13_v1.1_n.bin']
North,1996,1,20,14.338,0, ['/ecs/DP1/PM/NSIDC-0051.001/1996.01.20/nt_19960120_f13_v1.1_n.bin']
North,1996,1,21,14.256,0, ['/ecs/DP1/PM/NSIDC-0051.001/1996.01.21/nt_19960121_f13_v1.1_n.bin']
North,1996,1,22,14.373,0, ['/ecs/DP1/PM/NSIDC-0051.001/1996.01.22/nt_19960122_f13_v1.1_n.bin']
North,1996,1,23,14.423,0, ['/ecs/DP1/PM/NSIDC-0051.001/1996.01.23/nt_19960123_f13_v1.1_n.bin']
North,1996,1,24,14.467,0, ['/ecs/DP1/PM/NSIDC-0051.001/1996.01.24/nt_19960124_f13_v1.1_n.bin']
North,1996,1,25,14.598,0, ['/ecs/DP1/PM/NSIDC-0051.001/1996.01.25/nt_19960125_f13_v1.1_n.bin']
North,1996,1,26,14.405,0, ['/ecs/DP1/PM/NSIDC-0051.001/1996.01.26/nt_19960126_f13_v1.1_n.bin']
North,1996,1,27,14.527,0, ['/ecs/DP1/PM/NSIDC-0051.001/1996.01.27/nt_19960127_f13_v1.1_n.bin']
North,1996,1,28,14.625,0, ['/ecs/DP1/PM/NSIDC-0051.001/1996.01.28/nt_19960128_f13_v1.1_n.bin']
North,1996,1,29,14.532,0, ['/ecs/DP1/PM/NSIDC-0051.001/1996.01.29/nt_19960129_f13_v1.1_n.bin']
North,1996,1,30,14.653,0, ['/ecs/DP1/PM/NSIDC-0051.001/1996.01.30/nt_19960130_f13_v1.1_n.bin']
North,1996,1,31,14.673,0, ['/ecs/DP1/PM/NSIDC-0051.001/1996.01.31/nt_19960131_f13_v1.1_n.bin']
North,1996,2,1,14.706,0, ['/ecs/DP1/PM/NSIDC-0051.001/1996.02.01/nt_19960201_f13_v1.1_n.bin']
North,1996,2,2,14.798,0, ['/ecs/DP1/PM/NSIDC-0051.001/1996.02.02/nt_19960202_f13_v1.1_n.bin']
North,1996,2,3,14.803,0, ['/ecs/DP1/PM/NSIDC-0051.001/1996.02.03/nt_19960203_f13_v1.1_n.bin']
North,1996,2,4,14.818,0, ['/ecs/DP1/PM/NSIDC-0051.001/1996.02.04/nt_19960204_f13_v1.1_n.bin']
North,1996,2,5,14.873,0, ['/ecs/DP1/PM/NSIDC-0051.001/1996.02.05/nt_19960205_f13_v1.1_n.bin']
North,1996,2,6,14.974,0, ['/ecs/DP1/PM/NSIDC-0051.001/1996.02.06/nt_19960206_f13_v1.1_n.bin']
North,1996,2,7,15.058,0, ['/ecs/DP1/PM/NSIDC-0051.001/1996.02.07/nt_19960207_f13_v1.1_n.bin']
North,1996,2,8,15.164,0, ['/ecs/DP1/PM/NSIDC-0051.001/1996.02.08/nt_19960208_f13_v1.1_n.bin']
North,1996,2,9,15.191,0, ['/ecs/DP1/PM/NSIDC-0051.001/1996.02.09/nt_19960209_f13_v1.1_n.bin']
North,1996,2,10,15.224,0, ['/ecs/DP1/PM/NSIDC-0051.001/1996.02.10/nt_19960210_f13_v1.1_n.bin']
North,1996,2,11,15.174,0, ['/ecs/DP1/PM/NSIDC-0051.001/1996.02.11/nt_19960211_f13_v1.1_n.bin']
North,1996,2,12,15.119,0, ['/ecs/DP1/PM/NSIDC-0051.001/1996.02.12/nt_19960212_f13_v1.1_n.bin']
North,1996,2,13,15.088,0, ['/ecs/DP1/PM/NSIDC-0051.001/1996.02.13/nt_19960213_f13_v1.1_n.bin']
North,1996,2,14,15.162,0, ['/ecs/DP1/PM/NSIDC-0051.001/1996.02.14/nt_19960214_f13_v1.1_n.bin']
North,1996,2,15,15.235,0, ['/ecs/DP1/PM/NSIDC-0051.001/1996.02.15/nt_19960215_f13_v1.1_n.bin']
North,1996,2,16,15.087,0, ['/ecs/DP1/PM/NSIDC-0051.001/1996.02.16/nt_19960216_f13_v1.1_n.bin']
North,1996,2,17,15.157,0, ['/ecs/DP1/PM/NSIDC-0051.001/1996.02.17/nt_19960217_f13_v1.1_n.bin']
North,1996,2,18,15.272,0, ['/ecs/DP1/PM/NSIDC-0051.001/1996.02.18/nt_19960218_f13_v1.1_n.bin']
North,1996,2,19,15.319,0, ['/ecs/DP1/PM/NSIDC-0051.001/1996.02.19/nt_19960219_f13_v1.1_n.bin']
North,1996,2,20,15.455,0, ['/ecs/DP1/PM/NSIDC-0051.001/1996.02.20/nt_19960220_f13_v1.1_n.bin']
North,1996,2,21,15.484,0, ['/ecs/DP1/PM/NSIDC-0051.001/1996.02.21/nt_19960221_f13_v1.1_n.bin']
North,1996,2,22,15.398,0, ['/ecs/DP1/PM/NSIDC-0051.001/1996.02.22/nt_19960222_f13_v1.1_n.bin']
North,1996,2,23,15.406,0, ['/ecs/DP1/PM/NSIDC-0051.001/1996.02.23/nt_19960223_f13_v1.1_n.bin']
North,1996,2,24,15.386,0, ['/ecs/DP1/PM/NSIDC-0051.001/1996.02.24/nt_19960224_f13_v1.1_n.bin']
North,1996,2,25,15.301,0, ['/ecs/DP1/PM/NSIDC-0051.001/1996.02.25/nt_19960225_f13_v1.1_n.bin']
North,1996,2,26,15.234,0, ['/ecs/DP1/PM/NSIDC-0051.001/1996.02.26/nt_19960226_f13_v1.1_n.bin']
North,1996,2,27,15.2,0, ['/ecs/DP1/PM/NSIDC-0051.001/1996.02.27/nt_19960227_f13_v1.1_n.bin']
North,1996,2,28,15.218,0, ['/ecs/DP1/PM/NSIDC-0051.001/1996.02.28/nt_19960228_f13_v1.1_n.bin']
North,1996,2,29,15.186,0, ['/ecs/DP1/PM/NSIDC-0051.001/1996.02.29/nt_19960229_f13_v1.1_n.bin']
North,1996,3,1,15.23,0, ['/ecs/DP1/PM/NSIDC-0051.001/1996.03.01/nt_19960301_f13_v1.1_n.bin']
North,1996,3,2,15.232,0, ['/ecs/DP1/PM/NSIDC-0051.001/1996.03.02/nt_19960302_f13_v1.1_n.bin']
North,1996,3,3,15.277,0, ['/ecs/DP1/PM/NSIDC-0051.001/1996.03.03/nt_19960303_f13_v1.1_n.bin']
North,1996,3,4,15.245,0, ['/ecs/DP1/PM/NSIDC-0051.001/1996.03.04/nt_19960304_f13_v1.1_n.bin']
North,1996,3,5,15.284,0, ['/ecs/DP1/PM/NSIDC-0051.001/1996.03.05/nt_19960305_f13_v1.1_n.bin']
North,1996,3,6,15.326,0, ['/ecs/DP1/PM/NSIDC-0051.001/1996.03.06/nt_19960306_f13_v1.1_n.bin']
North,1996,3,7,15.334,0, ['/ecs/DP1/PM/NSIDC-0051.001/1996.03.07/nt_19960307_f13_v1.1_n.bin']
North,1996,3,8,15.337,0, ['/ecs/DP1/PM/NSIDC-0051.001/1996.03.08/nt_19960308_f13_v1.1_n.bin']
North,1996,3,9,15.259,0, ['/ecs/DP1/PM/NSIDC-0051.001/1996.03.09/nt_19960309_f13_v1.1_n.bin']
North,1996,3,10,15.273,0, ['/ecs/DP1/PM/NSIDC-0051.001/1996.03.10/nt_19960310_f13_v1.1_n.bin']
North,1996,3,11,15.214,0, ['/ecs/DP1/PM/NSIDC-0051.001/1996.03.11/nt_19960311_f13_v1.1_n.bin']
North,1996,3,12,15.202,0, ['/ecs/DP1/PM/NSIDC-0051.001/1996.03.12/nt_19960312_f13_v1.1_n.bin']
North,1996,3,13,15.214,0, ['/ecs/DP1/PM/NSIDC-0051.001/1996.03.13/nt_19960313_f13_v1.1_n.bin']
North,1996,3,14,15.169,0, ['/ecs/DP1/PM/NSIDC-0051.001/1996.03.14/nt_19960314_f13_v1.1_n.bin']
North,1996,3,15,15.188,0, ['/ecs/DP1/PM/NSIDC-0051.001/1996.03.15/nt_19960315_f13_v1.1_n.bin']
North,1996,3,16,15.118,0, ['/ecs/DP1/PM/NSIDC-0051.001/1996.03.16/nt_19960316_f13_v1.1_n.bin']
North,1996,3,17,15.07,0, ['/ecs/DP1/PM/NSIDC-0051.001/1996.03.17/nt_19960317_f13_v1.1_n.bin']
North,1996,3,18,15.021,0, ['/ecs/DP1/PM/NSIDC-0051.001/1996.03.18/nt_19960318_f13_v1.1_n.bin']
North,1996,3,19,14.997,0, ['/ecs/DP1/PM/NSIDC-0051.001/1996.03.19/nt_19960319_f13_v1.1_n.bin']
North,1996,3,20,15.007,0, ['/ecs/DP1/PM/NSIDC-0051.001/1996.03.20/nt_19960320_f13_v1.1_n.bin']
North,1996,3,21,15.047,0, ['/ecs/DP1/PM/NSIDC-0051.001/1996.03.21/nt_19960321_f13_v1.1_n.bin']
North,1996,3,22,15.086,0, ['/ecs/DP1/PM/NSIDC-0051.001/1996.03.22/nt_19960322_f13_v1.1_n.bin']
North,1996,3,23,14.998,0, ['/ecs/DP1/PM/NSIDC-0051.001/1996.03.23/nt_19960323_f13_v1.1_n.bin']
North,1996,3,24,14.966,0, ['/ecs/DP1/PM/NSIDC-0051.001/1996.03.24/nt_19960324_f13_v1.1_n.bin']
North,1996,3,25,14.895,0, ['/ecs/DP1/PM/NSIDC-0051.001/1996.03.25/nt_19960325_f13_v1.1_n.bin']
North,1996,3,26,14.925,0, ['/ecs/DP1/PM/NSIDC-0051.001/1996.03.26/nt_19960326_f13_v1.1_n.bin']
North,1996,3,27,14.916,0, ['/ecs/DP1/PM/NSIDC-0051.001/1996.03.27/nt_19960327_f13_v1.1_n.bin']
North,1996,3,28,14.976,0, ['/ecs/DP1/PM/NSIDC-0051.001/1996.03.28/nt_19960328_f13_v1.1_n.bin']
North,1996,3,29,15.006,0, ['/ecs/DP1/PM/NSIDC-0051.001/1996.03.29/nt_19960329_f13_v1.1_n.bin']
North,1996,3,30,15.016,0, ['/ecs/DP1/PM/NSIDC-0051.001/1996.03.30/nt_19960330_f13_v1.1_n.bin']
North,1996,3,31,14.979,0, ['/ecs/DP1/PM/NSIDC-0051.001/1996.03.31/nt_19960331_f13_v1.1_n.bin']
North,1996,4,1,14.827,0, ['/ecs/DP1/PM/NSIDC-0051.001/1996.04.01/nt_19960401_f13_v1.1_n.bin']
North,1996,4,2,14.7,0, ['/ecs/DP1/PM/NSIDC-0051.001/1996.04.02/nt_19960402_f13_v1.1_n.bin']
North,1996,4,3,14.63,0, ['/ecs/DP1/PM/NSIDC-0051.001/1996.04.03/nt_19960403_f13_v1.1_n.bin']
North,1996,4,4,14.534,0, ['/ecs/DP1/PM/NSIDC-0051.001/1996.04.04/nt_19960404_f13_v1.1_n.bin']
North,1996,4,5,14.476,0, ['/ecs/DP1/PM/NSIDC-0051.001/1996.04.05/nt_19960405_f13_v1.1_n.bin']
North,1996,4,6,14.404,0, ['/ecs/DP1/PM/NSIDC-0051.001/1996.04.06/nt_19960406_f13_v1.1_n.bin']
North,1996,4,7,14.373,0, ['/ecs/DP1/PM/NSIDC-0051.001/1996.04.07/nt_19960407_f13_v1.1_n.bin']
North,1996,4,8,14.343,0, ['/ecs/DP1/PM/NSIDC-0051.001/1996.04.08/nt_19960408_f13_v1.1_n.bin']
North,1996,4,9,14.35,0, ['/ecs/DP1/PM/NSIDC-0051.001/1996.04.09/nt_19960409_f13_v1.1_n.bin']
North,1996,4,10,14.359,0, ['/ecs/DP1/PM/NSIDC-0051.001/1996.04.10/nt_19960410_f13_v1.1_n.bin']
North,1996,4,11,14.324,0, ['/ecs/DP1/PM/NSIDC-0051.001/1996.04.11/nt_19960411_f13_v1.1_n.bin']
North,1996,4,12,14.299,0, ['/ecs/DP1/PM/NSIDC-0051.001/1996.04.12/nt_19960412_f13_v1.1_n.bin']
North,1996,4,13,14.268,0, ['/ecs/DP1/PM/NSIDC-0051.001/1996.04.13/nt_19960413_f13_v1.1_n.bin']
North,1996,4,14,14.245,0, ['/ecs/DP1/PM/NSIDC-0051.001/1996.04.14/nt_19960414_f13_v1.1_n.bin']
North,1996,4,15,14.213,0, ['/ecs/DP1/PM/NSIDC-0051.001/1996.04.15/nt_19960415_f13_v1.1_n.bin']
North,1996,4,16,14.16,0, ['/ecs/DP1/PM/NSIDC-0051.001/1996.04.16/nt_19960416_f13_v1.1_n.bin']
North,1996,4,17,14.128,0, ['/ecs/DP1/PM/NSIDC-0051.001/1996.04.17/nt_19960417_f13_v1.1_n.bin']
North,1996,4,18,14.126,0, ['/ecs/DP1/PM/NSIDC-0051.001/1996.04.18/nt_19960418_f13_v1.1_n.bin']
North,1996,4,19,14.109,0, ['/ecs/DP1/PM/NSIDC-0051.001/1996.04.19/nt_19960419_f13_v1.1_n.bin']
North,1996,4,20,14.071,0, ['/ecs/DP1/PM/NSIDC-0051.001/1996.04.20/nt_19960420_f13_v1.1_n.bin']
North,1996,4,21,14.106,0, ['/ecs/DP1/PM/NSIDC-0051.001/1996.04.21/nt_19960421_f13_v1.1_n.bin']
North,1996,4,22,14.102,0, ['/ecs/DP1/PM/NSIDC-0051.001/1996.04.22/nt_19960422_f13_v1.1_n.bin']
North,1996,4,23,14.097,0, ['/ecs/DP1/PM/NSIDC-0051.001/1996.04.23/nt_19960423_f13_v1.1_n.bin']
North,1996,4,24,14.093,0, ['/ecs/DP1/PM/NSIDC-0051.001/1996.04.24/nt_19960424_f13_v1.1_n.bin']
North,1996,4,25,13.991,0, ['/ecs/DP1/PM/NSIDC-0051.001/1996.04.25/nt_19960425_f13_v1.1_n.bin']
North,1996,4,26,13.969,0, ['/ecs/DP1/PM/NSIDC-0051.001/1996.04.26/nt_19960426_f13_v1.1_n.bin']
North,1996,4,27,13.916,0, ['/ecs/DP1/PM/NSIDC-0051.001/1996.04.27/nt_19960427_f13_v1.1_n.bin']
North,1996,4,28,13.885,0, ['/ecs/DP1/PM/NSIDC-0051.001/1996.04.28/nt_19960428_f13_v1.1_n.bin']
North,1996,4,29,13.759,0, ['/ecs/DP1/PM/NSIDC-0051.001/1996.04.29/nt_19960429_f13_v1.1_n.bin']
North,1996,4,30,13.619,0, ['/ecs/DP1/PM/NSIDC-0051.001/1996.04.30/nt_19960430_f13_v1.1_n.bin']
North,1996,5,1,13.547,0, ['/ecs/DP1/PM/NSIDC-0051.001/1996.05.01/nt_19960501_f13_v1.1_n.bin']
North,1996,5,2,13.541,0, ['/ecs/DP1/PM/NSIDC-0051.001/1996.05.02/nt_19960502_f13_v1.1_n.bin']
North,1996,5,3,13.539,0, ['/ecs/DP1/PM/NSIDC-0051.001/1996.05.03/nt_19960503_f13_v1.1_n.bin']
North,1996,5,4,13.516,0, ['/ecs/DP1/PM/NSIDC-0051.001/1996.05.04/nt_19960504_f13_v1.1_n.bin']
North,1996,5,5,13.49,0, ['/ecs/DP1/PM/NSIDC-0051.001/1996.05.05/nt_19960505_f13_v1.1_n.bin']
North,1996,5,6,13.43,0, ['/ecs/DP1/PM/NSIDC-0051.001/1996.05.06/nt_19960506_f13_v1.1_n.bin']
North,1996,5,7,13.312,0, ['/ecs/DP1/PM/NSIDC-0051.001/1996.05.07/nt_19960507_f13_v1.1_n.bin']
North,1996,5,8,13.329,0, ['/ecs/DP1/PM/NSIDC-0051.001/1996.05.08/nt_19960508_f13_v1.1_n.bin']
North,1996,5,9,13.307,0, ['/ecs/DP1/PM/NSIDC-0051.001/1996.05.09/nt_19960509_f13_v1.1_n.bin']
North,1996,5,10,13.281,0, ['/ecs/DP1/PM/NSIDC-0051.001/1996.05.10/nt_19960510_f13_v1.1_n.bin']
North,1996,5,11,13.165,0, ['/ecs/DP1/PM/NSIDC-0051.001/1996.05.11/nt_19960511_f13_v1.1_n.bin']
North,1996,5,12,13.1,0, ['/ecs/DP1/PM/NSIDC-0051.001/1996.05.12/nt_19960512_f13_v1.1_n.bin']
North,1996,5,13,13.079,0, ['/ecs/DP1/PM/NSIDC-0051.001/1996.05.13/nt_19960513_f13_v1.1_n.bin']
North,1996,5,14,13.051,0, ['/ecs/DP1/PM/NSIDC-0051.001/1996.05.14/nt_19960514_f13_v1.1_n.bin']
North,1996,5,15,13.017,0, ['/ecs/DP1/PM/NSIDC-0051.001/1996.05.15/nt_19960515_f13_v1.1_n.bin']
North,1996,5,16,13.045,0, ['/ecs/DP1/PM/NSIDC-0051.001/1996.05.16/nt_19960516_f13_v1.1_n.bin']
North,1996,5,17,13.039,0, ['/ecs/DP1/PM/NSIDC-0051.001/1996.05.17/nt_19960517_f13_v1.1_n.bin']
North,1996,5,18,13.06,0, ['/ecs/DP1/PM/NSIDC-0051.001/1996.05.18/nt_19960518_f13_v1.1_n.bin']
North,1996,5,19,13.021,0, ['/ecs/DP1/PM/NSIDC-0051.001/1996.05.19/nt_19960519_f13_v1.1_n.bin']
North,1996,5,20,13.05,0, ['/ecs/DP1/PM/NSIDC-0051.001/1996.05.20/nt_19960520_f13_v1.1_n.bin']
North,1996,5,21,13.009,0, ['/ecs/DP1/PM/NSIDC-0051.001/1996.05.21/nt_19960521_f13_v1.1_n.bin']
North,1996,5,22,12.938,0, ['/ecs/DP1/PM/NSIDC-0051.001/1996.05.22/nt_19960522_f13_v1.1_n.bin']
North,1996,5,23,12.934,0, ['/ecs/DP1/PM/NSIDC-0051.001/1996.05.23/nt_19960523_f13_v1.1_n.bin']
North,1996,5,24,12.881,0, ['/ecs/DP1/PM/NSIDC-0051.001/1996.05.24/nt_19960524_f13_v1.1_n.bin']
North,1996,5,25,12.841,0, ['/ecs/DP1/PM/NSIDC-0051.001/1996.05.25/nt_19960525_f13_v1.1_n.bin']
North,1996,5,26,12.783,0, ['/ecs/DP1/PM/NSIDC-0051.001/1996.05.26/nt_19960526_f13_v1.1_n.bin']
North,1996,5,27,12.758,0, ['/ecs/DP1/PM/NSIDC-0051.001/1996.05.27/nt_19960527_f13_v1.1_n.bin']
North,1996,5,28,12.814,0, ['/ecs/DP1/PM/NSIDC-0051.001/1996.05.28/nt_19960528_f13_v1.1_n.bin']
North,1996,5,29,12.76,0, ['/ecs/DP1/PM/NSIDC-0051.001/1996.05.29/nt_19960529_f13_v1.1_n.bin']
North,1996,5,30,12.668,0, ['/ecs/DP1/PM/NSIDC-0051.001/1996.05.30/nt_19960530_f13_v1.1_n.bin']
North,1996,5,31,12.626,0, ['/ecs/DP1/PM/NSIDC-0051.001/1996.05.31/nt_19960531_f13_v1.1_n.bin']
North,1996,6,1,12.494,0, ['/ecs/DP1/PM/NSIDC-0051.001/1996.06.01/nt_19960601_f13_v1.1_n.bin']
North,1996,6,2,12.486,0, ['/ecs/DP1/PM/NSIDC-0051.001/1996.06.02/nt_19960602_f13_v1.1_n.bin']
North,1996,6,3,12.439,0, ['/ecs/DP1/PM/NSIDC-0051.001/1996.06.03/nt_19960603_f13_v1.1_n.bin']
North,1996,6,4,12.419,0, ['/ecs/DP1/PM/NSIDC-0051.001/1996.06.04/nt_19960604_f13_v1.1_n.bin']
North,1996,6,5,12.39,0, ['/ecs/DP1/PM/NSIDC-0051.001/1996.06.05/nt_19960605_f13_v1.1_n.bin']
North,1996,6,6,12.391,0, ['/ecs/DP1/PM/NSIDC-0051.001/1996.06.06/nt_19960606_f13_v1.1_n.bin']
North,1996,6,7,12.344,0, ['/ecs/DP1/PM/NSIDC-0051.001/1996.06.07/nt_19960607_f13_v1.1_n.bin']
North,1996,6,8,12.311,0, ['/ecs/DP1/PM/NSIDC-0051.001/1996.06.08/nt_19960608_f13_v1.1_n.bin']
North,1996,6,9,12.26,0, ['/ecs/DP1/PM/NSIDC-0051.001/1996.06.09/nt_19960609_f13_v1.1_n.bin']
North,1996,6,10,12.239,0, ['/ecs/DP1/PM/NSIDC-0051.001/1996.06.10/nt_19960610_f13_v1.1_n.bin']
North,1996,6,11,12.236,0, ['/ecs/DP1/PM/NSIDC-0051.001/1996.06.11/nt_19960611_f13_v1.1_n.bin']
North,1996,6,12,12.203,0, ['/ecs/DP1/PM/NSIDC-0051.001/1996.06.12/nt_19960612_f13_v1.1_n.bin']
North,1996,6,13,12.199,0, ['/ecs/DP1/PM/NSIDC-0051.001/1996.06.13/nt_19960613_f13_v1.1_n.bin']
North,1996,6,14,12.179,0, ['/ecs/DP1/PM/NSIDC-0051.001/1996.06.14/nt_19960614_f13_v1.1_n.bin']
North,1996,6,15,12.145,0, ['/ecs/DP1/PM/NSIDC-0051.001/1996.06.15/nt_19960615_f13_v1.1_n.bin']
North,1996,6,16,12.115,0, ['/ecs/DP1/PM/NSIDC-0051.001/1996.06.16/nt_19960616_f13_v1.1_n.bin']
North,1996,6,17,12.068,0, ['/ecs/DP1/PM/NSIDC-0051.001/1996.06.17/nt_19960617_f13_v1.1_n.bin']
North,1996,6,18,12.025,0, ['/ecs/DP1/PM/NSIDC-0051.001/1996.06.18/nt_19960618_f13_v1.1_n.bin']
North,1996,6,19,12,0, ['/ecs/DP1/PM/NSIDC-0051.001/1996.06.19/nt_19960619_f13_v1.1_n.bin']
North,1996,6,20,11.997,0, ['/ecs/DP1/PM/NSIDC-0051.001/1996.06.20/nt_19960620_f13_v1.1_n.bin']
North,1996,6,21,11.989,0, ['/ecs/DP1/PM/NSIDC-0051.001/1996.06.21/nt_19960621_f13_v1.1_n.bin']
North,1996,6,22,11.932,0, ['/ecs/DP1/PM/NSIDC-0051.001/1996.06.22/nt_19960622_f13_v1.1_n.bin']
North,1996,6,23,11.843,0, ['/ecs/DP1/PM/NSIDC-0051.001/1996.06.23/nt_19960623_f13_v1.1_n.bin']
North,1996,6,24,11.82,0, ['/ecs/DP1/PM/NSIDC-0051.001/1996.06.24/nt_19960624_f13_v1.1_n.bin']
North,1996,6,25,11.795,0, ['/ecs/DP1/PM/NSIDC-0051.001/1996.06.25/nt_19960625_f13_v1.1_n.bin']
North,1996,6,26,11.727,0, ['/ecs/DP1/PM/NSIDC-0051.001/1996.06.26/nt_19960626_f13_v1.1_n.bin']
North,1996,6,27,11.688,0, ['/ecs/DP1/PM/NSIDC-0051.001/1996.06.27/nt_19960627_f13_v1.1_n.bin']
North,1996,6,28,11.63,0, ['/ecs/DP1/PM/NSIDC-0051.001/1996.06.28/nt_19960628_f13_v1.1_n.bin']
North,1996,6,29,11.58,0, ['/ecs/DP1/PM/NSIDC-0051.001/1996.06.29/nt_19960629_f13_v1.1_n.bin']
North,1996,6,30,11.571,0, ['/ecs/DP1/PM/NSIDC-0051.001/1996.06.30/nt_19960630_f13_v1.1_n.bin']
North,1996,7,1,11.269,0, ['/ecs/DP1/PM/NSIDC-0051.001/1996.07.01/nt_19960701_f13_v1.1_n.bin']
North,1996,7,2,11.24,0, ['/ecs/DP1/PM/NSIDC-0051.001/1996.07.02/nt_19960702_f13_v1.1_n.bin']
North,1996,7,3,11.178,0, ['/ecs/DP1/PM/NSIDC-0051.001/1996.07.03/nt_19960703_f13_v1.1_n.bin']
North,1996,7,4,11.154,0, ['/ecs/DP1/PM/NSIDC-0051.001/1996.07.04/nt_19960704_f13_v1.1_n.bin']
North,1996,7,5,11.06,0, ['/ecs/DP1/PM/NSIDC-0051.001/1996.07.05/nt_19960705_f13_v1.1_n.bin']
North,1996,7,6,10.986,0, ['/ecs/DP1/PM/NSIDC-0051.001/1996.07.06/nt_19960706_f13_v1.1_n.bin']
North,1996,7,7,10.891,0, ['/ecs/DP1/PM/NSIDC-0051.001/1996.07.07/nt_19960707_f13_v1.1_n.bin']
North,1996,7,8,10.886,0, ['/ecs/DP1/PM/NSIDC-0051.001/1996.07.08/nt_19960708_f13_v1.1_n.bin']
North,1996,7,9,10.842,0, ['/ecs/DP1/PM/NSIDC-0051.001/1996.07.09/nt_19960709_f13_v1.1_n.bin']
North,1996,7,10,10.751,0, ['/ecs/DP1/PM/NSIDC-0051.001/1996.07.10/nt_19960710_f13_v1.1_n.bin']
North,1996,7,11,10.649,0, ['/ecs/DP1/PM/NSIDC-0051.001/1996.07.11/nt_19960711_f13_v1.1_n.bin']
North,1996,7,12,10.476,0, ['/ecs/DP1/PM/NSIDC-0051.001/1996.07.12/nt_19960712_f13_v1.1_n.bin']
North,1996,7,13,10.375,0, ['/ecs/DP1/PM/NSIDC-0051.001/1996.07.13/nt_19960713_f13_v1.1_n.bin']
North,1996,7,14,10.264,0, ['/ecs/DP1/PM/NSIDC-0051.001/1996.07.14/nt_19960714_f13_v1.1_n.bin']
North,1996,7,15,10.217,0, ['/ecs/DP1/PM/NSIDC-0051.001/1996.07.15/nt_19960715_f13_v1.1_n.bin']
North,1996,7,16,10.178,0, ['/ecs/DP1/PM/NSIDC-0051.001/1996.07.16/nt_19960716_f13_v1.1_n.bin']
North,1996,7,17,10.172,0, ['/ecs/DP1/PM/NSIDC-0051.001/1996.07.17/nt_19960717_f13_v1.1_n.bin']
North,1996,7,18,10.016,0, ['/ecs/DP1/PM/NSIDC-0051.001/1996.07.18/nt_19960718_f13_v1.1_n.bin']
North,1996,7,19,9.996,0, ['/ecs/DP1/PM/NSIDC-0051.001/1996.07.19/nt_19960719_f13_v1.1_n.bin']
North,1996,7,20,9.854,0, ['/ecs/DP1/PM/NSIDC-0051.001/1996.07.20/nt_19960720_f13_v1.1_n.bin']
North,1996,7,21,9.7,0, ['/ecs/DP1/PM/NSIDC-0051.001/1996.07.21/nt_19960721_f13_v1.1_n.bin']
North,1996,7,22,9.63,0, ['/ecs/DP1/PM/NSIDC-0051.001/1996.07.22/nt_19960722_f13_v1.1_n.bin']
North,1996,7,23,9.544,0, ['/ecs/DP1/PM/NSIDC-0051.001/1996.07.23/nt_19960723_f13_v1.1_n.bin']
North,1996,7,24,9.487,0, ['/ecs/DP1/PM/NSIDC-0051.001/1996.07.24/nt_19960724_f13_v1.1_n.bin']
North,1996,7,25,9.385,0, ['/ecs/DP1/PM/NSIDC-0051.001/1996.07.25/nt_19960725_f13_v1.1_n.bin']
North,1996,7,26,9.325,0, ['/ecs/DP1/PM/NSIDC-0051.001/1996.07.26/nt_19960726_f13_v1.1_n.bin']
North,1996,7,27,9.284,0, ['/ecs/DP1/PM/NSIDC-0051.001/1996.07.27/nt_19960727_f13_v1.1_n.bin']
North,1996,7,28,9.19,0, ['/ecs/DP1/PM/NSIDC-0051.001/1996.07.28/nt_19960728_f13_v1.1_n.bin']
North,1996,7,29,9.101,0, ['/ecs/DP1/PM/NSIDC-0051.001/1996.07.29/nt_19960729_f13_v1.1_n.bin']
North,1996,7,30,9.03,0, ['/ecs/DP1/PM/NSIDC-0051.001/1996.07.30/nt_19960730_f13_v1.1_n.bin']
North,1996,7,31,8.962,0, ['/ecs/DP1/PM/NSIDC-0051.001/1996.07.31/nt_19960731_f13_v1.1_n.bin']
North,1996,8,1,8.925,0, ['/ecs/DP1/PM/NSIDC-0051.001/1996.08.01/nt_19960801_f13_v1.1_n.bin']
North,1996,8,2,8.844,0, ['/ecs/DP1/PM/NSIDC-0051.001/1996.08.02/nt_19960802_f13_v1.1_n.bin']
North,1996,8,3,8.792,0, ['/ecs/DP1/PM/NSIDC-0051.001/1996.08.03/nt_19960803_f13_v1.1_n.bin']
North,1996,8,4,8.723,0, ['/ecs/DP1/PM/NSIDC-0051.001/1996.08.04/nt_19960804_f13_v1.1_n.bin']
North,1996,8,5,8.661,0, ['/ecs/DP1/PM/NSIDC-0051.001/1996.08.05/nt_19960805_f13_v1.1_n.bin']
North,1996,8,6,8.708,0, ['/ecs/DP1/PM/NSIDC-0051.001/1996.08.06/nt_19960806_f13_v1.1_n.bin']
North,1996,8,7,8.642,0, ['/ecs/DP1/PM/NSIDC-0051.001/1996.08.07/nt_19960807_f13_v1.1_n.bin']
North,1996,8,8,8.621,0, ['/ecs/DP1/PM/NSIDC-0051.001/1996.08.08/nt_19960808_f13_v1.1_n.bin']
North,1996,8,9,8.544,0, ['/ecs/DP1/PM/NSIDC-0051.001/1996.08.09/nt_19960809_f13_v1.1_n.bin']
North,1996,8,10,8.491,0, ['/ecs/DP1/PM/NSIDC-0051.001/1996.08.10/nt_19960810_f13_v1.1_n.bin']
North,1996,8,11,8.415,0, ['/ecs/DP1/PM/NSIDC-0051.001/1996.08.11/nt_19960811_f13_v1.1_n.bin']
North,1996,8,12,8.378,0, ['/ecs/DP1/PM/NSIDC-0051.001/1996.08.12/nt_19960812_f13_v1.1_n.bin']
North,1996,8,13,8.348,0, ['/ecs/DP1/PM/NSIDC-0051.001/1996.08.13/nt_19960813_f13_v1.1_n.bin']
North,1996,8,14,8.247,0, ['/ecs/DP1/PM/NSIDC-0051.001/1996.08.14/nt_19960814_f13_v1.1_n.bin']
North,1996,8,15,8.196,0, ['/ecs/DP1/PM/NSIDC-0051.001/1996.08.15/nt_19960815_f13_v1.1_n.bin']
North,1996,8,16,8.163,0, ['/ecs/DP1/PM/NSIDC-0051.001/1996.08.16/nt_19960816_f13_v1.1_n.bin']
North,1996,8,17,8.172,0, ['/ecs/DP1/PM/NSIDC-0051.001/1996.08.17/nt_19960817_f13_v1.1_n.bin']
North,1996,8,18,8.031,0, ['/ecs/DP1/PM/NSIDC-0051.001/1996.08.18/nt_19960818_f13_v1.1_n.bin']
North,1996,8,19,8.041,0, ['/ecs/DP1/PM/NSIDC-0051.001/1996.08.19/nt_19960819_f13_v1.1_n.bin']
North,1996,8,20,7.995,0, ['/ecs/DP1/PM/NSIDC-0051.001/1996.08.20/nt_19960820_f13_v1.1_n.bin']
North,1996,8,21,7.945,0, ['/ecs/DP1/PM/NSIDC-0051.001/1996.08.21/nt_19960821_f13_v1.1_n.bin']
North,1996,8,22,7.918,0, ['/ecs/DP1/PM/NSIDC-0051.001/1996.08.22/nt_19960822_f13_v1.1_n.bin']
North,1996,8,23,7.878,0, ['/ecs/DP1/PM/NSIDC-0051.001/1996.08.23/nt_19960823_f13_v1.1_n.bin']
North,1996,8,24,7.822,0, ['/ecs/DP1/PM/NSIDC-0051.001/1996.08.24/nt_19960824_f13_v1.1_n.bin']
North,1996,8,25,7.752,0, ['/ecs/DP1/PM/NSIDC-0051.001/1996.08.25/nt_19960825_f13_v1.1_n.bin']
North,1996,8,26,7.636,0, ['/ecs/DP1/PM/NSIDC-0051.001/1996.08.26/nt_19960826_f13_v1.1_n.bin']
North,1996,8,27,7.628,0, ['/ecs/DP1/PM/NSIDC-0051.001/1996.08.27/nt_19960827_f13_v1.1_n.bin']
North,1996,8,28,7.614,0, ['/ecs/DP1/PM/NSIDC-0051.001/1996.08.28/nt_19960828_f13_v1.1_n.bin']
North,1996,8,29,7.489,0, ['/ecs/DP1/PM/NSIDC-0051.001/1996.08.29/nt_19960829_f13_v1.1_n.bin']
North,1996,8,30,7.496,0, ['/ecs/DP1/PM/NSIDC-0051.001/1996.08.30/nt_19960830_f13_v1.1_n.bin']
North,1996,8,31,7.479,0, ['/ecs/DP1/PM/NSIDC-0051.001/1996.08.31/nt_19960831_f13_v1.1_n.bin']
North,1996,9,1,7.356,0, ['/ecs/DP1/PM/NSIDC-0051.001/1996.09.01/nt_19960901_f13_v1.1_n.bin']
North,1996,9,2,7.307,0, ['/ecs/DP1/PM/NSIDC-0051.001/1996.09.02/nt_19960902_f13_v1.1_n.bin']
North,1996,9,3,7.243,0, ['/ecs/DP1/PM/NSIDC-0051.001/1996.09.03/nt_19960903_f13_v1.1_n.bin']
North,1996,9,4,7.245,0, ['/ecs/DP1/PM/NSIDC-0051.001/1996.09.04/nt_19960904_f13_v1.1_n.bin']
North,1996,9,5,7.198,0, ['/ecs/DP1/PM/NSIDC-0051.001/1996.09.05/nt_19960905_f13_v1.1_n.bin']
North,1996,9,6,7.218,0, ['/ecs/DP1/PM/NSIDC-0051.001/1996.09.06/nt_19960906_f13_v1.1_n.bin']
North,1996,9,7,7.242,0, ['/ecs/DP1/PM/NSIDC-0051.001/1996.09.07/nt_19960907_f13_v1.1_n.bin']
North,1996,9,8,7.194,0, ['/ecs/DP1/PM/NSIDC-0051.001/1996.09.08/nt_19960908_f13_v1.1_n.bin']
North,1996,9,9,7.165,0, ['/ecs/DP1/PM/NSIDC-0051.001/1996.09.09/nt_19960909_f13_v1.1_n.bin']
North,1996,9,10,7.147,0, ['/ecs/DP1/PM/NSIDC-0051.001/1996.09.10/nt_19960910_f13_v1.1_n.bin']
North,1996,9,11,7.207,0, ['/ecs/DP1/PM/NSIDC-0051.001/1996.09.11/nt_19960911_f13_v1.1_n.bin']
North,1996,9,12,7.276,0, ['/ecs/DP1/PM/NSIDC-0051.001/1996.09.12/nt_19960912_f13_v1.1_n.bin']
North,1996,9,13,7.393,0, ['/ecs/DP1/PM/NSIDC-0051.001/1996.09.13/nt_19960913_f13_v1.1_n.bin']
North,1996,9,14,7.418,0, ['/ecs/DP1/PM/NSIDC-0051.001/1996.09.14/nt_19960914_f13_v1.1_n.bin']
North,1996,9,15,7.484,0, ['/ecs/DP1/PM/NSIDC-0051.001/1996.09.15/nt_19960915_f13_v1.1_n.bin']
North,1996,9,16,7.53,0, ['/ecs/DP1/PM/NSIDC-0051.001/1996.09.16/nt_19960916_f13_v1.1_n.bin']
North,1996,9,17,7.531,0, ['/ecs/DP1/PM/NSIDC-0051.001/1996.09.17/nt_19960917_f13_v1.1_n.bin']
North,1996,9,18,7.618,0, ['/ecs/DP1/PM/NSIDC-0051.001/1996.09.18/nt_19960918_f13_v1.1_n.bin']
North,1996,9,19,7.691,0, ['/ecs/DP1/PM/NSIDC-0051.001/1996.09.19/nt_19960919_f13_v1.1_n.bin']
North,1996,9,20,7.778,0, ['/ecs/DP1/PM/NSIDC-0051.001/1996.09.20/nt_19960920_f13_v1.1_n.bin']
North,1996,9,21,7.863,0, ['/ecs/DP1/PM/NSIDC-0051.001/1996.09.21/nt_19960921_f13_v1.1_n.bin']
North,1996,9,22,7.839,0, ['/ecs/DP1/PM/NSIDC-0051.001/1996.09.22/nt_19960922_f13_v1.1_n.bin']
North,1996,9,23,7.871,0, ['/ecs/DP1/PM/NSIDC-0051.001/1996.09.23/nt_19960923_f13_v1.1_n.bin']
North,1996,9,24,7.901,0, ['/ecs/DP1/PM/NSIDC-0051.001/1996.09.24/nt_19960924_f13_v1.1_n.bin']
North,1996,9,25,7.954,0, ['/ecs/DP1/PM/NSIDC-0051.001/1996.09.25/nt_19960925_f13_v1.1_n.bin']
North,1996,9,26,8.099,0, ['/ecs/DP1/PM/NSIDC-0051.001/1996.09.26/nt_19960926_f13_v1.1_n.bin']
North,1996,9,27,8.211,0, ['/ecs/DP1/PM/NSIDC-0051.001/1996.09.27/nt_19960927_f13_v1.1_n.bin']
North,1996,9,28,8.194,0, ['/ecs/DP1/PM/NSIDC-0051.001/1996.09.28/nt_19960928_f13_v1.1_n.bin']
North,1996,9,29,8.172,0, ['/ecs/DP1/PM/NSIDC-0051.001/1996.09.29/nt_19960929_f13_v1.1_n.bin']
North,1996,9,30,8.131,0, ['/ecs/DP1/PM/NSIDC-0051.001/1996.09.30/nt_19960930_f13_v1.1_n.bin']
North,1996,10,1,8.279,0, ['/ecs/DP1/PM/NSIDC-0051.001/1996.10.01/nt_19961001_f13_v1.1_n.bin']
North,1996,10,2,8.318,0, ['/ecs/DP1/PM/NSIDC-0051.001/1996.10.02/nt_19961002_f13_v1.1_n.bin']
North,1996,10,3,8.303,0, ['/ecs/DP1/PM/NSIDC-0051.001/1996.10.03/nt_19961003_f13_v1.1_n.bin']
North,1996,10,4,8.355,0, ['/ecs/DP1/PM/NSIDC-0051.001/1996.10.04/nt_19961004_f13_v1.1_n.bin']
North,1996,10,5,8.464,0, ['/ecs/DP1/PM/NSIDC-0051.001/1996.10.05/nt_19961005_f13_v1.1_n.bin']
North,1996,10,6,8.653,0, ['/ecs/DP1/PM/NSIDC-0051.001/1996.10.06/nt_19961006_f13_v1.1_n.bin']
North,1996,10,7,8.746,0, ['/ecs/DP1/PM/NSIDC-0051.001/1996.10.07/nt_19961007_f13_v1.1_n.bin']
North,1996,10,8,8.861,0, ['/ecs/DP1/PM/NSIDC-0051.001/1996.10.08/nt_19961008_f13_v1.1_n.bin']
North,1996,10,9,8.88,0, ['/ecs/DP1/PM/NSIDC-0051.001/1996.10.09/nt_19961009_f13_v1.1_n.bin']
North,1996,10,10,8.937,0, ['/ecs/DP1/PM/NSIDC-0051.001/1996.10.10/nt_19961010_f13_v1.1_n.bin']
North,1996,10,11,8.957,0, ['/ecs/DP1/PM/NSIDC-0051.001/1996.10.11/nt_19961011_f13_v1.1_n.bin']
North,1996,10,12,9.018,0, ['/ecs/DP1/PM/NSIDC-0051.001/1996.10.12/nt_19961012_f13_v1.1_n.bin']
North,1996,10,13,9.134,0, ['/ecs/DP1/PM/NSIDC-0051.001/1996.10.13/nt_19961013_f13_v1.1_n.bin']
North,1996,10,14,9.107,0, ['/ecs/DP1/PM/NSIDC-0051.001/1996.10.14/nt_19961014_f13_v1.1_n.bin']
North,1996,10,15,9.182,0, ['/ecs/DP1/PM/NSIDC-0051.001/1996.10.15/nt_19961015_f13_v1.1_n.bin']
North,1996,10,16,9.287,0, ['/ecs/DP1/PM/NSIDC-0051.001/1996.10.16/nt_19961016_f13_v1.1_n.bin']
North,1996,10,17,9.277,0, ['/ecs/DP1/PM/NSIDC-0051.001/1996.10.17/nt_19961017_f13_v1.1_n.bin']
North,1996,10,18,9.315,0, ['/ecs/DP1/PM/NSIDC-0051.001/1996.10.18/nt_19961018_f13_v1.1_n.bin']
North,1996,10,19,9.415,0, ['/ecs/DP1/PM/NSIDC-0051.001/1996.10.19/nt_19961019_f13_v1.1_n.bin']
North,1996,10,20,9.446,0, ['/ecs/DP1/PM/NSIDC-0051.001/1996.10.20/nt_19961020_f13_v1.1_n.bin']
North,1996,10,21,9.434,0, ['/ecs/DP1/PM/NSIDC-0051.001/1996.10.21/nt_19961021_f13_v1.1_n.bin']
North,1996,10,22,9.448,0, ['/ecs/DP1/PM/NSIDC-0051.001/1996.10.22/nt_19961022_f13_v1.1_n.bin']
North,1996,10,23,9.576,0, ['/ecs/DP1/PM/NSIDC-0051.001/1996.10.23/nt_19961023_f13_v1.1_n.bin']
North,1996,10,24,9.624,0, ['/ecs/DP1/PM/NSIDC-0051.001/1996.10.24/nt_19961024_f13_v1.1_n.bin']
North,1996,10,25,9.646,0, ['/ecs/DP1/PM/NSIDC-0051.001/1996.10.25/nt_19961025_f13_v1.1_n.bin']
North,1996,10,26,9.641,0, ['/ecs/DP1/PM/NSIDC-0051.001/1996.10.26/nt_19961026_f13_v1.1_n.bin']
North,1996,10,27,9.691,0, ['/ecs/DP1/PM/NSIDC-0051.001/1996.10.27/nt_19961027_f13_v1.1_n.bin']
North,1996,10,28,9.743,0, ['/ecs/DP1/PM/NSIDC-0051.001/1996.10.28/nt_19961028_f13_v1.1_n.bin']
North,1996,10,29,9.689,0, ['/ecs/DP1/PM/NSIDC-0051.001/1996.10.29/nt_19961029_f13_v1.1_n.bin']
North,1996,10,30,9.745,0, ['/ecs/DP1/PM/NSIDC-0051.001/1996.10.30/nt_19961030_f13_v1.1_n.bin']
North,1996,10,31,9.819,0, ['/ecs/DP1/PM/NSIDC-0051.001/1996.10.31/nt_19961031_f13_v1.1_n.bin']
North,1996,11,1,9.812,0, ['/ecs/DP1/PM/NSIDC-0051.001/1996.11.01/nt_19961101_f13_v1.1_n.bin']
North,1996,11,2,9.845,0, ['/ecs/DP1/PM/NSIDC-0051.001/1996.11.02/nt_19961102_f13_v1.1_n.bin']
North,1996,11,3,9.795,0, ['/ecs/DP1/PM/NSIDC-0051.001/1996.11.03/nt_19961103_f13_v1.1_n.bin']
North,1996,11,4,9.846,0, ['/ecs/DP1/PM/NSIDC-0051.001/1996.11.04/nt_19961104_f13_v1.1_n.bin']
North,1996,11,5,9.842,0, ['/ecs/DP1/PM/NSIDC-0051.001/1996.11.05/nt_19961105_f13_v1.1_n.bin']
North,1996,11,6,9.895,0, ['/ecs/DP1/PM/NSIDC-0051.001/1996.11.06/nt_19961106_f13_v1.1_n.bin']
North,1996,11,7,9.995,0, ['/ecs/DP1/PM/NSIDC-0051.001/1996.11.07/nt_19961107_f13_v1.1_n.bin']
North,1996,11,8,9.972,0, ['/ecs/DP1/PM/NSIDC-0051.001/1996.11.08/nt_19961108_f13_v1.1_n.bin']
North,1996,11,9,9.978,0, ['/ecs/DP1/PM/NSIDC-0051.001/1996.11.09/nt_19961109_f13_v1.1_n.bin']
North,1996,11,10,10.021,0, ['/ecs/DP1/PM/NSIDC-0051.001/1996.11.10/nt_19961110_f13_v1.1_n.bin']
North,1996,11,11,9.98,0, ['/ecs/DP1/PM/NSIDC-0051.001/1996.11.11/nt_19961111_f13_v1.1_n.bin']
North,1996,11,12,10.084,0, ['/ecs/DP1/PM/NSIDC-0051.001/1996.11.12/nt_19961112_f13_v1.1_n.bin']
North,1996,11,13,10.182,0, ['/ecs/DP1/PM/NSIDC-0051.001/1996.11.13/nt_19961113_f13_v1.1_n.bin']
North,1996,11,14,10.319,0, ['/ecs/DP1/PM/NSIDC-0051.001/1996.11.14/nt_19961114_f13_v1.1_n.bin']
North,1996,11,15,10.32,0, ['/ecs/DP1/PM/NSIDC-0051.001/1996.11.15/nt_19961115_f13_v1.1_n.bin']
North,1996,11,16,10.182,0, ['/ecs/DP1/PM/NSIDC-0051.001/1996.11.16/nt_19961116_f13_v1.1_n.bin']
North,1996,11,17,10.284,0, ['/ecs/DP1/PM/NSIDC-0051.001/1996.11.17/nt_19961117_f13_v1.1_n.bin']
North,1996,11,18,10.403,0, ['/ecs/DP1/PM/NSIDC-0051.001/1996.11.18/nt_19961118_f13_v1.1_n.bin']
North,1996,11,19,10.486,0, ['/ecs/DP1/PM/NSIDC-0051.001/1996.11.19/nt_19961119_f13_v1.1_n.bin']
North,1996,11,20,10.537,0, ['/ecs/DP1/PM/NSIDC-0051.001/1996.11.20/nt_19961120_f13_v1.1_n.bin']
North,1996,11,21,10.693,0, ['/ecs/DP1/PM/NSIDC-0051.001/1996.11.21/nt_19961121_f13_v1.1_n.bin']
North,1996,11,22,10.721,0, ['/ecs/DP1/PM/NSIDC-0051.001/1996.11.22/nt_19961122_f13_v1.1_n.bin']
North,1996,11,23,10.827,0, ['/ecs/DP1/PM/NSIDC-0051.001/1996.11.23/nt_19961123_f13_v1.1_n.bin']
North,1996,11,24,10.853,0, ['/ecs/DP1/PM/NSIDC-0051.001/1996.11.24/nt_19961124_f13_v1.1_n.bin']
North,1996,11,25,10.896,0, ['/ecs/DP1/PM/NSIDC-0051.001/1996.11.25/nt_19961125_f13_v1.1_n.bin']
North,1996,11,26,11.092,0, ['/ecs/DP1/PM/NSIDC-0051.001/1996.11.26/nt_19961126_f13_v1.1_n.bin']
North,1996,11,27,11.109,0, ['/ecs/DP1/PM/NSIDC-0051.001/1996.11.27/nt_19961127_f13_v1.1_n.bin']
North,1996,11,28,11.242,0, ['/ecs/DP1/PM/NSIDC-0051.001/1996.11.28/nt_19961128_f13_v1.1_n.bin']
North,1996,11,29,11.391,0, ['/ecs/DP1/PM/NSIDC-0051.001/1996.11.29/nt_19961129_f13_v1.1_n.bin']
North,1996,11,30,11.449,0, ['/ecs/DP1/PM/NSIDC-0051.001/1996.11.30/nt_19961130_f13_v1.1_n.bin']
North,1996,12,1,11.605,0, ['/ecs/DP1/PM/NSIDC-0051.001/1996.12.01/nt_19961201_f13_v1.1_n.bin']
North,1996,12,2,11.735,0, ['/ecs/DP1/PM/NSIDC-0051.001/1996.12.02/nt_19961202_f13_v1.1_n.bin']
North,1996,12,3,11.751,0, ['/ecs/DP1/PM/NSIDC-0051.001/1996.12.03/nt_19961203_f13_v1.1_n.bin']
North,1996,12,4,11.991,0, ['/ecs/DP1/PM/NSIDC-0051.001/1996.12.04/nt_19961204_f13_v1.1_n.bin']
North,1996,12,5,12.125,0, ['/ecs/DP1/PM/NSIDC-0051.001/1996.12.05/nt_19961205_f13_v1.1_n.bin']
North,1996,12,6,12.177,0, ['/ecs/DP1/PM/NSIDC-0051.001/1996.12.06/nt_19961206_f13_v1.1_n.bin']
North,1996,12,7,12.228,0, ['/ecs/DP1/PM/NSIDC-0051.001/1996.12.07/nt_19961207_f13_v1.1_n.bin']
North,1996,12,8,12.342,0, ['/ecs/DP1/PM/NSIDC-0051.001/1996.12.08/nt_19961208_f13_v1.1_n.bin']
North,1996,12,9,12.373,0, ['/ecs/DP1/PM/NSIDC-0051.001/1996.12.09/nt_19961209_f13_v1.1_n.bin']
North,1996,12,10,12.356,0, ['/ecs/DP1/PM/NSIDC-0051.001/1996.12.10/nt_19961210_f13_v1.1_n.bin']
North,1996,12,11,12.483,0, ['/ecs/DP1/PM/NSIDC-0051.001/1996.12.11/nt_19961211_f13_v1.1_n.bin']
North,1996,12,12,12.644,0, ['/ecs/DP1/PM/NSIDC-0051.001/1996.12.12/nt_19961212_f13_v1.1_n.bin']
North,1996,12,13,12.766,0, ['/ecs/DP1/PM/NSIDC-0051.001/1996.12.13/nt_19961213_f13_v1.1_n.bin']
North,1996,12,14,12.878,0, ['/ecs/DP1/PM/NSIDC-0051.001/1996.12.14/nt_19961214_f13_v1.1_n.bin']
North,1996,12,15,12.832,0, ['/ecs/DP1/PM/NSIDC-0051.001/1996.12.15/nt_19961215_f13_v1.1_n.bin']
North,1996,12,16,12.944,0, ['/ecs/DP1/PM/NSIDC-0051.001/1996.12.16/nt_19961216_f13_v1.1_n.bin']
North,1996,12,17,13.006,0, ['/ecs/DP1/PM/NSIDC-0051.001/1996.12.17/nt_19961217_f13_v1.1_n.bin']
North,1996,12,18,13.106,0, ['/ecs/DP1/PM/NSIDC-0051.001/1996.12.18/nt_19961218_f13_v1.1_n.bin']
North,1996,12,19,13.161,0, ['/ecs/DP1/PM/NSIDC-0051.001/1996.12.19/nt_19961219_f13_v1.1_n.bin']
North,1996,12,20,13.194,0, ['/ecs/DP1/PM/NSIDC-0051.001/1996.12.20/nt_19961220_f13_v1.1_n.bin']
North,1996,12,21,13.316,0, ['/ecs/DP1/PM/NSIDC-0051.001/1996.12.21/nt_19961221_f13_v1.1_n.bin']
North,1996,12,22,13.3,0, ['/ecs/DP1/PM/NSIDC-0051.001/1996.12.22/nt_19961222_f13_v1.1_n.bin']
North,1996,12,23,13.429,0, ['/ecs/DP1/PM/NSIDC-0051.001/1996.12.23/nt_19961223_f13_v1.1_n.bin']
North,1996,12,24,13.597,0, ['/ecs/DP1/PM/NSIDC-0051.001/1996.12.24/nt_19961224_f13_v1.1_n.bin']
North,1996,12,25,13.63,0, ['/ecs/DP1/PM/NSIDC-0051.001/1996.12.25/nt_19961225_f13_v1.1_n.bin']
North,1996,12,26,13.613,0, ['/ecs/DP1/PM/NSIDC-0051.001/1996.12.26/nt_19961226_f13_v1.1_n.bin']
North,1996,12,27,13.561,0, ['/ecs/DP1/PM/NSIDC-0051.001/1996.12.27/nt_19961227_f13_v1.1_n.bin']
North,1996,12,28,13.546,0, ['/ecs/DP1/PM/NSIDC-0051.001/1996.12.28/nt_19961228_f13_v1.1_n.bin']
North,1996,12,29,13.653,0, ['/ecs/DP1/PM/NSIDC-0051.001/1996.12.29/nt_19961229_f13_v1.1_n.bin']
North,1996,12,30,13.704,0, ['/ecs/DP1/PM/NSIDC-0051.001/1996.12.30/nt_19961230_f13_v1.1_n.bin']
North,1996,12,31,13.653,0, ['/ecs/DP1/PM/NSIDC-0051.001/1996.12.31/nt_19961231_f13_v1.1_n.bin']
North,1997,1,1,13.657,0, ['/ecs/DP1/PM/NSIDC-0051.001/1997.01.01/nt_19970101_f13_v1.1_n.bin']
North,1997,1,2,13.801,0, ['/ecs/DP1/PM/NSIDC-0051.001/1997.01.02/nt_19970102_f13_v1.1_n.bin']
North,1997,1,3,13.837,0, ['/ecs/DP1/PM/NSIDC-0051.001/1997.01.03/nt_19970103_f13_v1.1_n.bin']
North,1997,1,4,13.864,0, ['/ecs/DP1/PM/NSIDC-0051.001/1997.01.04/nt_19970104_f13_v1.1_n.bin']
North,1997,1,5,14.016,0, ['/ecs/DP1/PM/NSIDC-0051.001/1997.01.05/nt_19970105_f13_v1.1_n.bin']
North,1997,1,6,14.139,0, ['/ecs/DP1/PM/NSIDC-0051.001/1997.01.06/nt_19970106_f13_v1.1_n.bin']
North,1997,1,7,14.188,0, ['/ecs/DP1/PM/NSIDC-0051.001/1997.01.07/nt_19970107_f13_v1.1_n.bin']
North,1997,1,8,14.321,0, ['/ecs/DP1/PM/NSIDC-0051.001/1997.01.08/nt_19970108_f13_v1.1_n.bin']
North,1997,1,9,14.258,0, ['/ecs/DP1/PM/NSIDC-0051.001/1997.01.09/nt_19970109_f13_v1.1_n.bin']
North,1997,1,10,14.238,0, ['/ecs/DP1/PM/NSIDC-0051.001/1997.01.10/nt_19970110_f13_v1.1_n.bin']
North,1997,1,11,14.257,0, ['/ecs/DP1/PM/NSIDC-0051.001/1997.01.11/nt_19970111_f13_v1.1_n.bin']
North,1997,1,12,14.323,0, ['/ecs/DP1/PM/NSIDC-0051.001/1997.01.12/nt_19970112_f13_v1.1_n.bin']
North,1997,1,13,14.417,0, ['/ecs/DP1/PM/NSIDC-0051.001/1997.01.13/nt_19970113_f13_v1.1_n.bin']
North,1997,1,14,14.336,0, ['/ecs/DP1/PM/NSIDC-0051.001/1997.01.14/nt_19970114_f13_v1.1_n.bin']
North,1997,1,15,14.334,0, ['/ecs/DP1/PM/NSIDC-0051.001/1997.01.15/nt_19970115_f13_v1.1_n.bin']
North,1997,1,16,14.347,0, ['/ecs/DP1/PM/NSIDC-0051.001/1997.01.16/nt_19970116_f13_v1.1_n.bin']
North,1997,1,17,14.42,0, ['/ecs/DP1/PM/NSIDC-0051.001/1997.01.17/nt_19970117_f13_v1.1_n.bin']
North,1997,1,18,14.565,0, ['/ecs/DP1/PM/NSIDC-0051.001/1997.01.18/nt_19970118_f13_v1.1_n.bin']
North,1997,1,19,14.592,0, ['/ecs/DP1/PM/NSIDC-0051.001/1997.01.19/nt_19970119_f13_v1.1_n.bin']
North,1997,1,20,14.666,0, ['/ecs/DP1/PM/NSIDC-0051.001/1997.01.20/nt_19970120_f13_v1.1_n.bin']
North,1997,1,21,14.637,0, ['/ecs/DP1/PM/NSIDC-0051.001/1997.01.21/nt_19970121_f13_v1.1_n.bin']
North,1997,1,22,14.686,0, ['/ecs/DP1/PM/NSIDC-0051.001/1997.01.22/nt_19970122_f13_v1.1_n.bin']
North,1997,1,23,14.752,0, ['/ecs/DP1/PM/NSIDC-0051.001/1997.01.23/nt_19970123_f13_v1.1_n.bin']
North,1997,1,24,14.719,0, ['/ecs/DP1/PM/NSIDC-0051.001/1997.01.24/nt_19970124_f13_v1.1_n.bin']
North,1997,1,25,14.756,0, ['/ecs/DP1/PM/NSIDC-0051.001/1997.01.25/nt_19970125_f13_v1.1_n.bin']
North,1997,1,26,14.789,0, ['/ecs/DP1/PM/NSIDC-0051.001/1997.01.26/nt_19970126_f13_v1.1_n.bin']
North,1997,1,27,14.7,0, ['/ecs/DP1/PM/NSIDC-0051.001/1997.01.27/nt_19970127_f13_v1.1_n.bin']
North,1997,1,28,14.707,0, ['/ecs/DP1/PM/NSIDC-0051.001/1997.01.28/nt_19970128_f13_v1.1_n.bin']
North,1997,1,29,14.81,0, ['/ecs/DP1/PM/NSIDC-0051.001/1997.01.29/nt_19970129_f13_v1.1_n.bin']
North,1997,1,30,14.872,0, ['/ecs/DP1/PM/NSIDC-0051.001/1997.01.30/nt_19970130_f13_v1.1_n.bin']
North,1997,1,31,14.938,0, ['/ecs/DP1/PM/NSIDC-0051.001/1997.01.31/nt_19970131_f13_v1.1_n.bin']
North,1997,2,1,15.013,0, ['/ecs/DP1/PM/NSIDC-0051.001/1997.02.01/nt_19970201_f13_v1.1_n.bin']
North,1997,2,2,15.051,0, ['/ecs/DP1/PM/NSIDC-0051.001/1997.02.02/nt_19970202_f13_v1.1_n.bin']
North,1997,2,3,15.194,0, ['/ecs/DP1/PM/NSIDC-0051.001/1997.02.03/nt_19970203_f13_v1.1_n.bin']
North,1997,2,4,15.287,0, ['/ecs/DP1/PM/NSIDC-0051.001/1997.02.04/nt_19970204_f13_v1.1_n.bin']
North,1997,2,5,15.303,0, ['/ecs/DP1/PM/NSIDC-0051.001/1997.02.05/nt_19970205_f13_v1.1_n.bin']
North,1997,2,6,15.369,0, ['/ecs/DP1/PM/NSIDC-0051.001/1997.02.06/nt_19970206_f13_v1.1_n.bin']
North,1997,2,7,15.394,0, ['/ecs/DP1/PM/NSIDC-0051.001/1997.02.07/nt_19970207_f13_v1.1_n.bin']
North,1997,2,8,15.418,0, ['/ecs/DP1/PM/NSIDC-0051.001/1997.02.08/nt_19970208_f13_v1.1_n.bin']
North,1997,2,9,15.377,0, ['/ecs/DP1/PM/NSIDC-0051.001/1997.02.09/nt_19970209_f13_v1.1_n.bin']
North,1997,2,10,15.452,0, ['/ecs/DP1/PM/NSIDC-0051.001/1997.02.10/nt_19970210_f13_v1.1_n.bin']
North,1997,2,11,15.461,0, ['/ecs/DP1/PM/NSIDC-0051.001/1997.02.11/nt_19970211_f13_v1.1_n.bin']
North,1997,2,12,15.418,0, ['/ecs/DP1/PM/NSIDC-0051.001/1997.02.12/nt_19970212_f13_v1.1_n.bin']
North,1997,2,13,15.499,0, ['/ecs/DP1/PM/NSIDC-0051.001/1997.02.13/nt_19970213_f13_v1.1_n.bin']
North,1997,2,14,15.509,0, ['/ecs/DP1/PM/NSIDC-0051.001/1997.02.14/nt_19970214_f13_v1.1_n.bin']
North,1997,2,15,15.574,0, ['/ecs/DP1/PM/NSIDC-0051.001/1997.02.15/nt_19970215_f13_v1.1_n.bin']
North,1997,2,16,15.649,0, ['/ecs/DP1/PM/NSIDC-0051.001/1997.02.16/nt_19970216_f13_v1.1_n.bin']
North,1997,2,17,15.65,0, ['/ecs/DP1/PM/NSIDC-0051.001/1997.02.17/nt_19970217_f13_v1.1_n.bin']
North,1997,2,18,15.635,0, ['/ecs/DP1/PM/NSIDC-0051.001/1997.02.18/nt_19970218_f13_v1.1_n.bin']
North,1997,2,19,15.5,0, ['/ecs/DP1/PM/NSIDC-0051.001/1997.02.19/nt_19970219_f13_v1.1_n.bin']
North,1997,2,20,15.481,0, ['/ecs/DP1/PM/NSIDC-0051.001/1997.02.20/nt_19970220_f13_v1.1_n.bin']
North,1997,2,21,15.538,0, ['/ecs/DP1/PM/NSIDC-0051.001/1997.02.21/nt_19970221_f13_v1.1_n.bin']
North,1997,2,22,15.533,0, ['/ecs/DP1/PM/NSIDC-0051.001/1997.02.22/nt_19970222_f13_v1.1_n.bin']
North,1997,2,23,15.466,0, ['/ecs/DP1/PM/NSIDC-0051.001/1997.02.23/nt_19970223_f13_v1.1_n.bin']
North,1997,2,24,15.496,0, ['/ecs/DP1/PM/NSIDC-0051.001/1997.02.24/nt_19970224_f13_v1.1_n.bin']
North,1997,2,25,15.447,0, ['/ecs/DP1/PM/NSIDC-0051.001/1997.02.25/nt_19970225_f13_v1.1_n.bin']
North,1997,2,26,15.41,0, ['/ecs/DP1/PM/NSIDC-0051.001/1997.02.26/nt_19970226_f13_v1.1_n.bin']
North,1997,2,27,15.469,0, ['/ecs/DP1/PM/NSIDC-0051.001/1997.02.27/nt_19970227_f13_v1.1_n.bin']
North,1997,2,28,15.635,0, ['/ecs/DP1/PM/NSIDC-0051.001/1997.02.28/nt_19970228_f13_v1.1_n.bin']
North,1997,3,1,15.578,0, ['/ecs/DP1/PM/NSIDC-0051.001/1997.03.01/nt_19970301_f13_v1.1_n.bin']
North,1997,3,2,15.617,0, ['/ecs/DP1/PM/NSIDC-0051.001/1997.03.02/nt_19970302_f13_v1.1_n.bin']
North,1997,3,3,15.406,0, ['/ecs/DP1/PM/NSIDC-0051.001/1997.03.03/nt_19970303_f13_v1.1_n.bin']
North,1997,3,4,15.353,0, ['/ecs/DP1/PM/NSIDC-0051.001/1997.03.04/nt_19970304_f13_v1.1_n.bin']
North,1997,3,5,15.333,0, ['/ecs/DP1/PM/NSIDC-0051.001/1997.03.05/nt_19970305_f13_v1.1_n.bin']
North,1997,3,6,15.379,0, ['/ecs/DP1/PM/NSIDC-0051.001/1997.03.06/nt_19970306_f13_v1.1_n.bin']
North,1997,3,7,15.372,0, ['/ecs/DP1/PM/NSIDC-0051.001/1997.03.07/nt_19970307_f13_v1.1_n.bin']
North,1997,3,8,15.361,0, ['/ecs/DP1/PM/NSIDC-0051.001/1997.03.08/nt_19970308_f13_v1.1_n.bin']
North,1997,3,9,15.323,0, ['/ecs/DP1/PM/NSIDC-0051.001/1997.03.09/nt_19970309_f13_v1.1_n.bin']
North,1997,3,10,15.342,0, ['/ecs/DP1/PM/NSIDC-0051.001/1997.03.10/nt_19970310_f13_v1.1_n.bin']
North,1997,3,11,15.386,0, ['/ecs/DP1/PM/NSIDC-0051.001/1997.03.11/nt_19970311_f13_v1.1_n.bin']
North,1997,3,12,15.408,0, ['/ecs/DP1/PM/NSIDC-0051.001/1997.03.12/nt_19970312_f13_v1.1_n.bin']
North,1997,3,13,15.519,0, ['/ecs/DP1/PM/NSIDC-0051.001/1997.03.13/nt_19970313_f13_v1.1_n.bin']
North,1997,3,14,15.488,0, ['/ecs/DP1/PM/NSIDC-0051.001/1997.03.14/nt_19970314_f13_v1.1_n.bin']
North,1997,3,15,15.505,0, ['/ecs/DP1/PM/NSIDC-0051.001/1997.03.15/nt_19970315_f13_v1.1_n.bin']
North,1997,3,16,15.504,0, ['/ecs/DP1/PM/NSIDC-0051.001/1997.03.16/nt_19970316_f13_v1.1_n.bin']
North,1997,3,17,15.567,0, ['/ecs/DP1/PM/NSIDC-0051.001/1997.03.17/nt_19970317_f13_v1.1_n.bin']
North,1997,3,18,15.597,0, ['/ecs/DP1/PM/NSIDC-0051.001/1997.03.18/nt_19970318_f13_v1.1_n.bin']
North,1997,3,19,15.6,0, ['/ecs/DP1/PM/NSIDC-0051.001/1997.03.19/nt_19970319_f13_v1.1_n.bin']
North,1997,3,20,15.684,0, ['/ecs/DP1/PM/NSIDC-0051.001/1997.03.20/nt_19970320_f13_v1.1_n.bin']
North,1997,3,21,15.66,0, ['/ecs/DP1/PM/NSIDC-0051.001/1997.03.21/nt_19970321_f13_v1.1_n.bin']
North,1997,3,22,15.556,0, ['/ecs/DP1/PM/NSIDC-0051.001/1997.03.22/nt_19970322_f13_v1.1_n.bin']
North,1997,3,23,15.645,0, ['/ecs/DP1/PM/NSIDC-0051.001/1997.03.23/nt_19970323_f13_v1.1_n.bin']
North,1997,3,24,15.623,0, ['/ecs/DP1/PM/NSIDC-0051.001/1997.03.24/nt_19970324_f13_v1.1_n.bin']
North,1997,3,25,15.63,0, ['/ecs/DP1/PM/NSIDC-0051.001/1997.03.25/nt_19970325_f13_v1.1_n.bin']
North,1997,3,26,15.554,0, ['/ecs/DP1/PM/NSIDC-0051.001/1997.03.26/nt_19970326_f13_v1.1_n.bin']
North,1997,3,27,15.324,0, ['/ecs/DP1/PM/NSIDC-0051.001/1997.03.27/nt_19970327_f13_v1.1_n.bin']
North,1997,3,28,15.24,0, ['/ecs/DP1/PM/NSIDC-0051.001/1997.03.28/nt_19970328_f13_v1.1_n.bin']
North,1997,3,29,15.282,0, ['/ecs/DP1/PM/NSIDC-0051.001/1997.03.29/nt_19970329_f13_v1.1_n.bin']
North,1997,3,30,15.333,0, ['/ecs/DP1/PM/NSIDC-0051.001/1997.03.30/nt_19970330_f13_v1.1_n.bin']
North,1997,3,31,15.324,0, ['/ecs/DP1/PM/NSIDC-0051.001/1997.03.31/nt_19970331_f13_v1.1_n.bin']
North,1997,4,1,15.206,0, ['/ecs/DP1/PM/NSIDC-0051.001/1997.04.01/nt_19970401_f13_v1.1_n.bin']
North,1997,4,2,15.216,0, ['/ecs/DP1/PM/NSIDC-0051.001/1997.04.02/nt_19970402_f13_v1.1_n.bin']
North,1997,4,3,15.174,0, ['/ecs/DP1/PM/NSIDC-0051.001/1997.04.03/nt_19970403_f13_v1.1_n.bin']
North,1997,4,4,15.077,0, ['/ecs/DP1/PM/NSIDC-0051.001/1997.04.04/nt_19970404_f13_v1.1_n.bin']
North,1997,4,5,15.062,0, ['/ecs/DP1/PM/NSIDC-0051.001/1997.04.05/nt_19970405_f13_v1.1_n.bin']
North,1997,4,6,15.093,0, ['/ecs/DP1/PM/NSIDC-0051.001/1997.04.06/nt_19970406_f13_v1.1_n.bin']
North,1997,4,7,15.154,0, ['/ecs/DP1/PM/NSIDC-0051.001/1997.04.07/nt_19970407_f13_v1.1_n.bin']
North,1997,4,8,15.072,0, ['/ecs/DP1/PM/NSIDC-0051.001/1997.04.08/nt_19970408_f13_v1.1_n.bin']
North,1997,4,9,14.92,0, ['/ecs/DP1/PM/NSIDC-0051.001/1997.04.09/nt_19970409_f13_v1.1_n.bin']
North,1997,4,10,14.786,0, ['/ecs/DP1/PM/NSIDC-0051.001/1997.04.10/nt_19970410_f13_v1.1_n.bin']
North,1997,4,11,14.734,0, ['/ecs/DP1/PM/NSIDC-0051.001/1997.04.11/nt_19970411_f13_v1.1_n.bin']
North,1997,4,12,14.606,0, ['/ecs/DP1/PM/NSIDC-0051.001/1997.04.12/nt_19970412_f13_v1.1_n.bin']
North,1997,4,13,14.617,0, ['/ecs/DP1/PM/NSIDC-0051.001/1997.04.13/nt_19970413_f13_v1.1_n.bin']
North,1997,4,14,14.527,0, ['/ecs/DP1/PM/NSIDC-0051.001/1997.04.14/nt_19970414_f13_v1.1_n.bin']
North,1997,4,15,14.5,0, ['/ecs/DP1/PM/NSIDC-0051.001/1997.04.15/nt_19970415_f13_v1.1_n.bin']
North,1997,4,16,14.43,0, ['/ecs/DP1/PM/NSIDC-0051.001/1997.04.16/nt_19970416_f13_v1.1_n.bin']
North,1997,4,17,14.334,0, ['/ecs/DP1/PM/NSIDC-0051.001/1997.04.17/nt_19970417_f13_v1.1_n.bin']
North,1997,4,18,14.301,0, ['/ecs/DP1/PM/NSIDC-0051.001/1997.04.18/nt_19970418_f13_v1.1_n.bin']
North,1997,4,19,14.271,0, ['/ecs/DP1/PM/NSIDC-0051.001/1997.04.19/nt_19970419_f13_v1.1_n.bin']
North,1997,4,20,14.245,0, ['/ecs/DP1/PM/NSIDC-0051.001/1997.04.20/nt_19970420_f13_v1.1_n.bin']
North,1997,4,21,14.243,0, ['/ecs/DP1/PM/NSIDC-0051.001/1997.04.21/nt_19970421_f13_v1.1_n.bin']
North,1997,4,22,14.207,0, ['/ecs/DP1/PM/NSIDC-0051.001/1997.04.22/nt_19970422_f13_v1.1_n.bin']
North,1997,4,23,14.186,0, ['/ecs/DP1/PM/NSIDC-0051.001/1997.04.23/nt_19970423_f13_v1.1_n.bin']
North,1997,4,24,14.145,0, ['/ecs/DP1/PM/NSIDC-0051.001/1997.04.24/nt_19970424_f13_v1.1_n.bin']
North,1997,4,25,14.18,0, ['/ecs/DP1/PM/NSIDC-0051.001/1997.04.25/nt_19970425_f13_v1.1_n.bin']
North,1997,4,26,14.145,0, ['/ecs/DP1/PM/NSIDC-0051.001/1997.04.26/nt_19970426_f13_v1.1_n.bin']
North,1997,4,27,14.157,0, ['/ecs/DP1/PM/NSIDC-0051.001/1997.04.27/nt_19970427_f13_v1.1_n.bin']
North,1997,4,28,14.152,0, ['/ecs/DP1/PM/NSIDC-0051.001/1997.04.28/nt_19970428_f13_v1.1_n.bin']
North,1997,4,29,14.118,0, ['/ecs/DP1/PM/NSIDC-0051.001/1997.04.29/nt_19970429_f13_v1.1_n.bin']
North,1997,4,30,14.033,0, ['/ecs/DP1/PM/NSIDC-0051.001/1997.04.30/nt_19970430_f13_v1.1_n.bin']
North,1997,5,1,13.906,0, ['/ecs/DP1/PM/NSIDC-0051.001/1997.05.01/nt_19970501_f13_v1.1_n.bin']
North,1997,5,2,13.877,0, ['/ecs/DP1/PM/NSIDC-0051.001/1997.05.02/nt_19970502_f13_v1.1_n.bin']
North,1997,5,3,13.829,0, ['/ecs/DP1/PM/NSIDC-0051.001/1997.05.03/nt_19970503_f13_v1.1_n.bin']
North,1997,5,4,13.862,0, ['/ecs/DP1/PM/NSIDC-0051.001/1997.05.04/nt_19970504_f13_v1.1_n.bin']
North,1997,5,5,13.791,0, ['/ecs/DP1/PM/NSIDC-0051.001/1997.05.05/nt_19970505_f13_v1.1_n.bin']
North,1997,5,6,13.794,0, ['/ecs/DP1/PM/NSIDC-0051.001/1997.05.06/nt_19970506_f13_v1.1_n.bin']
North,1997,5,7,13.688,0, ['/ecs/DP1/PM/NSIDC-0051.001/1997.05.07/nt_19970507_f13_v1.1_n.bin']
North,1997,5,8,13.556,0, ['/ecs/DP1/PM/NSIDC-0051.001/1997.05.08/nt_19970508_f13_v1.1_n.bin']
North,1997,5,9,13.497,0, ['/ecs/DP1/PM/NSIDC-0051.001/1997.05.09/nt_19970509_f13_v1.1_n.bin']
North,1997,5,10,13.522,0, ['/ecs/DP1/PM/NSIDC-0051.001/1997.05.10/nt_19970510_f13_v1.1_n.bin']
North,1997,5,11,13.458,0, ['/ecs/DP1/PM/NSIDC-0051.001/1997.05.11/nt_19970511_f13_v1.1_n.bin']
North,1997,5,12,13.387,0, ['/ecs/DP1/PM/NSIDC-0051.001/1997.05.12/nt_19970512_f13_v1.1_n.bin']
North,1997,5,13,13.315,0, ['/ecs/DP1/PM/NSIDC-0051.001/1997.05.13/nt_19970513_f13_v1.1_n.bin']
North,1997,5,14,13.282,0, ['/ecs/DP1/PM/NSIDC-0051.001/1997.05.14/nt_19970514_f13_v1.1_n.bin']
North,1997,5,15,13.193,0, ['/ecs/DP1/PM/NSIDC-0051.001/1997.05.15/nt_19970515_f13_v1.1_n.bin']
North,1997,5,16,13.154,0, ['/ecs/DP1/PM/NSIDC-0051.001/1997.05.16/nt_19970516_f13_v1.1_n.bin']
North,1997,5,17,13.055,0, ['/ecs/DP1/PM/NSIDC-0051.001/1997.05.17/nt_19970517_f13_v1.1_n.bin']
North,1997,5,18,12.965,0, ['/ecs/DP1/PM/NSIDC-0051.001/1997.05.18/nt_19970518_f13_v1.1_n.bin']
North,1997,5,19,13.022,0, ['/ecs/DP1/PM/NSIDC-0051.001/1997.05.19/nt_19970519_f13_v1.1_n.bin']
North,1997,5,20,12.88,0, ['/ecs/DP1/PM/NSIDC-0051.001/1997.05.20/nt_19970520_f13_v1.1_n.bin']
North,1997,5,21,12.762,0, ['/ecs/DP1/PM/NSIDC-0051.001/1997.05.21/nt_19970521_f13_v1.1_n.bin']
North,1997,5,22,12.772,0, ['/ecs/DP1/PM/NSIDC-0051.001/1997.05.22/nt_19970522_f13_v1.1_n.bin']
North,1997,5,23,12.787,0, ['/ecs/DP1/PM/NSIDC-0051.001/1997.05.23/nt_19970523_f13_v1.1_n.bin']
North,1997,5,24,12.753,0, ['/ecs/DP1/PM/NSIDC-0051.001/1997.05.24/nt_19970524_f13_v1.1_n.bin']
North,1997,5,25,12.721,0, ['/ecs/DP1/PM/NSIDC-0051.001/1997.05.25/nt_19970525_f13_v1.1_n.bin']
North,1997,5,26,12.711,0, ['/ecs/DP1/PM/NSIDC-0051.001/1997.05.26/nt_19970526_f13_v1.1_n.bin']
North,1997,5,27,12.675,0, ['/ecs/DP1/PM/NSIDC-0051.001/1997.05.27/nt_19970527_f13_v1.1_n.bin']
North,1997,5,28,12.611,0, ['/ecs/DP1/PM/NSIDC-0051.001/1997.05.28/nt_19970528_f13_v1.1_n.bin']
North,1997,5,29,12.607,0, ['/ecs/DP1/PM/NSIDC-0051.001/1997.05.29/nt_19970529_f13_v1.1_n.bin']
North,1997,5,30,12.578,0, ['/ecs/DP1/PM/NSIDC-0051.001/1997.05.30/nt_19970530_f13_v1.1_n.bin']
North,1997,5,31,12.482,0, ['/ecs/DP1/PM/NSIDC-0051.001/1997.05.31/nt_19970531_f13_v1.1_n.bin']
North,1997,6,1,12.29,0, ['/ecs/DP1/PM/NSIDC-0051.001/1997.06.01/nt_19970601_f13_v1.1_n.bin']
North,1997,6,2,12.285,0, ['/ecs/DP1/PM/NSIDC-0051.001/1997.06.02/nt_19970602_f13_v1.1_n.bin']
North,1997,6,3,12.283,0, ['/ecs/DP1/PM/NSIDC-0051.001/1997.06.03/nt_19970603_f13_v1.1_n.bin']
North,1997,6,4,12.219,0, ['/ecs/DP1/PM/NSIDC-0051.001/1997.06.04/nt_19970604_f13_v1.1_n.bin']
North,1997,6,5,12.23,0, ['/ecs/DP1/PM/NSIDC-0051.001/1997.06.05/nt_19970605_f13_v1.1_n.bin']
North,1997,6,6,12.206,0, ['/ecs/DP1/PM/NSIDC-0051.001/1997.06.06/nt_19970606_f13_v1.1_n.bin']
North,1997,6,7,12.213,0, ['/ecs/DP1/PM/NSIDC-0051.001/1997.06.07/nt_19970607_f13_v1.1_n.bin']
North,1997,6,8,12.248,0, ['/ecs/DP1/PM/NSIDC-0051.001/1997.06.08/nt_19970608_f13_v1.1_n.bin']
North,1997,6,9,12.2,0, ['/ecs/DP1/PM/NSIDC-0051.001/1997.06.09/nt_19970609_f13_v1.1_n.bin']
North,1997,6,10,12.167,0, ['/ecs/DP1/PM/NSIDC-0051.001/1997.06.10/nt_19970610_f13_v1.1_n.bin']
North,1997,6,11,12.042,0, ['/ecs/DP1/PM/NSIDC-0051.001/1997.06.11/nt_19970611_f13_v1.1_n.bin']
North,1997,6,12,12.01,0, ['/ecs/DP1/PM/NSIDC-0051.001/1997.06.12/nt_19970612_f13_v1.1_n.bin']
North,1997,6,13,11.974,0, ['/ecs/DP1/PM/NSIDC-0051.001/1997.06.13/nt_19970613_f13_v1.1_n.bin']
North,1997,6,14,11.968,0, ['/ecs/DP1/PM/NSIDC-0051.001/1997.06.14/nt_19970614_f13_v1.1_n.bin']
North,1997,6,15,11.873,0, ['/ecs/DP1/PM/NSIDC-0051.001/1997.06.15/nt_19970615_f13_v1.1_n.bin']
North,1997,6,16,11.811,0, ['/ecs/DP1/PM/NSIDC-0051.001/1997.06.16/nt_19970616_f13_v1.1_n.bin']
North,1997,6,17,11.691,0, ['/ecs/DP1/PM/NSIDC-0051.001/1997.06.17/nt_19970617_f13_v1.1_n.bin']
North,1997,6,18,11.664,0, ['/ecs/DP1/PM/NSIDC-0051.001/1997.06.18/nt_19970618_f13_v1.1_n.bin']
North,1997,6,19,11.583,0, ['/ecs/DP1/PM/NSIDC-0051.001/1997.06.19/nt_19970619_f13_v1.1_n.bin']
North,1997,6,20,11.513,0, ['/ecs/DP1/PM/NSIDC-0051.001/1997.06.20/nt_19970620_f13_v1.1_n.bin']
North,1997,6,21,11.459,0, ['/ecs/DP1/PM/NSIDC-0051.001/1997.06.21/nt_19970621_f13_v1.1_n.bin']
North,1997,6,22,11.397,0, ['/ecs/DP1/PM/NSIDC-0051.001/1997.06.22/nt_19970622_f13_v1.1_n.bin']
North,1997,6,23,11.352,0, ['/ecs/DP1/PM/NSIDC-0051.001/1997.06.23/nt_19970623_f13_v1.1_n.bin']
North,1997,6,24,11.34,0, ['/ecs/DP1/PM/NSIDC-0051.001/1997.06.24/nt_19970624_f13_v1.1_n.bin']
North,1997,6,25,11.276,0, ['/ecs/DP1/PM/NSIDC-0051.001/1997.06.25/nt_19970625_f13_v1.1_n.bin']
North,1997,6,26,11.148,0, ['/ecs/DP1/PM/NSIDC-0051.001/1997.06.26/nt_19970626_f13_v1.1_n.bin']
North,1997,6,27,11.054,0, ['/ecs/DP1/PM/NSIDC-0051.001/1997.06.27/nt_19970627_f13_v1.1_n.bin']
North,1997,6,28,10.968,0, ['/ecs/DP1/PM/NSIDC-0051.001/1997.06.28/nt_19970628_f13_v1.1_n.bin']
North,1997,6,29,10.878,0, ['/ecs/DP1/PM/NSIDC-0051.001/1997.06.29/nt_19970629_f13_v1.1_n.bin']
North,1997,6,30,10.809,0, ['/ecs/DP1/PM/NSIDC-0051.001/1997.06.30/nt_19970630_f13_v1.1_n.bin']
North,1997,7,1,10.667,0, ['/ecs/DP1/PM/NSIDC-0051.001/1997.07.01/nt_19970701_f13_v1.1_n.bin']
North,1997,7,2,10.577,0, ['/ecs/DP1/PM/NSIDC-0051.001/1997.07.02/nt_19970702_f13_v1.1_n.bin']
North,1997,7,3,10.544,0, ['/ecs/DP1/PM/NSIDC-0051.001/1997.07.03/nt_19970703_f13_v1.1_n.bin']
North,1997,7,4,10.484,0, ['/ecs/DP1/PM/NSIDC-0051.001/1997.07.04/nt_19970704_f13_v1.1_n.bin']
North,1997,7,5,10.383,0, ['/ecs/DP1/PM/NSIDC-0051.001/1997.07.05/nt_19970705_f13_v1.1_n.bin']
North,1997,7,6,10.322,0, ['/ecs/DP1/PM/NSIDC-0051.001/1997.07.06/nt_19970706_f13_v1.1_n.bin']
North,1997,7,7,10.221,0, ['/ecs/DP1/PM/NSIDC-0051.001/1997.07.07/nt_19970707_f13_v1.1_n.bin']
North,1997,7,8,10.132,0, ['/ecs/DP1/PM/NSIDC-0051.001/1997.07.08/nt_19970708_f13_v1.1_n.bin']
North,1997,7,9,10.081,0, ['/ecs/DP1/PM/NSIDC-0051.001/1997.07.09/nt_19970709_f13_v1.1_n.bin']
North,1997,7,10,9.948,0, ['/ecs/DP1/PM/NSIDC-0051.001/1997.07.10/nt_19970710_f13_v1.1_n.bin']
North,1997,7,11,9.722,0, ['/ecs/DP1/PM/NSIDC-0051.001/1997.07.11/nt_19970711_f13_v1.1_n.bin']
North,1997,7,12,9.735,0, ['/ecs/DP1/PM/NSIDC-0051.001/1997.07.12/nt_19970712_f13_v1.1_n.bin']
North,1997,7,13,9.652,0, ['/ecs/DP1/PM/NSIDC-0051.001/1997.07.13/nt_19970713_f13_v1.1_n.bin']
North,1997,7,14,9.512,0, ['/ecs/DP1/PM/NSIDC-0051.001/1997.07.14/nt_19970714_f13_v1.1_n.bin']
North,1997,7,15,9.37,0, ['/ecs/DP1/PM/NSIDC-0051.001/1997.07.15/nt_19970715_f13_v1.1_n.bin']
North,1997,7,16,9.322,0, ['/ecs/DP1/PM/NSIDC-0051.001/1997.07.16/nt_19970716_f13_v1.1_n.bin']
North,1997,7,17,9.319,0, ['/ecs/DP1/PM/NSIDC-0051.001/1997.07.17/nt_19970717_f13_v1.1_n.bin']
North,1997,7,18,9.233,0, ['/ecs/DP1/PM/NSIDC-0051.001/1997.07.18/nt_19970718_f13_v1.1_n.bin']
North,1997,7,19,9.101,0, ['/ecs/DP1/PM/NSIDC-0051.001/1997.07.19/nt_19970719_f13_v1.1_n.bin']
North,1997,7,20,9.088,0, ['/ecs/DP1/PM/NSIDC-0051.001/1997.07.20/nt_19970720_f13_v1.1_n.bin']
North,1997,7,21,9.037,0, ['/ecs/DP1/PM/NSIDC-0051.001/1997.07.21/nt_19970721_f13_v1.1_n.bin']
North,1997,7,22,8.949,0, ['/ecs/DP1/PM/NSIDC-0051.001/1997.07.22/nt_19970722_f13_v1.1_n.bin']
North,1997,7,23,8.751,0, ['/ecs/DP1/PM/NSIDC-0051.001/1997.07.23/nt_19970723_f13_v1.1_n.bin']
North,1997,7,24,8.696,0, ['/ecs/DP1/PM/NSIDC-0051.001/1997.07.24/nt_19970724_f13_v1.1_n.bin']
North,1997,7,25,8.553,0, ['/ecs/DP1/PM/NSIDC-0051.001/1997.07.25/nt_19970725_f13_v1.1_n.bin']
North,1997,7,26,8.542,0, ['/ecs/DP1/PM/NSIDC-0051.001/1997.07.26/nt_19970726_f13_v1.1_n.bin']
North,1997,7,27,8.53,0, ['/ecs/DP1/PM/NSIDC-0051.001/1997.07.27/nt_19970727_f13_v1.1_n.bin']
North,1997,7,28,8.543,0, ['/ecs/DP1/PM/NSIDC-0051.001/1997.07.28/nt_19970728_f13_v1.1_n.bin']
North,1997,7,29,8.39,0, ['/ecs/DP1/PM/NSIDC-0051.001/1997.07.29/nt_19970729_f13_v1.1_n.bin']
North,1997,7,30,8.252,0, ['/ecs/DP1/PM/NSIDC-0051.001/1997.07.30/nt_19970730_f13_v1.1_n.bin']
North,1997,7,31,8.08,0, ['/ecs/DP1/PM/NSIDC-0051.001/1997.07.31/nt_19970731_f13_v1.1_n.bin']
North,1997,8,1,7.979,0, ['/ecs/DP1/PM/NSIDC-0051.001/1997.08.01/nt_19970801_f13_v1.1_n.bin']
North,1997,8,2,7.913,0, ['/ecs/DP1/PM/NSIDC-0051.001/1997.08.02/nt_19970802_f13_v1.1_n.bin']
North,1997,8,3,7.863,0, ['/ecs/DP1/PM/NSIDC-0051.001/1997.08.03/nt_19970803_f13_v1.1_n.bin']
North,1997,8,4,7.755,0, ['/ecs/DP1/PM/NSIDC-0051.001/1997.08.04/nt_19970804_f13_v1.1_n.bin']
North,1997,8,5,7.78,0, ['/ecs/DP1/PM/NSIDC-0051.001/1997.08.05/nt_19970805_f13_v1.1_n.bin']
North,1997,8,6,7.701,0, ['/ecs/DP1/PM/NSIDC-0051.001/1997.08.06/nt_19970806_f13_v1.1_n.bin']
North,1997,8,7,7.577,0, ['/ecs/DP1/PM/NSIDC-0051.001/1997.08.07/nt_19970807_f13_v1.1_n.bin']
North,1997,8,8,7.533,0, ['/ecs/DP1/PM/NSIDC-0051.001/1997.08.08/nt_19970808_f13_v1.1_n.bin']
North,1997,8,9,7.486,0, ['/ecs/DP1/PM/NSIDC-0051.001/1997.08.09/nt_19970809_f13_v1.1_n.bin']
North,1997,8,10,7.367,0, ['/ecs/DP1/PM/NSIDC-0051.001/1997.08.10/nt_19970810_f13_v1.1_n.bin']
North,1997,8,11,7.399,0, ['/ecs/DP1/PM/NSIDC-0051.001/1997.08.11/nt_19970811_f13_v1.1_n.bin']
North,1997,8,12,7.345,0, ['/ecs/DP1/PM/NSIDC-0051.001/1997.08.12/nt_19970812_f13_v1.1_n.bin']
North,1997,8,13,7.296,0, ['/ecs/DP1/PM/NSIDC-0051.001/1997.08.13/nt_19970813_f13_v1.1_n.bin']
North,1997,8,14,7.343,0, ['/ecs/DP1/PM/NSIDC-0051.001/1997.08.14/nt_19970814_f13_v1.1_n.bin']
North,1997,8,15,7.315,0, ['/ecs/DP1/PM/NSIDC-0051.001/1997.08.15/nt_19970815_f13_v1.1_n.bin']
North,1997,8,16,7.275,0, ['/ecs/DP1/PM/NSIDC-0051.001/1997.08.16/nt_19970816_f13_v1.1_n.bin']
North,1997,8,17,7.239,0, ['/ecs/DP1/PM/NSIDC-0051.001/1997.08.17/nt_19970817_f13_v1.1_n.bin']
North,1997,8,18,7.204,0, ['/ecs/DP1/PM/NSIDC-0051.001/1997.08.18/nt_19970818_f13_v1.1_n.bin']
North,1997,8,19,7.242,0, ['/ecs/DP1/PM/NSIDC-0051.001/1997.08.19/nt_19970819_f13_v1.1_n.bin']
North,1997,8,20,7.147,0, ['/ecs/DP1/PM/NSIDC-0051.001/1997.08.20/nt_19970820_f13_v1.1_n.bin']
North,1997,8,21,7.185,0, ['/ecs/DP1/PM/NSIDC-0051.001/1997.08.21/nt_19970821_f13_v1.1_n.bin']
North,1997,8,22,7.224,0, ['/ecs/DP1/PM/NSIDC-0051.001/1997.08.22/nt_19970822_f13_v1.1_n.bin']
North,1997,8,23,7.151,0, ['/ecs/DP1/PM/NSIDC-0051.001/1997.08.23/nt_19970823_f13_v1.1_n.bin']
North,1997,8,24,7.012,0, ['/ecs/DP1/PM/NSIDC-0051.001/1997.08.24/nt_19970824_f13_v1.1_n.bin']
North,1997,8,25,6.906,0, ['/ecs/DP1/PM/NSIDC-0051.001/1997.08.25/nt_19970825_f13_v1.1_n.bin']
North,1997,8,26,6.822,0, ['/ecs/DP1/PM/NSIDC-0051.001/1997.08.26/nt_19970826_f13_v1.1_n.bin']
North,1997,8,27,6.806,0, ['/ecs/DP1/PM/NSIDC-0051.001/1997.08.27/nt_19970827_f13_v1.1_n.bin']
North,1997,8,28,6.774,0, ['/ecs/DP1/PM/NSIDC-0051.001/1997.08.28/nt_19970828_f13_v1.1_n.bin']
North,1997,8,29,6.741,0, ['/ecs/DP1/PM/NSIDC-0051.001/1997.08.29/nt_19970829_f13_v1.1_n.bin']
North,1997,8,30,6.722,0, ['/ecs/DP1/PM/NSIDC-0051.001/1997.08.30/nt_19970830_f13_v1.1_n.bin']
North,1997,8,31,6.734,0, ['/ecs/DP1/PM/NSIDC-0051.001/1997.08.31/nt_19970831_f13_v1.1_n.bin']
North,1997,9,1,6.671,0, ['/ecs/DP1/PM/NSIDC-0051.001/1997.09.01/nt_19970901_f13_v1.1_n.bin']
North,1997,9,2,6.628,0, ['/ecs/DP1/PM/NSIDC-0051.001/1997.09.02/nt_19970902_f13_v1.1_n.bin']
North,1997,9,3,6.602,0, ['/ecs/DP1/PM/NSIDC-0051.001/1997.09.03/nt_19970903_f13_v1.1_n.bin']
North,1997,9,4,6.632,0, ['/ecs/DP1/PM/NSIDC-0051.001/1997.09.04/nt_19970904_f13_v1.1_n.bin']
North,1997,9,5,6.684,0, ['/ecs/DP1/PM/NSIDC-0051.001/1997.09.05/nt_19970905_f13_v1.1_n.bin']
North,1997,9,6,6.661,0, ['/ecs/DP1/PM/NSIDC-0051.001/1997.09.06/nt_19970906_f13_v1.1_n.bin']
North,1997,9,7,6.707,0, ['/ecs/DP1/PM/NSIDC-0051.001/1997.09.07/nt_19970907_f13_v1.1_n.bin']
North,1997,9,8,6.69,0, ['/ecs/DP1/PM/NSIDC-0051.001/1997.09.08/nt_19970908_f13_v1.1_n.bin']
North,1997,9,9,6.663,0, ['/ecs/DP1/PM/NSIDC-0051.001/1997.09.09/nt_19970909_f13_v1.1_n.bin']
North,1997,9,10,6.701,0, ['/ecs/DP1/PM/NSIDC-0051.001/1997.09.10/nt_19970910_f13_v1.1_n.bin']
North,1997,9,11,6.702,0, ['/ecs/DP1/PM/NSIDC-0051.001/1997.09.11/nt_19970911_f13_v1.1_n.bin']
North,1997,9,12,6.658,0, ['/ecs/DP1/PM/NSIDC-0051.001/1997.09.12/nt_19970912_f13_v1.1_n.bin']
North,1997,9,13,6.686,0, ['/ecs/DP1/PM/NSIDC-0051.001/1997.09.13/nt_19970913_f13_v1.1_n.bin']
North,1997,9,14,6.686,0, ['/ecs/DP1/PM/NSIDC-0051.001/1997.09.14/nt_19970914_f13_v1.1_n.bin']
North,1997,9,15,6.678,0, ['/ecs/DP1/PM/NSIDC-0051.001/1997.09.15/nt_19970915_f13_v1.1_n.bin']
North,1997,9,16,6.654,0, ['/ecs/DP1/PM/NSIDC-0051.001/1997.09.16/nt_19970916_f13_v1.1_n.bin']
North,1997,9,17,6.644,0, ['/ecs/DP1/PM/NSIDC-0051.001/1997.09.17/nt_19970917_f13_v1.1_n.bin']
North,1997,9,18,6.645,0, ['/ecs/DP1/PM/NSIDC-0051.001/1997.09.18/nt_19970918_f13_v1.1_n.bin']
North,1997,9,19,6.623,0, ['/ecs/DP1/PM/NSIDC-0051.001/1997.09.19/nt_19970919_f13_v1.1_n.bin']
North,1997,9,20,6.612,0, ['/ecs/DP1/PM/NSIDC-0051.001/1997.09.20/nt_19970920_f13_v1.1_n.bin']
North,1997,9,21,6.661,0, ['/ecs/DP1/PM/NSIDC-0051.001/1997.09.21/nt_19970921_f13_v1.1_n.bin']
North,1997,9,22,6.617,0, ['/ecs/DP1/PM/NSIDC-0051.001/1997.09.22/nt_19970922_f13_v1.1_n.bin']
North,1997,9,23,6.624,0, ['/ecs/DP1/PM/NSIDC-0051.001/1997.09.23/nt_19970923_f13_v1.1_n.bin']
North,1997,9,24,6.671,0, ['/ecs/DP1/PM/NSIDC-0051.001/1997.09.24/nt_19970924_f13_v1.1_n.bin']
North,1997,9,25,6.737,0, ['/ecs/DP1/PM/NSIDC-0051.001/1997.09.25/nt_19970925_f13_v1.1_n.bin']
North,1997,9,26,6.72,0, ['/ecs/DP1/PM/NSIDC-0051.001/1997.09.26/nt_19970926_f13_v1.1_n.bin']
North,1997,9,27,6.759,0, ['/ecs/DP1/PM/NSIDC-0051.001/1997.09.27/nt_19970927_f13_v1.1_n.bin']
North,1997,9,28,6.797,0, ['/ecs/DP1/PM/NSIDC-0051.001/1997.09.28/nt_19970928_f13_v1.1_n.bin']
North,1997,9,29,6.894,0, ['/ecs/DP1/PM/NSIDC-0051.001/1997.09.29/nt_19970929_f13_v1.1_n.bin']
North,1997,9,30,6.883,0, ['/ecs/DP1/PM/NSIDC-0051.001/1997.09.30/nt_19970930_f13_v1.1_n.bin']
North,1997,10,1,7.066,0, ['/ecs/DP1/PM/NSIDC-0051.001/1997.10.01/nt_19971001_f13_v1.1_n.bin']
North,1997,10,2,7.108,0, ['/ecs/DP1/PM/NSIDC-0051.001/1997.10.02/nt_19971002_f13_v1.1_n.bin']
North,1997,10,3,7.223,0, ['/ecs/DP1/PM/NSIDC-0051.001/1997.10.03/nt_19971003_f13_v1.1_n.bin']
North,1997,10,4,7.339,0, ['/ecs/DP1/PM/NSIDC-0051.001/1997.10.04/nt_19971004_f13_v1.1_n.bin']
North,1997,10,5,7.425,0, ['/ecs/DP1/PM/NSIDC-0051.001/1997.10.05/nt_19971005_f13_v1.1_n.bin']
North,1997,10,6,7.367,0, ['/ecs/DP1/PM/NSIDC-0051.001/1997.10.06/nt_19971006_f13_v1.1_n.bin']
North,1997,10,7,7.422,0, ['/ecs/DP1/PM/NSIDC-0051.001/1997.10.07/nt_19971007_f13_v1.1_n.bin']
North,1997,10,8,7.531,0, ['/ecs/DP1/PM/NSIDC-0051.001/1997.10.08/nt_19971008_f13_v1.1_n.bin']
North,1997,10,9,7.739,0, ['/ecs/DP1/PM/NSIDC-0051.001/1997.10.09/nt_19971009_f13_v1.1_n.bin']
North,1997,10,10,7.814,0, ['/ecs/DP1/PM/NSIDC-0051.001/1997.10.10/nt_19971010_f13_v1.1_n.bin']
North,1997,10,11,7.805,0, ['/ecs/DP1/PM/NSIDC-0051.001/1997.10.11/nt_19971011_f13_v1.1_n.bin']
North,1997,10,12,7.95,0, ['/ecs/DP1/PM/NSIDC-0051.001/1997.10.12/nt_19971012_f13_v1.1_n.bin']
North,1997,10,13,8.109,0, ['/ecs/DP1/PM/NSIDC-0051.001/1997.10.13/nt_19971013_f13_v1.1_n.bin']
North,1997,10,14,8.322,0, ['/ecs/DP1/PM/NSIDC-0051.001/1997.10.14/nt_19971014_f13_v1.1_n.bin']
North,1997,10,15,8.263,0, ['/ecs/DP1/PM/NSIDC-0051.001/1997.10.15/nt_19971015_f13_v1.1_n.bin']
North,1997,10,16,8.312,0, ['/ecs/DP1/PM/NSIDC-0051.001/1997.10.16/nt_19971016_f13_v1.1_n.bin']
North,1997,10,17,8.433,0, ['/ecs/DP1/PM/NSIDC-0051.001/1997.10.17/nt_19971017_f13_v1.1_n.bin']
North,1997,10,18,8.516,0, ['/ecs/DP1/PM/NSIDC-0051.001/1997.10.18/nt_19971018_f13_v1.1_n.bin']
North,1997,10,19,8.562,0, ['/ecs/DP1/PM/NSIDC-0051.001/1997.10.19/nt_19971019_f13_v1.1_n.bin']
North,1997,10,20,8.648,0, ['/ecs/DP1/PM/NSIDC-0051.001/1997.10.20/nt_19971020_f13_v1.1_n.bin']
North,1997,10,21,8.788,0, ['/ecs/DP1/PM/NSIDC-0051.001/1997.10.21/nt_19971021_f13_v1.1_n.bin']
North,1997,10,22,8.921,0, ['/ecs/DP1/PM/NSIDC-0051.001/1997.10.22/nt_19971022_f13_v1.1_n.bin']
North,1997,10,23,8.891,0, ['/ecs/DP1/PM/NSIDC-0051.001/1997.10.23/nt_19971023_f13_v1.1_n.bin']
North,1997,10,24,9.048,0, ['/ecs/DP1/PM/NSIDC-0051.001/1997.10.24/nt_19971024_f13_v1.1_n.bin']
North,1997,10,25,9.126,0, ['/ecs/DP1/PM/NSIDC-0051.001/1997.10.25/nt_19971025_f13_v1.1_n.bin']
North,1997,10,26,9.244,0, ['/ecs/DP1/PM/NSIDC-0051.001/1997.10.26/nt_19971026_f13_v1.1_n.bin']
North,1997,10,27,9.334,0, ['/ecs/DP1/PM/NSIDC-0051.001/1997.10.27/nt_19971027_f13_v1.1_n.bin']
North,1997,10,28,9.407,0, ['/ecs/DP1/PM/NSIDC-0051.001/1997.10.28/nt_19971028_f13_v1.1_n.bin']
North,1997,10,29,9.472,0, ['/ecs/DP1/PM/NSIDC-0051.001/1997.10.29/nt_19971029_f13_v1.1_n.bin']
North,1997,10,30,9.57,0, ['/ecs/DP1/PM/NSIDC-0051.001/1997.10.30/nt_19971030_f13_v1.1_n.bin']
North,1997,10,31,9.678,0, ['/ecs/DP1/PM/NSIDC-0051.001/1997.10.31/nt_19971031_f13_v1.1_n.bin']
North,1997,11,1,9.788,0, ['/ecs/DP1/PM/NSIDC-0051.001/1997.11.01/nt_19971101_f13_v1.1_n.bin']
North,1997,11,2,9.797,0, ['/ecs/DP1/PM/NSIDC-0051.001/1997.11.02/nt_19971102_f13_v1.1_n.bin']
North,1997,11,3,9.907,0, ['/ecs/DP1/PM/NSIDC-0051.001/1997.11.03/nt_19971103_f13_v1.1_n.bin']
North,1997,11,4,9.936,0, ['/ecs/DP1/PM/NSIDC-0051.001/1997.11.04/nt_19971104_f13_v1.1_n.bin']
North,1997,11,5,10.013,0, ['/ecs/DP1/PM/NSIDC-0051.001/1997.11.05/nt_19971105_f13_v1.1_n.bin']
North,1997,11,6,10.13,0, ['/ecs/DP1/PM/NSIDC-0051.001/1997.11.06/nt_19971106_f13_v1.1_n.bin']
North,1997,11,7,10.108,0, ['/ecs/DP1/PM/NSIDC-0051.001/1997.11.07/nt_19971107_f13_v1.1_n.bin']
North,1997,11,8,10.158,0, ['/ecs/DP1/PM/NSIDC-0051.001/1997.11.08/nt_19971108_f13_v1.1_n.bin']
North,1997,11,9,10.292,0, ['/ecs/DP1/PM/NSIDC-0051.001/1997.11.09/nt_19971109_f13_v1.1_n.bin']
North,1997,11,10,10.358,0, ['/ecs/DP1/PM/NSIDC-0051.001/1997.11.10/nt_19971110_f13_v1.1_n.bin']
North,1997,11,11,10.425,0, ['/ecs/DP1/PM/NSIDC-0051.001/1997.11.11/nt_19971111_f13_v1.1_n.bin']
North,1997,11,12,10.455,0, ['/ecs/DP1/PM/NSIDC-0051.001/1997.11.12/nt_19971112_f13_v1.1_n.bin']
North,1997,11,13,10.504,0, ['/ecs/DP1/PM/NSIDC-0051.001/1997.11.13/nt_19971113_f13_v1.1_n.bin']
North,1997,11,14,10.687,0, ['/ecs/DP1/PM/NSIDC-0051.001/1997.11.14/nt_19971114_f13_v1.1_n.bin']
North,1997,11,15,10.576,0, ['/ecs/DP1/PM/NSIDC-0051.001/1997.11.15/nt_19971115_f13_v1.1_n.bin']
North,1997,11,16,10.578,0, ['/ecs/DP1/PM/NSIDC-0051.001/1997.11.16/nt_19971116_f13_v1.1_n.bin']
North,1997,11,17,10.572,0, ['/ecs/DP1/PM/NSIDC-0051.001/1997.11.17/nt_19971117_f13_v1.1_n.bin']
North,1997,11,18,10.713,0, ['/ecs/DP1/PM/NSIDC-0051.001/1997.11.18/nt_19971118_f13_v1.1_n.bin']
North,1997,11,19,10.77,0, ['/ecs/DP1/PM/NSIDC-0051.001/1997.11.19/nt_19971119_f13_v1.1_n.bin']
North,1997,11,20,10.824,0, ['/ecs/DP1/PM/NSIDC-0051.001/1997.11.20/nt_19971120_f13_v1.1_n.bin']
North,1997,11,21,10.89,0, ['/ecs/DP1/PM/NSIDC-0051.001/1997.11.21/nt_19971121_f13_v1.1_n.bin']
North,1997,11,22,10.977,0, ['/ecs/DP1/PM/NSIDC-0051.001/1997.11.22/nt_19971122_f13_v1.1_n.bin']
North,1997,11,23,11.015,0, ['/ecs/DP1/PM/NSIDC-0051.001/1997.11.23/nt_19971123_f13_v1.1_n.bin']
North,1997,11,24,11.155,0, ['/ecs/DP1/PM/NSIDC-0051.001/1997.11.24/nt_19971124_f13_v1.1_n.bin']
North,1997,11,25,11.288,0, ['/ecs/DP1/PM/NSIDC-0051.001/1997.11.25/nt_19971125_f13_v1.1_n.bin']
North,1997,11,26,11.473,0, ['/ecs/DP1/PM/NSIDC-0051.001/1997.11.26/nt_19971126_f13_v1.1_n.bin']
North,1997,11,27,11.618,0, ['/ecs/DP1/PM/NSIDC-0051.001/1997.11.27/nt_19971127_f13_v1.1_n.bin']
North,1997,11,28,11.747,0, ['/ecs/DP1/PM/NSIDC-0051.001/1997.11.28/nt_19971128_f13_v1.1_n.bin']
North,1997,11,29,11.827,0, ['/ecs/DP1/PM/NSIDC-0051.001/1997.11.29/nt_19971129_f13_v1.1_n.bin']
North,1997,11,30,11.944,0, ['/ecs/DP1/PM/NSIDC-0051.001/1997.11.30/nt_19971130_f13_v1.1_n.bin']
North,1997,12,1,12.249,0, ['/ecs/DP1/PM/NSIDC-0051.001/1997.12.01/nt_19971201_f13_v1.1_n.bin']
North,1997,12,2,12.34,0, ['/ecs/DP1/PM/NSIDC-0051.001/1997.12.02/nt_19971202_f13_v1.1_n.bin']
North,1997,12,3,12.287,0, ['/ecs/DP1/PM/NSIDC-0051.001/1997.12.03/nt_19971203_f13_v1.1_n.bin']
North,1997,12,4,12.343,0, ['/ecs/DP1/PM/NSIDC-0051.001/1997.12.04/nt_19971204_f13_v1.1_n.bin']
North,1997,12,5,12.44,0, ['/ecs/DP1/PM/NSIDC-0051.001/1997.12.05/nt_19971205_f13_v1.1_n.bin']
North,1997,12,6,12.515,0, ['/ecs/DP1/PM/NSIDC-0051.001/1997.12.06/nt_19971206_f13_v1.1_n.bin']
North,1997,12,7,12.526,0, ['/ecs/DP1/PM/NSIDC-0051.001/1997.12.07/nt_19971207_f13_v1.1_n.bin']
North,1997,12,8,12.728,0, ['/ecs/DP1/PM/NSIDC-0051.001/1997.12.08/nt_19971208_f13_v1.1_n.bin']
North,1997,12,9,12.745,0, ['/ecs/DP1/PM/NSIDC-0051.001/1997.12.09/nt_19971209_f13_v1.1_n.bin']
North,1997,12,10,12.72,0, ['/ecs/DP1/PM/NSIDC-0051.001/1997.12.10/nt_19971210_f13_v1.1_n.bin']
North,1997,12,11,12.786,0, ['/ecs/DP1/PM/NSIDC-0051.001/1997.12.11/nt_19971211_f13_v1.1_n.bin']
North,1997,12,12,12.712,0, ['/ecs/DP1/PM/NSIDC-0051.001/1997.12.12/nt_19971212_f13_v1.1_n.bin']
North,1997,12,13,12.786,0, ['/ecs/DP1/PM/NSIDC-0051.001/1997.12.13/nt_19971213_f13_v1.1_n.bin']
North,1997,12,14,12.899,0, ['/ecs/DP1/PM/NSIDC-0051.001/1997.12.14/nt_19971214_f13_v1.1_n.bin']
North,1997,12,15,12.979,0, ['/ecs/DP1/PM/NSIDC-0051.001/1997.12.15/nt_19971215_f13_v1.1_n.bin']
North,1997,12,16,13.035,0, ['/ecs/DP1/PM/NSIDC-0051.001/1997.12.16/nt_19971216_f13_v1.1_n.bin']
North,1997,12,17,13.097,0, ['/ecs/DP1/PM/NSIDC-0051.001/1997.12.17/nt_19971217_f13_v1.1_n.bin']
North,1997,12,18,13.168,0, ['/ecs/DP1/PM/NSIDC-0051.001/1997.12.18/nt_19971218_f13_v1.1_n.bin']
North,1997,12,19,13.25,0, ['/ecs/DP1/PM/NSIDC-0051.001/1997.12.19/nt_19971219_f13_v1.1_n.bin']
North,1997,12,20,13.343,0, ['/ecs/DP1/PM/NSIDC-0051.001/1997.12.20/nt_19971220_f13_v1.1_n.bin']
North,1997,12,21,13.328,0, ['/ecs/DP1/PM/NSIDC-0051.001/1997.12.21/nt_19971221_f13_v1.1_n.bin']
North,1997,12,22,13.4,0, ['/ecs/DP1/PM/NSIDC-0051.001/1997.12.22/nt_19971222_f13_v1.1_n.bin']
North,1997,12,23,13.443,0, ['/ecs/DP1/PM/NSIDC-0051.001/1997.12.23/nt_19971223_f13_v1.1_n.bin']
North,1997,12,24,13.579,0, ['/ecs/DP1/PM/NSIDC-0051.001/1997.12.24/nt_19971224_f13_v1.1_n.bin']
North,1997,12,25,13.659,0, ['/ecs/DP1/PM/NSIDC-0051.001/1997.12.25/nt_19971225_f13_v1.1_n.bin']
North,1997,12,26,13.695,0, ['/ecs/DP1/PM/NSIDC-0051.001/1997.12.26/nt_19971226_f13_v1.1_n.bin']
North,1997,12,27,13.723,0, ['/ecs/DP1/PM/NSIDC-0051.001/1997.12.27/nt_19971227_f13_v1.1_n.bin']
North,1997,12,28,13.812,0, ['/ecs/DP1/PM/NSIDC-0051.001/1997.12.28/nt_19971228_f13_v1.1_n.bin']
North,1997,12,29,13.83,0, ['/ecs/DP1/PM/NSIDC-0051.001/1997.12.29/nt_19971229_f13_v1.1_n.bin']
North,1997,12,30,14.002,0, ['/ecs/DP1/PM/NSIDC-0051.001/1997.12.30/nt_19971230_f13_v1.1_n.bin']
North,1997,12,31,13.943,0, ['/ecs/DP1/PM/NSIDC-0051.001/1997.12.31/nt_19971231_f13_v1.1_n.bin']
North,1998,1,1,14.025,0, ['/ecs/DP1/PM/NSIDC-0051.001/1998.01.01/nt_19980101_f13_v1.1_n.bin']
North,1998,1,2,14.097,0, ['/ecs/DP1/PM/NSIDC-0051.001/1998.01.02/nt_19980102_f13_v1.1_n.bin']
North,1998,1,3,14.262,0, ['/ecs/DP1/PM/NSIDC-0051.001/1998.01.03/nt_19980103_f13_v1.1_n.bin']
North,1998,1,4,14.277,0, ['/ecs/DP1/PM/NSIDC-0051.001/1998.01.04/nt_19980104_f13_v1.1_n.bin']
North,1998,1,5,14.217,0, ['/ecs/DP1/PM/NSIDC-0051.001/1998.01.05/nt_19980105_f13_v1.1_n.bin']
North,1998,1,6,14.263,0, ['/ecs/DP1/PM/NSIDC-0051.001/1998.01.06/nt_19980106_f13_v1.1_n.bin']
North,1998,1,7,14.304,0, ['/ecs/DP1/PM/NSIDC-0051.001/1998.01.07/nt_19980107_f13_v1.1_n.bin']
North,1998,1,8,14.321,0, ['/ecs/DP1/PM/NSIDC-0051.001/1998.01.08/nt_19980108_f13_v1.1_n.bin']
North,1998,1,9,14.46,0, ['/ecs/DP1/PM/NSIDC-0051.001/1998.01.09/nt_19980109_f13_v1.1_n.bin']
North,1998,1,10,14.465,0, ['/ecs/DP1/PM/NSIDC-0051.001/1998.01.10/nt_19980110_f13_v1.1_n.bin']
North,1998,1,11,14.467,0, ['/ecs/DP1/PM/NSIDC-0051.001/1998.01.11/nt_19980111_f13_v1.1_n.bin']
North,1998,1,12,14.483,0, ['/ecs/DP1/PM/NSIDC-0051.001/1998.01.12/nt_19980112_f13_v1.1_n.bin']
North,1998,1,13,14.568,0, ['/ecs/DP1/PM/NSIDC-0051.001/1998.01.13/nt_19980113_f13_v1.1_n.bin']
North,1998,1,14,14.672,0, ['/ecs/DP1/PM/NSIDC-0051.001/1998.01.14/nt_19980114_f13_v1.1_n.bin']
North,1998,1,15,14.709,0, ['/ecs/DP1/PM/NSIDC-0051.001/1998.01.15/nt_19980115_f13_v1.1_n.bin']
North,1998,1,16,14.688,0, ['/ecs/DP1/PM/NSIDC-0051.001/1998.01.16/nt_19980116_f13_v1.1_n.bin']
North,1998,1,17,14.732,0, ['/ecs/DP1/PM/NSIDC-0051.001/1998.01.17/nt_19980117_f13_v1.1_n.bin']
North,1998,1,18,14.801,0, ['/ecs/DP1/PM/NSIDC-0051.001/1998.01.18/nt_19980118_f13_v1.1_n.bin']
North,1998,1,19,14.81,0, ['/ecs/DP1/PM/NSIDC-0051.001/1998.01.19/nt_19980119_f13_v1.1_n.bin']
North,1998,1,20,14.93,0, ['/ecs/DP1/PM/NSIDC-0051.001/1998.01.20/nt_19980120_f13_v1.1_n.bin']
North,1998,1,21,14.897,0, ['/ecs/DP1/PM/NSIDC-0051.001/1998.01.21/nt_19980121_f13_v1.1_n.bin']
North,1998,1,22,14.936,0, ['/ecs/DP1/PM/NSIDC-0051.001/1998.01.22/nt_19980122_f13_v1.1_n.bin']
North,1998,1,23,14.96,0, ['/ecs/DP1/PM/NSIDC-0051.001/1998.01.23/nt_19980123_f13_v1.1_n.bin']
North,1998,1,24,14.987,0, ['/ecs/DP1/PM/NSIDC-0051.001/1998.01.24/nt_19980124_f13_v1.1_n.bin']
North,1998,1,25,15.107,0, ['/ecs/DP1/PM/NSIDC-0051.001/1998.01.25/nt_19980125_f13_v1.1_n.bin']
North,1998,1,26,15.185,0, ['/ecs/DP1/PM/NSIDC-0051.001/1998.01.26/nt_19980126_f13_v1.1_n.bin']
North,1998,1,27,15.183,0, ['/ecs/DP1/PM/NSIDC-0051.001/1998.01.27/nt_19980127_f13_v1.1_n.bin']
North,1998,1,28,15.251,0, ['/ecs/DP1/PM/NSIDC-0051.001/1998.01.28/nt_19980128_f13_v1.1_n.bin']
North,1998,1,29,15.375,0, ['/ecs/DP1/PM/NSIDC-0051.001/1998.01.29/nt_19980129_f13_v1.1_n.bin']
North,1998,1,30,15.425,0, ['/ecs/DP1/PM/NSIDC-0051.001/1998.01.30/nt_19980130_f13_v1.1_n.bin']
North,1998,1,31,15.479,0, ['/ecs/DP1/PM/NSIDC-0051.001/1998.01.31/nt_19980131_f13_v1.1_n.bin']
North,1998,2,1,15.512,0, ['/ecs/DP1/PM/NSIDC-0051.001/1998.02.01/nt_19980201_f13_v1.1_n.bin']
North,1998,2,2,15.58,0, ['/ecs/DP1/PM/NSIDC-0051.001/1998.02.02/nt_19980202_f13_v1.1_n.bin']
North,1998,2,3,15.664,0, ['/ecs/DP1/PM/NSIDC-0051.001/1998.02.03/nt_19980203_f13_v1.1_n.bin']
North,1998,2,4,15.663,0, ['/ecs/DP1/PM/NSIDC-0051.001/1998.02.04/nt_19980204_f13_v1.1_n.bin']
North,1998,2,5,15.658,0, ['/ecs/DP1/PM/NSIDC-0051.001/1998.02.05/nt_19980205_f13_v1.1_n.bin']
North,1998,2,6,15.661,0, ['/ecs/DP1/PM/NSIDC-0051.001/1998.02.06/nt_19980206_f13_v1.1_n.bin']
North,1998,2,7,15.642,0, ['/ecs/DP1/PM/NSIDC-0051.001/1998.02.07/nt_19980207_f13_v1.1_n.bin']
North,1998,2,8,15.62,0, ['/ecs/DP1/PM/NSIDC-0051.001/1998.02.08/nt_19980208_f13_v1.1_n.bin']
North,1998,2,9,15.572,0, ['/ecs/DP1/PM/NSIDC-0051.001/1998.02.09/nt_19980209_f13_v1.1_n.bin']
North,1998,2,10,15.581,0, ['/ecs/DP1/PM/NSIDC-0051.001/1998.02.10/nt_19980210_f13_v1.1_n.bin']
North,1998,2,11,15.57,0, ['/ecs/DP1/PM/NSIDC-0051.001/1998.02.11/nt_19980211_f13_v1.1_n.bin']
North,1998,2,12,15.592,0, ['/ecs/DP1/PM/NSIDC-0051.001/1998.02.12/nt_19980212_f13_v1.1_n.bin']
North,1998,2,13,15.676,0, ['/ecs/DP1/PM/NSIDC-0051.001/1998.02.13/nt_19980213_f13_v1.1_n.bin']
North,1998,2,14,15.697,0, ['/ecs/DP1/PM/NSIDC-0051.001/1998.02.14/nt_19980214_f13_v1.1_n.bin']
North,1998,2,15,15.629,0, ['/ecs/DP1/PM/NSIDC-0051.001/1998.02.15/nt_19980215_f13_v1.1_n.bin']
North,1998,2,16,15.648,0, ['/ecs/DP1/PM/NSIDC-0051.001/1998.02.16/nt_19980216_f13_v1.1_n.bin']
North,1998,2,17,15.704,0, ['/ecs/DP1/PM/NSIDC-0051.001/1998.02.17/nt_19980217_f13_v1.1_n.bin']
North,1998,2,18,15.846,0, ['/ecs/DP1/PM/NSIDC-0051.001/1998.02.18/nt_19980218_f13_v1.1_n.bin']
North,1998,2,19,15.841,0, ['/ecs/DP1/PM/NSIDC-0051.001/1998.02.19/nt_19980219_f13_v1.1_n.bin']
North,1998,2,20,15.904,0, ['/ecs/DP1/PM/NSIDC-0051.001/1998.02.20/nt_19980220_f13_v1.1_n.bin']
North,1998,2,21,15.94,0, ['/ecs/DP1/PM/NSIDC-0051.001/1998.02.21/nt_19980221_f13_v1.1_n.bin']
North,1998,2,22,15.925,0, ['/ecs/DP1/PM/NSIDC-0051.001/1998.02.22/nt_19980222_f13_v1.1_n.bin']
North,1998,2,23,15.985,0, ['/ecs/DP1/PM/NSIDC-0051.001/1998.02.23/nt_19980223_f13_v1.1_n.bin']
North,1998,2,24,15.982,0, ['/ecs/DP1/PM/NSIDC-0051.001/1998.02.24/nt_19980224_f13_v1.1_n.bin']
North,1998,2,25,16.07,0, ['/ecs/DP1/PM/NSIDC-0051.001/1998.02.25/nt_19980225_f13_v1.1_n.bin']
North,1998,2,26,16.032,0, ['/ecs/DP1/PM/NSIDC-0051.001/1998.02.26/nt_19980226_f13_v1.1_n.bin']
North,1998,2,27,15.904,0, ['/ecs/DP1/PM/NSIDC-0051.001/1998.02.27/nt_19980227_f13_v1.1_n.bin']
North,1998,2,28,15.785,0, ['/ecs/DP1/PM/NSIDC-0051.001/1998.02.28/nt_19980228_f13_v1.1_n.bin']
North,1998,3,1,15.786,0, ['/ecs/DP1/PM/NSIDC-0051.001/1998.03.01/nt_19980301_f13_v1.1_n.bin']
North,1998,3,2,15.738,0, ['/ecs/DP1/PM/NSIDC-0051.001/1998.03.02/nt_19980302_f13_v1.1_n.bin']
North,1998,3,3,15.741,0, ['/ecs/DP1/PM/NSIDC-0051.001/1998.03.03/nt_19980303_f13_v1.1_n.bin']
North,1998,3,4,15.711,0, ['/ecs/DP1/PM/NSIDC-0051.001/1998.03.04/nt_19980304_f13_v1.1_n.bin']
North,1998,3,5,15.702,0, ['/ecs/DP1/PM/NSIDC-0051.001/1998.03.05/nt_19980305_f13_v1.1_n.bin']
North,1998,3,6,15.74,0, ['/ecs/DP1/PM/NSIDC-0051.001/1998.03.06/nt_19980306_f13_v1.1_n.bin']
North,1998,3,7,15.753,0, ['/ecs/DP1/PM/NSIDC-0051.001/1998.03.07/nt_19980307_f13_v1.1_n.bin']
North,1998,3,8,15.785,0, ['/ecs/DP1/PM/NSIDC-0051.001/1998.03.08/nt_19980308_f13_v1.1_n.bin']
North,1998,3,9,15.835,0, ['/ecs/DP1/PM/NSIDC-0051.001/1998.03.09/nt_19980309_f13_v1.1_n.bin']
North,1998,3,10,15.791,0, ['/ecs/DP1/PM/NSIDC-0051.001/1998.03.10/nt_19980310_f13_v1.1_n.bin']
North,1998,3,11,15.755,0, ['/ecs/DP1/PM/NSIDC-0051.001/1998.03.11/nt_19980311_f13_v1.1_n.bin']
North,1998,3,12,15.704,0, ['/ecs/DP1/PM/NSIDC-0051.001/1998.03.12/nt_19980312_f13_v1.1_n.bin']
North,1998,3,13,15.681,0, ['/ecs/DP1/PM/NSIDC-0051.001/1998.03.13/nt_19980313_f13_v1.1_n.bin']
North,1998,3,14,15.639,0, ['/ecs/DP1/PM/NSIDC-0051.001/1998.03.14/nt_19980314_f13_v1.1_n.bin']
North,1998,3,15,15.681,0, ['/ecs/DP1/PM/NSIDC-0051.001/1998.03.15/nt_19980315_f13_v1.1_n.bin']
North,1998,3,16,15.565,0, ['/ecs/DP1/PM/NSIDC-0051.001/1998.03.16/nt_19980316_f13_v1.1_n.bin']
North,1998,3,17,15.562,0, ['/ecs/DP1/PM/NSIDC-0051.001/1998.03.17/nt_19980317_f13_v1.1_n.bin']
North,1998,3,18,15.602,0, ['/ecs/DP1/PM/NSIDC-0051.001/1998.03.18/nt_19980318_f13_v1.1_n.bin']
North,1998,3,19,15.577,0, ['/ecs/DP1/PM/NSIDC-0051.001/1998.03.19/nt_19980319_f13_v1.1_n.bin']
North,1998,3,20,15.621,0, ['/ecs/DP1/PM/NSIDC-0051.001/1998.03.20/nt_19980320_f13_v1.1_n.bin']
North,1998,3,21,15.438,0, ['/ecs/DP1/PM/NSIDC-0051.001/1998.03.21/nt_19980321_f13_v1.1_n.bin']
North,1998,3,22,15.405,0, ['/ecs/DP1/PM/NSIDC-0051.001/1998.03.22/nt_19980322_f13_v1.1_n.bin']
North,1998,3,23,15.355,0, ['/ecs/DP1/PM/NSIDC-0051.001/1998.03.23/nt_19980323_f13_v1.1_n.bin']
North,1998,3,24,15.363,0, ['/ecs/DP1/PM/NSIDC-0051.001/1998.03.24/nt_19980324_f13_v1.1_n.bin']
North,1998,3,25,15.356,0, ['/ecs/DP1/PM/NSIDC-0051.001/1998.03.25/nt_19980325_f13_v1.1_n.bin']
North,1998,3,26,15.423,0, ['/ecs/DP1/PM/NSIDC-0051.001/1998.03.26/nt_19980326_f13_v1.1_n.bin']
North,1998,3,27,15.45,0, ['/ecs/DP1/PM/NSIDC-0051.001/1998.03.27/nt_19980327_f13_v1.1_n.bin']
North,1998,3,28,15.445,0, ['/ecs/DP1/PM/NSIDC-0051.001/1998.03.28/nt_19980328_f13_v1.1_n.bin']
North,1998,3,29,15.506,0, ['/ecs/DP1/PM/NSIDC-0051.001/1998.03.29/nt_19980329_f13_v1.1_n.bin']
North,1998,3,30,15.381,0, ['/ecs/DP1/PM/NSIDC-0051.001/1998.03.30/nt_19980330_f13_v1.1_n.bin']
North,1998,3,31,15.45,0, ['/ecs/DP1/PM/NSIDC-0051.001/1998.03.31/nt_19980331_f13_v1.1_n.bin']
North,1998,4,1,15.37,0, ['/ecs/DP1/PM/NSIDC-0051.001/1998.04.01/nt_19980401_f13_v1.1_n.bin']
North,1998,4,2,15.434,0, ['/ecs/DP1/PM/NSIDC-0051.001/1998.04.02/nt_19980402_f13_v1.1_n.bin']
North,1998,4,3,15.436,0, ['/ecs/DP1/PM/NSIDC-0051.001/1998.04.03/nt_19980403_f13_v1.1_n.bin']
North,1998,4,4,15.465,0, ['/ecs/DP1/PM/NSIDC-0051.001/1998.04.04/nt_19980404_f13_v1.1_n.bin']
North,1998,4,5,15.376,0, ['/ecs/DP1/PM/NSIDC-0051.001/1998.04.05/nt_19980405_f13_v1.1_n.bin']
North,1998,4,6,15.34,0, ['/ecs/DP1/PM/NSIDC-0051.001/1998.04.06/nt_19980406_f13_v1.1_n.bin']
North,1998,4,7,15.268,0, ['/ecs/DP1/PM/NSIDC-0051.001/1998.04.07/nt_19980407_f13_v1.1_n.bin']
North,1998,4,8,15.269,0, ['/ecs/DP1/PM/NSIDC-0051.001/1998.04.08/nt_19980408_f13_v1.1_n.bin']
North,1998,4,9,15.29,0, ['/ecs/DP1/PM/NSIDC-0051.001/1998.04.09/nt_19980409_f13_v1.1_n.bin']
North,1998,4,10,15.175,0, ['/ecs/DP1/PM/NSIDC-0051.001/1998.04.10/nt_19980410_f13_v1.1_n.bin']
North,1998,4,11,15.029,0, ['/ecs/DP1/PM/NSIDC-0051.001/1998.04.11/nt_19980411_f13_v1.1_n.bin']
North,1998,4,12,14.979,0, ['/ecs/DP1/PM/NSIDC-0051.001/1998.04.12/nt_19980412_f13_v1.1_n.bin']
North,1998,4,13,14.962,0, ['/ecs/DP1/PM/NSIDC-0051.001/1998.04.13/nt_19980413_f13_v1.1_n.bin']
North,1998,4,14,14.942,0, ['/ecs/DP1/PM/NSIDC-0051.001/1998.04.14/nt_19980414_f13_v1.1_n.bin']
North,1998,4,15,14.869,0, ['/ecs/DP1/PM/NSIDC-0051.001/1998.04.15/nt_19980415_f13_v1.1_n.bin']
North,1998,4,16,14.824,0, ['/ecs/DP1/PM/NSIDC-0051.001/1998.04.16/nt_19980416_f13_v1.1_n.bin']
North,1998,4,17,14.862,0, ['/ecs/DP1/PM/NSIDC-0051.001/1998.04.17/nt_19980417_f13_v1.1_n.bin']
North,1998,4,18,14.826,0, ['/ecs/DP1/PM/NSIDC-0051.001/1998.04.18/nt_19980418_f13_v1.1_n.bin']
North,1998,4,19,14.746,0, ['/ecs/DP1/PM/NSIDC-0051.001/1998.04.19/nt_19980419_f13_v1.1_n.bin']
North,1998,4,20,14.685,0, ['/ecs/DP1/PM/NSIDC-0051.001/1998.04.20/nt_19980420_f13_v1.1_n.bin']
North,1998,4,21,14.619,0, ['/ecs/DP1/PM/NSIDC-0051.001/1998.04.21/nt_19980421_f13_v1.1_n.bin']
North,1998,4,22,14.594,0, ['/ecs/DP1/PM/NSIDC-0051.001/1998.04.22/nt_19980422_f13_v1.1_n.bin']
North,1998,4,23,14.535,0, ['/ecs/DP1/PM/NSIDC-0051.001/1998.04.23/nt_19980423_f13_v1.1_n.bin']
North,1998,4,24,14.477,0, ['/ecs/DP1/PM/NSIDC-0051.001/1998.04.24/nt_19980424_f13_v1.1_n.bin']
North,1998,4,25,14.477,0, ['/ecs/DP1/PM/NSIDC-0051.001/1998.04.25/nt_19980425_f13_v1.1_n.bin']
North,1998,4,26,14.416,0, ['/ecs/DP1/PM/NSIDC-0051.001/1998.04.26/nt_19980426_f13_v1.1_n.bin']
North,1998,4,27,14.415,0, ['/ecs/DP1/PM/NSIDC-0051.001/1998.04.27/nt_19980427_f13_v1.1_n.bin']
North,1998,4,28,14.395,0, ['/ecs/DP1/PM/NSIDC-0051.001/1998.04.28/nt_19980428_f13_v1.1_n.bin']
North,1998,4,29,14.381,0, ['/ecs/DP1/PM/NSIDC-0051.001/1998.04.29/nt_19980429_f13_v1.1_n.bin']
North,1998,4,30,14.302,0, ['/ecs/DP1/PM/NSIDC-0051.001/1998.04.30/nt_19980430_f13_v1.1_n.bin']
North,1998,5,1,14.157,0, ['/ecs/DP1/PM/NSIDC-0051.001/1998.05.01/nt_19980501_f13_v1.1_n.bin']
North,1998,5,2,14.168,0, ['/ecs/DP1/PM/NSIDC-0051.001/1998.05.02/nt_19980502_f13_v1.1_n.bin']
North,1998,5,3,14.184,0, ['/ecs/DP1/PM/NSIDC-0051.001/1998.05.03/nt_19980503_f13_v1.1_n.bin']
North,1998,5,4,14.142,0, ['/ecs/DP1/PM/NSIDC-0051.001/1998.05.04/nt_19980504_f13_v1.1_n.bin']
North,1998,5,5,14.091,0, ['/ecs/DP1/PM/NSIDC-0051.001/1998.05.05/nt_19980505_f13_v1.1_n.bin']
North,1998,5,6,14.064,0, ['/ecs/DP1/PM/NSIDC-0051.001/1998.05.06/nt_19980506_f13_v1.1_n.bin']
North,1998,5,7,14.051,0, ['/ecs/DP1/PM/NSIDC-0051.001/1998.05.07/nt_19980507_f13_v1.1_n.bin']
North,1998,5,8,14.096,0, ['/ecs/DP1/PM/NSIDC-0051.001/1998.05.08/nt_19980508_f13_v1.1_n.bin']
North,1998,5,9,14.01,0, ['/ecs/DP1/PM/NSIDC-0051.001/1998.05.09/nt_19980509_f13_v1.1_n.bin']
North,1998,5,10,13.991,0, ['/ecs/DP1/PM/NSIDC-0051.001/1998.05.10/nt_19980510_f13_v1.1_n.bin']
North,1998,5,11,13.967,0, ['/ecs/DP1/PM/NSIDC-0051.001/1998.05.11/nt_19980511_f13_v1.1_n.bin']
North,1998,5,12,13.902,0, ['/ecs/DP1/PM/NSIDC-0051.001/1998.05.12/nt_19980512_f13_v1.1_n.bin']
North,1998,5,13,13.853,0, ['/ecs/DP1/PM/NSIDC-0051.001/1998.05.13/nt_19980513_f13_v1.1_n.bin']
North,1998,5,14,13.795,0, ['/ecs/DP1/PM/NSIDC-0051.001/1998.05.14/nt_19980514_f13_v1.1_n.bin']
North,1998,5,15,13.753,0, ['/ecs/DP1/PM/NSIDC-0051.001/1998.05.15/nt_19980515_f13_v1.1_n.bin']
North,1998,5,16,13.582,0, ['/ecs/DP1/PM/NSIDC-0051.001/1998.05.16/nt_19980516_f13_v1.1_n.bin']
North,1998,5,17,13.509,0, ['/ecs/DP1/PM/NSIDC-0051.001/1998.05.17/nt_19980517_f13_v1.1_n.bin']
North,1998,5,18,13.454,0, ['/ecs/DP1/PM/NSIDC-0051.001/1998.05.18/nt_19980518_f13_v1.1_n.bin']
North,1998,5,19,13.361,0, ['/ecs/DP1/PM/NSIDC-0051.001/1998.05.19/nt_19980519_f13_v1.1_n.bin']
North,1998,5,20,13.369,0, ['/ecs/DP1/PM/NSIDC-0051.001/1998.05.20/nt_19980520_f13_v1.1_n.bin']
North,1998,5,21,13.299,0, ['/ecs/DP1/PM/NSIDC-0051.001/1998.05.21/nt_19980521_f13_v1.1_n.bin']
North,1998,5,22,13.284,0, ['/ecs/DP1/PM/NSIDC-0051.001/1998.05.22/nt_19980522_f13_v1.1_n.bin']
North,1998,5,23,13.271,0, ['/ecs/DP1/PM/NSIDC-0051.001/1998.05.23/nt_19980523_f13_v1.1_n.bin']
North,1998,5,24,13.186,0, ['/ecs/DP1/PM/NSIDC-0051.001/1998.05.24/nt_19980524_f13_v1.1_n.bin']
North,1998,5,25,13.133,0, ['/ecs/DP1/PM/NSIDC-0051.001/1998.05.25/nt_19980525_f13_v1.1_n.bin']
North,1998,5,26,13.058,0, ['/ecs/DP1/PM/NSIDC-0051.001/1998.05.26/nt_19980526_f13_v1.1_n.bin']
North,1998,5,27,13.003,0, ['/ecs/DP1/PM/NSIDC-0051.001/1998.05.27/nt_19980527_f13_v1.1_n.bin']
North,1998,5,28,12.943,0, ['/ecs/DP1/PM/NSIDC-0051.001/1998.05.28/nt_19980528_f13_v1.1_n.bin']
North,1998,5,29,12.903,0, ['/ecs/DP1/PM/NSIDC-0051.001/1998.05.29/nt_19980529_f13_v1.1_n.bin']
North,1998,5,30,12.881,0, ['/ecs/DP1/PM/NSIDC-0051.001/1998.05.30/nt_19980530_f13_v1.1_n.bin']
North,1998,5,31,12.825,0, ['/ecs/DP1/PM/NSIDC-0051.001/1998.05.31/nt_19980531_f13_v1.1_n.bin']
North,1998,6,1,12.638,0, ['/ecs/DP1/PM/NSIDC-0051.001/1998.06.01/nt_19980601_f13_v1.1_n.bin']
North,1998,6,2,12.603,0, ['/ecs/DP1/PM/NSIDC-0051.001/1998.06.02/nt_19980602_f13_v1.1_n.bin']
North,1998,6,3,12.535,0, ['/ecs/DP1/PM/NSIDC-0051.001/1998.06.03/nt_19980603_f13_v1.1_n.bin']
North,1998,6,4,12.463,0, ['/ecs/DP1/PM/NSIDC-0051.001/1998.06.04/nt_19980604_f13_v1.1_n.bin']
North,1998,6,5,12.443,0, ['/ecs/DP1/PM/NSIDC-0051.001/1998.06.05/nt_19980605_f13_v1.1_n.bin']
North,1998,6,6,12.347,0, ['/ecs/DP1/PM/NSIDC-0051.001/1998.06.06/nt_19980606_f13_v1.1_n.bin']
North,1998,6,7,12.257,0, ['/ecs/DP1/PM/NSIDC-0051.001/1998.06.07/nt_19980607_f13_v1.1_n.bin']
North,1998,6,8,12.195,0, ['/ecs/DP1/PM/NSIDC-0051.001/1998.06.08/nt_19980608_f13_v1.1_n.bin']
North,1998,6,9,12.232,0, ['/ecs/DP1/PM/NSIDC-0051.001/1998.06.09/nt_19980609_f13_v1.1_n.bin']
North,1998,6,10,12.138,0, ['/ecs/DP1/PM/NSIDC-0051.001/1998.06.10/nt_19980610_f13_v1.1_n.bin']
North,1998,6,11,12.081,0, ['/ecs/DP1/PM/NSIDC-0051.001/1998.06.11/nt_19980611_f13_v1.1_n.bin']
North,1998,6,12,12.037,0, ['/ecs/DP1/PM/NSIDC-0051.001/1998.06.12/nt_19980612_f13_v1.1_n.bin']
North,1998,6,13,11.935,0, ['/ecs/DP1/PM/NSIDC-0051.001/1998.06.13/nt_19980613_f13_v1.1_n.bin']
North,1998,6,14,11.877,0, ['/ecs/DP1/PM/NSIDC-0051.001/1998.06.14/nt_19980614_f13_v1.1_n.bin']
North,1998,6,15,11.803,0, ['/ecs/DP1/PM/NSIDC-0051.001/1998.06.15/nt_19980615_f13_v1.1_n.bin']
North,1998,6,16,11.752,0, ['/ecs/DP1/PM/NSIDC-0051.001/1998.06.16/nt_19980616_f13_v1.1_n.bin']
North,1998,6,17,11.661,0, ['/ecs/DP1/PM/NSIDC-0051.001/1998.06.17/nt_19980617_f13_v1.1_n.bin']
North,1998,6,18,11.59,0, ['/ecs/DP1/PM/NSIDC-0051.001/1998.06.18/nt_19980618_f13_v1.1_n.bin']
North,1998,6,19,11.545,0, ['/ecs/DP1/PM/NSIDC-0051.001/1998.06.19/nt_19980619_f13_v1.1_n.bin']
North,1998,6,20,11.437,0, ['/ecs/DP1/PM/NSIDC-0051.001/1998.06.20/nt_19980620_f13_v1.1_n.bin']
North,1998,6,21,11.346,0, ['/ecs/DP1/PM/NSIDC-0051.001/1998.06.21/nt_19980621_f13_v1.1_n.bin']
North,1998,6,22,11.271,0, ['/ecs/DP1/PM/NSIDC-0051.001/1998.06.22/nt_19980622_f13_v1.1_n.bin']
North,1998,6,23,11.153,0, ['/ecs/DP1/PM/NSIDC-0051.001/1998.06.23/nt_19980623_f13_v1.1_n.bin']
North,1998,6,24,11.066,0, ['/ecs/DP1/PM/NSIDC-0051.001/1998.06.24/nt_19980624_f13_v1.1_n.bin']
North,1998,6,25,10.994,0, ['/ecs/DP1/PM/NSIDC-0051.001/1998.06.25/nt_19980625_f13_v1.1_n.bin']
North,1998,6,26,10.945,0, ['/ecs/DP1/PM/NSIDC-0051.001/1998.06.26/nt_19980626_f13_v1.1_n.bin']
North,1998,6,27,10.848,0, ['/ecs/DP1/PM/NSIDC-0051.001/1998.06.27/nt_19980627_f13_v1.1_n.bin']
North,1998,6,28,10.73,0, ['/ecs/DP1/PM/NSIDC-0051.001/1998.06.28/nt_19980628_f13_v1.1_n.bin']
North,1998,6,29,10.662,0, ['/ecs/DP1/PM/NSIDC-0051.001/1998.06.29/nt_19980629_f13_v1.1_n.bin']
North,1998,6,30,10.587,0, ['/ecs/DP1/PM/NSIDC-0051.001/1998.06.30/nt_19980630_f13_v1.1_n.bin']
North,1998,7,1,10.365,0, ['/ecs/DP1/PM/NSIDC-0051.001/1998.07.01/nt_19980701_f13_v1.1_n.bin']
North,1998,7,2,10.36,0, ['/ecs/DP1/PM/NSIDC-0051.001/1998.07.02/nt_19980702_f13_v1.1_n.bin']
North,1998,7,3,10.293,0, ['/ecs/DP1/PM/NSIDC-0051.001/1998.07.03/nt_19980703_f13_v1.1_n.bin']
North,1998,7,4,10.25,0, ['/ecs/DP1/PM/NSIDC-0051.001/1998.07.04/nt_19980704_f13_v1.1_n.bin']
North,1998,7,5,10.188,0, ['/ecs/DP1/PM/NSIDC-0051.001/1998.07.05/nt_19980705_f13_v1.1_n.bin']
North,1998,7,6,10.101,0, ['/ecs/DP1/PM/NSIDC-0051.001/1998.07.06/nt_19980706_f13_v1.1_n.bin']
North,1998,7,7,10.041,0, ['/ecs/DP1/PM/NSIDC-0051.001/1998.07.07/nt_19980707_f13_v1.1_n.bin']
North,1998,7,8,9.99,0, ['/ecs/DP1/PM/NSIDC-0051.001/1998.07.08/nt_19980708_f13_v1.1_n.bin']
North,1998,7,9,9.929,0, ['/ecs/DP1/PM/NSIDC-0051.001/1998.07.09/nt_19980709_f13_v1.1_n.bin']
North,1998,7,10,9.82,0, ['/ecs/DP1/PM/NSIDC-0051.001/1998.07.10/nt_19980710_f13_v1.1_n.bin']
North,1998,7,11,9.699,0, ['/ecs/DP1/PM/NSIDC-0051.001/1998.07.11/nt_19980711_f13_v1.1_n.bin']
North,1998,7,12,9.688,0, ['/ecs/DP1/PM/NSIDC-0051.001/1998.07.12/nt_19980712_f13_v1.1_n.bin']
North,1998,7,13,9.655,0, ['/ecs/DP1/PM/NSIDC-0051.001/1998.07.13/nt_19980713_f13_v1.1_n.bin']
North,1998,7,14,9.634,0, ['/ecs/DP1/PM/NSIDC-0051.001/1998.07.14/nt_19980714_f13_v1.1_n.bin']
North,1998,7,15,9.523,0, ['/ecs/DP1/PM/NSIDC-0051.001/1998.07.15/nt_19980715_f13_v1.1_n.bin']
North,1998,7,16,9.414,0, ['/ecs/DP1/PM/NSIDC-0051.001/1998.07.16/nt_19980716_f13_v1.1_n.bin']
North,1998,7,17,9.318,0, ['/ecs/DP1/PM/NSIDC-0051.001/1998.07.17/nt_19980717_f13_v1.1_n.bin']
North,1998,7,18,9.275,0, ['/ecs/DP1/PM/NSIDC-0051.001/1998.07.18/nt_19980718_f13_v1.1_n.bin']
North,1998,7,19,9.215,0, ['/ecs/DP1/PM/NSIDC-0051.001/1998.07.19/nt_19980719_f13_v1.1_n.bin']
North,1998,7,20,9.144,0, ['/ecs/DP1/PM/NSIDC-0051.001/1998.07.20/nt_19980720_f13_v1.1_n.bin']
North,1998,7,21,9.037,0, ['/ecs/DP1/PM/NSIDC-0051.001/1998.07.21/nt_19980721_f13_v1.1_n.bin']
North,1998,7,22,8.972,0, ['/ecs/DP1/PM/NSIDC-0051.001/1998.07.22/nt_19980722_f13_v1.1_n.bin']
North,1998,7,23,8.889,0, ['/ecs/DP1/PM/NSIDC-0051.001/1998.07.23/nt_19980723_f13_v1.1_n.bin']
North,1998,7,24,8.812,0, ['/ecs/DP1/PM/NSIDC-0051.001/1998.07.24/nt_19980724_f13_v1.1_n.bin']
North,1998,7,25,8.727,0, ['/ecs/DP1/PM/NSIDC-0051.001/1998.07.25/nt_19980725_f13_v1.1_n.bin']
North,1998,7,26,8.72,0, ['/ecs/DP1/PM/NSIDC-0051.001/1998.07.26/nt_19980726_f13_v1.1_n.bin']
North,1998,7,27,8.71,0, ['/ecs/DP1/PM/NSIDC-0051.001/1998.07.27/nt_19980727_f13_v1.1_n.bin']
North,1998,7,28,8.621,0, ['/ecs/DP1/PM/NSIDC-0051.001/1998.07.28/nt_19980728_f13_v1.1_n.bin']
North,1998,7,29,8.577,0, ['/ecs/DP1/PM/NSIDC-0051.001/1998.07.29/nt_19980729_f13_v1.1_n.bin']
North,1998,7,30,8.493,0, ['/ecs/DP1/PM/NSIDC-0051.001/1998.07.30/nt_19980730_f13_v1.1_n.bin']
North,1998,7,31,8.41,0, ['/ecs/DP1/PM/NSIDC-0051.001/1998.07.31/nt_19980731_f13_v1.1_n.bin']
North,1998,8,1,8.309,0, ['/ecs/DP1/PM/NSIDC-0051.001/1998.08.01/nt_19980801_f13_v1.1_n.bin']
North,1998,8,2,8.201,0, ['/ecs/DP1/PM/NSIDC-0051.001/1998.08.02/nt_19980802_f13_v1.1_n.bin']
North,1998,8,3,8.243,0, ['/ecs/DP1/PM/NSIDC-0051.001/1998.08.03/nt_19980803_f13_v1.1_n.bin']
North,1998,8,4,8.198,0, ['/ecs/DP1/PM/NSIDC-0051.001/1998.08.04/nt_19980804_f13_v1.1_n.bin']
North,1998,8,5,8.146,0, ['/ecs/DP1/PM/NSIDC-0051.001/1998.08.05/nt_19980805_f13_v1.1_n.bin']
North,1998,8,6,8.056,0, ['/ecs/DP1/PM/NSIDC-0051.001/1998.08.06/nt_19980806_f13_v1.1_n.bin']
North,1998,8,7,8.002,0, ['/ecs/DP1/PM/NSIDC-0051.001/1998.08.07/nt_19980807_f13_v1.1_n.bin']
North,1998,8,8,7.94,0, ['/ecs/DP1/PM/NSIDC-0051.001/1998.08.08/nt_19980808_f13_v1.1_n.bin']
North,1998,8,9,7.869,0, ['/ecs/DP1/PM/NSIDC-0051.001/1998.08.09/nt_19980809_f13_v1.1_n.bin']
North,1998,8,10,7.793,0, ['/ecs/DP1/PM/NSIDC-0051.001/1998.08.10/nt_19980810_f13_v1.1_n.bin']
North,1998,8,11,7.744,0, ['/ecs/DP1/PM/NSIDC-0051.001/1998.08.11/nt_19980811_f13_v1.1_n.bin']
North,1998,8,12,7.76,0, ['/ecs/DP1/PM/NSIDC-0051.001/1998.08.12/nt_19980812_f13_v1.1_n.bin']
North,1998,8,13,7.68,0, ['/ecs/DP1/PM/NSIDC-0051.001/1998.08.13/nt_19980813_f13_v1.1_n.bin']
North,1998,8,14,7.571,0, ['/ecs/DP1/PM/NSIDC-0051.001/1998.08.14/nt_19980814_f13_v1.1_n.bin']
North,1998,8,15,7.427,0, ['/ecs/DP1/PM/NSIDC-0051.001/1998.08.15/nt_19980815_f13_v1.1_n.bin']
North,1998,8,16,7.469,0, ['/ecs/DP1/PM/NSIDC-0051.001/1998.08.16/nt_19980816_f13_v1.1_n.bin']
North,1998,8,17,7.467,0, ['/ecs/DP1/PM/NSIDC-0051.001/1998.08.17/nt_19980817_f13_v1.1_n.bin']
North,1998,8,18,7.377,0, ['/ecs/DP1/PM/NSIDC-0051.001/1998.08.18/nt_19980818_f13_v1.1_n.bin']
North,1998,8,19,7.318,0, ['/ecs/DP1/PM/NSIDC-0051.001/1998.08.19/nt_19980819_f13_v1.1_n.bin']
North,1998,8,20,7.292,0, ['/ecs/DP1/PM/NSIDC-0051.001/1998.08.20/nt_19980820_f13_v1.1_n.bin']
North,1998,8,21,7.186,0, ['/ecs/DP1/PM/NSIDC-0051.001/1998.08.21/nt_19980821_f13_v1.1_n.bin']
North,1998,8,22,7.16,0, ['/ecs/DP1/PM/NSIDC-0051.001/1998.08.22/nt_19980822_f13_v1.1_n.bin']
North,1998,8,23,7.188,0, ['/ecs/DP1/PM/NSIDC-0051.001/1998.08.23/nt_19980823_f13_v1.1_n.bin']
North,1998,8,24,7.103,0, ['/ecs/DP1/PM/NSIDC-0051.001/1998.08.24/nt_19980824_f13_v1.1_n.bin']
North,1998,8,25,7.064,0, ['/ecs/DP1/PM/NSIDC-0051.001/1998.08.25/nt_19980825_f13_v1.1_n.bin']
North,1998,8,26,7.031,0, ['/ecs/DP1/PM/NSIDC-0051.001/1998.08.26/nt_19980826_f13_v1.1_n.bin']
North,1998,8,27,6.956,0, ['/ecs/DP1/PM/NSIDC-0051.001/1998.08.27/nt_19980827_f13_v1.1_n.bin']
North,1998,8,28,6.856,0, ['/ecs/DP1/PM/NSIDC-0051.001/1998.08.28/nt_19980828_f13_v1.1_n.bin']
North,1998,8,29,6.796,0, ['/ecs/DP1/PM/NSIDC-0051.001/1998.08.29/nt_19980829_f13_v1.1_n.bin']
North,1998,8,30,6.796,0, ['/ecs/DP1/PM/NSIDC-0051.001/1998.08.30/nt_19980830_f13_v1.1_n.bin']
North,1998,8,31,6.777,0, ['/ecs/DP1/PM/NSIDC-0051.001/1998.08.31/nt_19980831_f13_v1.1_n.bin']
North,1998,9,1,6.705,0, ['/ecs/DP1/PM/NSIDC-0051.001/1998.09.01/nt_19980901_f13_v1.1_n.bin']
North,1998,9,2,6.705,0, ['/ecs/DP1/PM/NSIDC-0051.001/1998.09.02/nt_19980902_f13_v1.1_n.bin']
North,1998,9,3,6.639,0, ['/ecs/DP1/PM/NSIDC-0051.001/1998.09.03/nt_19980903_f13_v1.1_n.bin']
North,1998,9,4,6.634,0, ['/ecs/DP1/PM/NSIDC-0051.001/1998.09.04/nt_19980904_f13_v1.1_n.bin']
North,1998,9,5,6.58,0, ['/ecs/DP1/PM/NSIDC-0051.001/1998.09.05/nt_19980905_f13_v1.1_n.bin']
North,1998,9,6,6.514,0, ['/ecs/DP1/PM/NSIDC-0051.001/1998.09.06/nt_19980906_f13_v1.1_n.bin']
North,1998,9,7,6.496,0, ['/ecs/DP1/PM/NSIDC-0051.001/1998.09.07/nt_19980907_f13_v1.1_n.bin']
North,1998,9,8,6.482,0, ['/ecs/DP1/PM/NSIDC-0051.001/1998.09.08/nt_19980908_f13_v1.1_n.bin']
North,1998,9,9,6.469,0, ['/ecs/DP1/PM/NSIDC-0051.001/1998.09.09/nt_19980909_f13_v1.1_n.bin']
North,1998,9,10,6.482,0, ['/ecs/DP1/PM/NSIDC-0051.001/1998.09.10/nt_19980910_f13_v1.1_n.bin']
North,1998,9,11,6.403,0, ['/ecs/DP1/PM/NSIDC-0051.001/1998.09.11/nt_19980911_f13_v1.1_n.bin']
North,1998,9,12,6.439,0, ['/ecs/DP1/PM/NSIDC-0051.001/1998.09.12/nt_19980912_f13_v1.1_n.bin']
North,1998,9,13,6.469,0, ['/ecs/DP1/PM/NSIDC-0051.001/1998.09.13/nt_19980913_f13_v1.1_n.bin']
North,1998,9,14,6.429,0, ['/ecs/DP1/PM/NSIDC-0051.001/1998.09.14/nt_19980914_f13_v1.1_n.bin']
North,1998,9,15,6.407,0, ['/ecs/DP1/PM/NSIDC-0051.001/1998.09.15/nt_19980915_f13_v1.1_n.bin']
North,1998,9,16,6.352,0, ['/ecs/DP1/PM/NSIDC-0051.001/1998.09.16/nt_19980916_f13_v1.1_n.bin']
North,1998,9,17,6.293,0, ['/ecs/DP1/PM/NSIDC-0051.001/1998.09.17/nt_19980917_f13_v1.1_n.bin']
North,1998,9,18,6.316,0, ['/ecs/DP1/PM/NSIDC-0051.001/1998.09.18/nt_19980918_f13_v1.1_n.bin']
North,1998,9,19,6.39,0, ['/ecs/DP1/PM/NSIDC-0051.001/1998.09.19/nt_19980919_f13_v1.1_n.bin']
North,1998,9,20,6.434,0, ['/ecs/DP1/PM/NSIDC-0051.001/1998.09.20/nt_19980920_f13_v1.1_n.bin']
North,1998,9,21,6.561,0, ['/ecs/DP1/PM/NSIDC-0051.001/1998.09.21/nt_19980921_f13_v1.1_n.bin']
North,1998,9,22,6.573,0, ['/ecs/DP1/PM/NSIDC-0051.001/1998.09.22/nt_19980922_f13_v1.1_n.bin']
North,1998,9,23,6.549,0, ['/ecs/DP1/PM/NSIDC-0051.001/1998.09.23/nt_19980923_f13_v1.1_n.bin']
North,1998,9,24,6.512,0, ['/ecs/DP1/PM/NSIDC-0051.001/1998.09.24/nt_19980924_f13_v1.1_n.bin']
North,1998,9,25,6.573,0, ['/ecs/DP1/PM/NSIDC-0051.001/1998.09.25/nt_19980925_f13_v1.1_n.bin']
North,1998,9,26,6.55,0, ['/ecs/DP1/PM/NSIDC-0051.001/1998.09.26/nt_19980926_f13_v1.1_n.bin']
North,1998,9,27,6.605,0, ['/ecs/DP1/PM/NSIDC-0051.001/1998.09.27/nt_19980927_f13_v1.1_n.bin']
North,1998,9,28,6.69,0, ['/ecs/DP1/PM/NSIDC-0051.001/1998.09.28/nt_19980928_f13_v1.1_n.bin']
North,1998,9,29,6.858,0, ['/ecs/DP1/PM/NSIDC-0051.001/1998.09.29/nt_19980929_f13_v1.1_n.bin']
North,1998,9,30,6.972,0, ['/ecs/DP1/PM/NSIDC-0051.001/1998.09.30/nt_19980930_f13_v1.1_n.bin']
North,1998,10,1,7.248,0, ['/ecs/DP1/PM/NSIDC-0051.001/1998.10.01/nt_19981001_f13_v1.1_n.bin']
North,1998,10,2,7.405,0, ['/ecs/DP1/PM/NSIDC-0051.001/1998.10.02/nt_19981002_f13_v1.1_n.bin']
North,1998,10,3,7.571,0, ['/ecs/DP1/PM/NSIDC-0051.001/1998.10.03/nt_19981003_f13_v1.1_n.bin']
North,1998,10,4,7.67,0, ['/ecs/DP1/PM/NSIDC-0051.001/1998.10.04/nt_19981004_f13_v1.1_n.bin']
North,1998,10,5,7.756,0, ['/ecs/DP1/PM/NSIDC-0051.001/1998.10.05/nt_19981005_f13_v1.1_n.bin']
North,1998,10,6,7.825,0, ['/ecs/DP1/PM/NSIDC-0051.001/1998.10.06/nt_19981006_f13_v1.1_n.bin']
North,1998,10,7,7.893,0, ['/ecs/DP1/PM/NSIDC-0051.001/1998.10.07/nt_19981007_f13_v1.1_n.bin']
North,1998,10,8,7.912,0, ['/ecs/DP1/PM/NSIDC-0051.001/1998.10.08/nt_19981008_f13_v1.1_n.bin']
North,1998,10,9,8.008,0, ['/ecs/DP1/PM/NSIDC-0051.001/1998.10.09/nt_19981009_f13_v1.1_n.bin']
North,1998,10,10,8.065,0, ['/ecs/DP1/PM/NSIDC-0051.001/1998.10.10/nt_19981010_f13_v1.1_n.bin']
North,1998,10,11,8.071,0, ['/ecs/DP1/PM/NSIDC-0051.001/1998.10.11/nt_19981011_f13_v1.1_n.bin']
North,1998,10,12,8.182,0, ['/ecs/DP1/PM/NSIDC-0051.001/1998.10.12/nt_19981012_f13_v1.1_n.bin']
North,1998,10,13,8.178,0, ['/ecs/DP1/PM/NSIDC-0051.001/1998.10.13/nt_19981013_f13_v1.1_n.bin']
North,1998,10,14,8.24,0, ['/ecs/DP1/PM/NSIDC-0051.001/1998.10.14/nt_19981014_f13_v1.1_n.bin']
North,1998,10,15,8.266,0, ['/ecs/DP1/PM/NSIDC-0051.001/1998.10.15/nt_19981015_f13_v1.1_n.bin']
North,1998,10,16,8.406,0, ['/ecs/DP1/PM/NSIDC-0051.001/1998.10.16/nt_19981016_f13_v1.1_n.bin']
North,1998,10,17,8.547,0, ['/ecs/DP1/PM/NSIDC-0051.001/1998.10.17/nt_19981017_f13_v1.1_n.bin']
North,1998,10,18,8.683,0, ['/ecs/DP1/PM/NSIDC-0051.001/1998.10.18/nt_19981018_f13_v1.1_n.bin']
North,1998,10,19,8.649,0, ['/ecs/DP1/PM/NSIDC-0051.001/1998.10.19/nt_19981019_f13_v1.1_n.bin']
North,1998,10,20,8.733,0, ['/ecs/DP1/PM/NSIDC-0051.001/1998.10.20/nt_19981020_f13_v1.1_n.bin']
North,1998,10,21,8.89,0, ['/ecs/DP1/PM/NSIDC-0051.001/1998.10.21/nt_19981021_f13_v1.1_n.bin']
North,1998,10,22,8.943,0, ['/ecs/DP1/PM/NSIDC-0051.001/1998.10.22/nt_19981022_f13_v1.1_n.bin']
North,1998,10,23,9.077,0, ['/ecs/DP1/PM/NSIDC-0051.001/1998.10.23/nt_19981023_f13_v1.1_n.bin']
North,1998,10,24,9.19,0, ['/ecs/DP1/PM/NSIDC-0051.001/1998.10.24/nt_19981024_f13_v1.1_n.bin']
North,1998,10,25,9.2,0, ['/ecs/DP1/PM/NSIDC-0051.001/1998.10.25/nt_19981025_f13_v1.1_n.bin']
North,1998,10,26,9.115,0, ['/ecs/DP1/PM/NSIDC-0051.001/1998.10.26/nt_19981026_f13_v1.1_n.bin']
North,1998,10,27,9.185,0, ['/ecs/DP1/PM/NSIDC-0051.001/1998.10.27/nt_19981027_f13_v1.1_n.bin']
North,1998,10,28,9.193,0, ['/ecs/DP1/PM/NSIDC-0051.001/1998.10.28/nt_19981028_f13_v1.1_n.bin']
North,1998,10,29,9.27,0, ['/ecs/DP1/PM/NSIDC-0051.001/1998.10.29/nt_19981029_f13_v1.1_n.bin']
North,1998,10,30,9.279,0, ['/ecs/DP1/PM/NSIDC-0051.001/1998.10.30/nt_19981030_f13_v1.1_n.bin']
North,1998,10,31,9.358,0, ['/ecs/DP1/PM/NSIDC-0051.001/1998.10.31/nt_19981031_f13_v1.1_n.bin']
North,1998,11,1,9.523,0, ['/ecs/DP1/PM/NSIDC-0051.001/1998.11.01/nt_19981101_f13_v1.1_n.bin']
North,1998,11,2,9.678,0, ['/ecs/DP1/PM/NSIDC-0051.001/1998.11.02/nt_19981102_f13_v1.1_n.bin']
North,1998,11,3,9.76,0, ['/ecs/DP1/PM/NSIDC-0051.001/1998.11.03/nt_19981103_f13_v1.1_n.bin']
North,1998,11,4,9.782,0, ['/ecs/DP1/PM/NSIDC-0051.001/1998.11.04/nt_19981104_f13_v1.1_n.bin']
North,1998,11,5,9.774,0, ['/ecs/DP1/PM/NSIDC-0051.001/1998.11.05/nt_19981105_f13_v1.1_n.bin']
North,1998,11,6,9.776,0, ['/ecs/DP1/PM/NSIDC-0051.001/1998.11.06/nt_19981106_f13_v1.1_n.bin']
North,1998,11,7,9.871,0, ['/ecs/DP1/PM/NSIDC-0051.001/1998.11.07/nt_19981107_f13_v1.1_n.bin']
North,1998,11,8,9.905,0, ['/ecs/DP1/PM/NSIDC-0051.001/1998.11.08/nt_19981108_f13_v1.1_n.bin']
North,1998,11,9,9.945,0, ['/ecs/DP1/PM/NSIDC-0051.001/1998.11.09/nt_19981109_f13_v1.1_n.bin']
North,1998,11,10,10.035,0, ['/ecs/DP1/PM/NSIDC-0051.001/1998.11.10/nt_19981110_f13_v1.1_n.bin']
North,1998,11,11,10.127,0, ['/ecs/DP1/PM/NSIDC-0051.001/1998.11.11/nt_19981111_f13_v1.1_n.bin']
North,1998,11,12,10.257,0, ['/ecs/DP1/PM/NSIDC-0051.001/1998.11.12/nt_19981112_f13_v1.1_n.bin']
North,1998,11,13,10.319,0, ['/ecs/DP1/PM/NSIDC-0051.001/1998.11.13/nt_19981113_f13_v1.1_n.bin']
North,1998,11,14,10.377,0, ['/ecs/DP1/PM/NSIDC-0051.001/1998.11.14/nt_19981114_f13_v1.1_n.bin']
North,1998,11,15,10.462,0, ['/ecs/DP1/PM/NSIDC-0051.001/1998.11.15/nt_19981115_f13_v1.1_n.bin']
North,1998,11,16,10.497,0, ['/ecs/DP1/PM/NSIDC-0051.001/1998.11.16/nt_19981116_f13_v1.1_n.bin']
North,1998,11,17,10.525,0, ['/ecs/DP1/PM/NSIDC-0051.001/1998.11.17/nt_19981117_f13_v1.1_n.bin']
North,1998,11,18,10.607,0, ['/ecs/DP1/PM/NSIDC-0051.001/1998.11.18/nt_19981118_f13_v1.1_n.bin']
North,1998,11,19,10.705,0, ['/ecs/DP1/PM/NSIDC-0051.001/1998.11.19/nt_19981119_f13_v1.1_n.bin']
North,1998,11,20,10.715,0, ['/ecs/DP1/PM/NSIDC-0051.001/1998.11.20/nt_19981120_f13_v1.1_n.bin']
North,1998,11,21,10.772,0, ['/ecs/DP1/PM/NSIDC-0051.001/1998.11.21/nt_19981121_f13_v1.1_n.bin']
North,1998,11,22,10.794,0, ['/ecs/DP1/PM/NSIDC-0051.001/1998.11.22/nt_19981122_f13_v1.1_n.bin']
North,1998,11,23,10.857,0, ['/ecs/DP1/PM/NSIDC-0051.001/1998.11.23/nt_19981123_f13_v1.1_n.bin']
North,1998,11,24,10.975,0, ['/ecs/DP1/PM/NSIDC-0051.001/1998.11.24/nt_19981124_f13_v1.1_n.bin']
North,1998,11,25,11.043,0, ['/ecs/DP1/PM/NSIDC-0051.001/1998.11.25/nt_19981125_f13_v1.1_n.bin']
North,1998,11,26,11.088,0, ['/ecs/DP1/PM/NSIDC-0051.001/1998.11.26/nt_19981126_f13_v1.1_n.bin']
North,1998,11,27,11.198,0, ['/ecs/DP1/PM/NSIDC-0051.001/1998.11.27/nt_19981127_f13_v1.1_n.bin']
North,1998,11,28,11.256,0, ['/ecs/DP1/PM/NSIDC-0051.001/1998.11.28/nt_19981128_f13_v1.1_n.bin']
North,1998,11,29,11.289,0, ['/ecs/DP1/PM/NSIDC-0051.001/1998.11.29/nt_19981129_f13_v1.1_n.bin']
North,1998,11,30,11.306,0, ['/ecs/DP1/PM/NSIDC-0051.001/1998.11.30/nt_19981130_f13_v1.1_n.bin']
North,1998,12,1,11.543,0, ['/ecs/DP1/PM/NSIDC-0051.001/1998.12.01/nt_19981201_f13_v1.1_n.bin']
North,1998,12,2,11.674,0, ['/ecs/DP1/PM/NSIDC-0051.001/1998.12.02/nt_19981202_f13_v1.1_n.bin']
North,1998,12,3,11.699,0, ['/ecs/DP1/PM/NSIDC-0051.001/1998.12.03/nt_19981203_f13_v1.1_n.bin']
North,1998,12,4,11.752,0, ['/ecs/DP1/PM/NSIDC-0051.001/1998.12.04/nt_19981204_f13_v1.1_n.bin']
North,1998,12,5,11.844,0, ['/ecs/DP1/PM/NSIDC-0051.001/1998.12.05/nt_19981205_f13_v1.1_n.bin']
North,1998,12,6,11.955,0, ['/ecs/DP1/PM/NSIDC-0051.001/1998.12.06/nt_19981206_f13_v1.1_n.bin']
North,1998,12,7,12.239,0, ['/ecs/DP1/PM/NSIDC-0051.001/1998.12.07/nt_19981207_f13_v1.1_n.bin']
North,1998,12,8,12.199,0, ['/ecs/DP1/PM/NSIDC-0051.001/1998.12.08/nt_19981208_f13_v1.1_n.bin']
North,1998,12,9,12.232,0, ['/ecs/DP1/PM/NSIDC-0051.001/1998.12.09/nt_19981209_f13_v1.1_n.bin']
North,1998,12,10,12.258,0, ['/ecs/DP1/PM/NSIDC-0051.001/1998.12.10/nt_19981210_f13_v1.1_n.bin']
North,1998,12,11,12.285,0, ['/ecs/DP1/PM/NSIDC-0051.001/1998.12.11/nt_19981211_f13_v1.1_n.bin']
North,1998,12,12,12.386,0, ['/ecs/DP1/PM/NSIDC-0051.001/1998.12.12/nt_19981212_f13_v1.1_n.bin']
North,1998,12,13,12.465,0, ['/ecs/DP1/PM/NSIDC-0051.001/1998.12.13/nt_19981213_f13_v1.1_n.bin']
North,1998,12,14,12.559,0, ['/ecs/DP1/PM/NSIDC-0051.001/1998.12.14/nt_19981214_f13_v1.1_n.bin']
North,1998,12,15,12.596,0, ['/ecs/DP1/PM/NSIDC-0051.001/1998.12.15/nt_19981215_f13_v1.1_n.bin']
North,1998,12,16,12.688,0, ['/ecs/DP1/PM/NSIDC-0051.001/1998.12.16/nt_19981216_f13_v1.1_n.bin']
North,1998,12,17,12.84,0, ['/ecs/DP1/PM/NSIDC-0051.001/1998.12.17/nt_19981217_f13_v1.1_n.bin']
North,1998,12,18,13.041,0, ['/ecs/DP1/PM/NSIDC-0051.001/1998.12.18/nt_19981218_f13_v1.1_n.bin']
North,1998,12,19,13.076,0, ['/ecs/DP1/PM/NSIDC-0051.001/1998.12.19/nt_19981219_f13_v1.1_n.bin']
North,1998,12,20,13.164,0, ['/ecs/DP1/PM/NSIDC-0051.001/1998.12.20/nt_19981220_f13_v1.1_n.bin']
North,1998,12,21,13.23,0, ['/ecs/DP1/PM/NSIDC-0051.001/1998.12.21/nt_19981221_f13_v1.1_n.bin']
North,1998,12,22,13.315,0, ['/ecs/DP1/PM/NSIDC-0051.001/1998.12.22/nt_19981222_f13_v1.1_n.bin']
North,1998,12,23,13.405,0, ['/ecs/DP1/PM/NSIDC-0051.001/1998.12.23/nt_19981223_f13_v1.1_n.bin']
North,1998,12,24,13.53,0, ['/ecs/DP1/PM/NSIDC-0051.001/1998.12.24/nt_19981224_f13_v1.1_n.bin']
North,1998,12,25,13.543,0, ['/ecs/DP1/PM/NSIDC-0051.001/1998.12.25/nt_19981225_f13_v1.1_n.bin']
North,1998,12,26,13.575,0, ['/ecs/DP1/PM/NSIDC-0051.001/1998.12.26/nt_19981226_f13_v1.1_n.bin']
North,1998,12,27,13.535,0, ['/ecs/DP1/PM/NSIDC-0051.001/1998.12.27/nt_19981227_f13_v1.1_n.bin']
North,1998,12,28,13.641,0, ['/ecs/DP1/PM/NSIDC-0051.001/1998.12.28/nt_19981228_f13_v1.1_n.bin']
North,1998,12,29,13.685,0, ['/ecs/DP1/PM/NSIDC-0051.001/1998.12.29/nt_19981229_f13_v1.1_n.bin']
North,1998,12,30,13.784,0, ['/ecs/DP1/PM/NSIDC-0051.001/1998.12.30/nt_19981230_f13_v1.1_n.bin']
North,1998,12,31,13.78,0, ['/ecs/DP1/PM/NSIDC-0051.001/1998.12.31/nt_19981231_f13_v1.1_n.bin']
North,1999,1,1,13.823,0, ['/ecs/DP1/PM/NSIDC-0051.001/1999.01.01/nt_19990101_f13_v1.1_n.bin']
North,1999,1,2,13.886,0, ['/ecs/DP1/PM/NSIDC-0051.001/1999.01.02/nt_19990102_f13_v1.1_n.bin']
North,1999,1,3,13.884,0, ['/ecs/DP1/PM/NSIDC-0051.001/1999.01.03/nt_19990103_f13_v1.1_n.bin']
North,1999,1,4,13.913,0, ['/ecs/DP1/PM/NSIDC-0051.001/1999.01.04/nt_19990104_f13_v1.1_n.bin']
North,1999,1,5,13.89,0, ['/ecs/DP1/PM/NSIDC-0051.001/1999.01.05/nt_19990105_f13_v1.1_n.bin']
North,1999,1,6,14.044,0, ['/ecs/DP1/PM/NSIDC-0051.001/1999.01.06/nt_19990106_f13_v1.1_n.bin']
North,1999,1,7,14.089,0, ['/ecs/DP1/PM/NSIDC-0051.001/1999.01.07/nt_19990107_f13_v1.1_n.bin']
North,1999,1,8,14.239,0, ['/ecs/DP1/PM/NSIDC-0051.001/1999.01.08/nt_19990108_f13_v1.1_n.bin']
North,1999,1,9,14.312,0, ['/ecs/DP1/PM/NSIDC-0051.001/1999.01.09/nt_19990109_f13_v1.1_n.bin']
North,1999,1,10,14.24,0, ['/ecs/DP1/PM/NSIDC-0051.001/1999.01.10/nt_19990110_f13_v1.1_n.bin']
North,1999,1,11,14.265,0, ['/ecs/DP1/PM/NSIDC-0051.001/1999.01.11/nt_19990111_f13_v1.1_n.bin']
North,1999,1,12,14.332,0, ['/ecs/DP1/PM/NSIDC-0051.001/1999.01.12/nt_19990112_f13_v1.1_n.bin']
North,1999,1,13,14.347,0, ['/ecs/DP1/PM/NSIDC-0051.001/1999.01.13/nt_19990113_f13_v1.1_n.bin']
North,1999,1,14,14.407,0, ['/ecs/DP1/PM/NSIDC-0051.001/1999.01.14/nt_19990114_f13_v1.1_n.bin']
North,1999,1,15,14.473,0, ['/ecs/DP1/PM/NSIDC-0051.001/1999.01.15/nt_19990115_f13_v1.1_n.bin']
North,1999,1,16,14.434,0, ['/ecs/DP1/PM/NSIDC-0051.001/1999.01.16/nt_19990116_f13_v1.1_n.bin']
North,1999,1,17,14.402,0, ['/ecs/DP1/PM/NSIDC-0051.001/1999.01.17/nt_19990117_f13_v1.1_n.bin']
North,1999,1,18,14.388,0, ['/ecs/DP1/PM/NSIDC-0051.001/1999.01.18/nt_19990118_f13_v1.1_n.bin']
North,1999,1,19,14.459,0, ['/ecs/DP1/PM/NSIDC-0051.001/1999.01.19/nt_19990119_f13_v1.1_n.bin']
North,1999,1,20,14.432,0, ['/ecs/DP1/PM/NSIDC-0051.001/1999.01.20/nt_19990120_f13_v1.1_n.bin']
North,1999,1,21,14.37,0, ['/ecs/DP1/PM/NSIDC-0051.001/1999.01.21/nt_19990121_f13_v1.1_n.bin']
North,1999,1,22,14.386,0, ['/ecs/DP1/PM/NSIDC-0051.001/1999.01.22/nt_19990122_f13_v1.1_n.bin']
North,1999,1,23,14.503,0, ['/ecs/DP1/PM/NSIDC-0051.001/1999.01.23/nt_19990123_f13_v1.1_n.bin']
North,1999,1,24,14.602,0, ['/ecs/DP1/PM/NSIDC-0051.001/1999.01.24/nt_19990124_f13_v1.1_n.bin']
North,1999,1,25,14.622,0, ['/ecs/DP1/PM/NSIDC-0051.001/1999.01.25/nt_19990125_f13_v1.1_n.bin']
North,1999,1,26,14.599,0, ['/ecs/DP1/PM/NSIDC-0051.001/1999.01.26/nt_19990126_f13_v1.1_n.bin']
North,1999,1,27,14.596,0, ['/ecs/DP1/PM/NSIDC-0051.001/1999.01.27/nt_19990127_f13_v1.1_n.bin']
North,1999,1,28,14.67,0, ['/ecs/DP1/PM/NSIDC-0051.001/1999.01.28/nt_19990128_f13_v1.1_n.bin']
North,1999,1,29,14.745,0, ['/ecs/DP1/PM/NSIDC-0051.001/1999.01.29/nt_19990129_f13_v1.1_n.bin']
North,1999,1,30,14.837,0, ['/ecs/DP1/PM/NSIDC-0051.001/1999.01.30/nt_19990130_f13_v1.1_n.bin']
North,1999,1,31,14.952,0, ['/ecs/DP1/PM/NSIDC-0051.001/1999.01.31/nt_19990131_f13_v1.1_n.bin']
North,1999,2,1,14.947,0, ['/ecs/DP1/PM/NSIDC-0051.001/1999.02.01/nt_19990201_f13_v1.1_n.bin']
North,1999,2,2,14.951,0, ['/ecs/DP1/PM/NSIDC-0051.001/1999.02.02/nt_19990202_f13_v1.1_n.bin']
North,1999,2,3,15.034,0, ['/ecs/DP1/PM/NSIDC-0051.001/1999.02.03/nt_19990203_f13_v1.1_n.bin']
North,1999,2,4,14.986,0, ['/ecs/DP1/PM/NSIDC-0051.001/1999.02.04/nt_19990204_f13_v1.1_n.bin']
North,1999,2,5,14.978,0, ['/ecs/DP1/PM/NSIDC-0051.001/1999.02.05/nt_19990205_f13_v1.1_n.bin']
North,1999,2,6,15.1,0, ['/ecs/DP1/PM/NSIDC-0051.001/1999.02.06/nt_19990206_f13_v1.1_n.bin']
North,1999,2,7,15.178,0, ['/ecs/DP1/PM/NSIDC-0051.001/1999.02.07/nt_19990207_f13_v1.1_n.bin']
North,1999,2,8,15.203,0, ['/ecs/DP1/PM/NSIDC-0051.001/1999.02.08/nt_19990208_f13_v1.1_n.bin']
North,1999,2,9,15.279,0, ['/ecs/DP1/PM/NSIDC-0051.001/1999.02.09/nt_19990209_f13_v1.1_n.bin']
North,1999,2,10,15.297,0, ['/ecs/DP1/PM/NSIDC-0051.001/1999.02.10/nt_19990210_f13_v1.1_n.bin']
North,1999,2,11,15.315,0, ['/ecs/DP1/PM/NSIDC-0051.001/1999.02.11/nt_19990211_f13_v1.1_n.bin']
North,1999,2,12,15.336,0, ['/ecs/DP1/PM/NSIDC-0051.001/1999.02.12/nt_19990212_f13_v1.1_n.bin']
North,1999,2,13,15.377,0, ['/ecs/DP1/PM/NSIDC-0051.001/1999.02.13/nt_19990213_f13_v1.1_n.bin']
North,1999,2,14,15.395,0, ['/ecs/DP1/PM/NSIDC-0051.001/1999.02.14/nt_19990214_f13_v1.1_n.bin']
North,1999,2,15,15.414,0, ['/ecs/DP1/PM/NSIDC-0051.001/1999.02.15/nt_19990215_f13_v1.1_n.bin']
North,1999,2,16,15.365,0, ['/ecs/DP1/PM/NSIDC-0051.001/1999.02.16/nt_19990216_f13_v1.1_n.bin']
North,1999,2,17,15.373,0, ['/ecs/DP1/PM/NSIDC-0051.001/1999.02.17/nt_19990217_f13_v1.1_n.bin']
North,1999,2,18,15.419,0, ['/ecs/DP1/PM/NSIDC-0051.001/1999.02.18/nt_19990218_f13_v1.1_n.bin']
North,1999,2,19,15.473,0, ['/ecs/DP1/PM/NSIDC-0051.001/1999.02.19/nt_19990219_f13_v1.1_n.bin']
North,1999,2,20,15.49,0, ['/ecs/DP1/PM/NSIDC-0051.001/1999.02.20/nt_19990220_f13_v1.1_n.bin']
North,1999,2,21,15.481,0, ['/ecs/DP1/PM/NSIDC-0051.001/1999.02.21/nt_19990221_f13_v1.1_n.bin']
North,1999,2,22,15.456,0, ['/ecs/DP1/PM/NSIDC-0051.001/1999.02.22/nt_19990222_f13_v1.1_n.bin']
North,1999,2,23,15.463,0, ['/ecs/DP1/PM/NSIDC-0051.001/1999.02.23/nt_19990223_f13_v1.1_n.bin']
North,1999,2,24,15.44,0, ['/ecs/DP1/PM/NSIDC-0051.001/1999.02.24/nt_19990224_f13_v1.1_n.bin']
North,1999,2,25,15.468,0, ['/ecs/DP1/PM/NSIDC-0051.001/1999.02.25/nt_19990225_f13_v1.1_n.bin']
North,1999,2,26,15.507,0, ['/ecs/DP1/PM/NSIDC-0051.001/1999.02.26/nt_19990226_f13_v1.1_n.bin']
North,1999,2,27,15.523,0, ['/ecs/DP1/PM/NSIDC-0051.001/1999.02.27/nt_19990227_f13_v1.1_n.bin']
North,1999,2,28,15.402,0, ['/ecs/DP1/PM/NSIDC-0051.001/1999.02.28/nt_19990228_f13_v1.1_n.bin']
North,1999,3,1,15.26,0, ['/ecs/DP1/PM/NSIDC-0051.001/1999.03.01/nt_19990301_f13_v1.1_n.bin']
North,1999,3,2,15.171,0, ['/ecs/DP1/PM/NSIDC-0051.001/1999.03.02/nt_19990302_f13_v1.1_n.bin']
North,1999,3,3,15.182,0, ['/ecs/DP1/PM/NSIDC-0051.001/1999.03.03/nt_19990303_f13_v1.1_n.bin']
North,1999,3,4,15.217,0, ['/ecs/DP1/PM/NSIDC-0051.001/1999.03.04/nt_19990304_f13_v1.1_n.bin']
North,1999,3,5,15.327,0, ['/ecs/DP1/PM/NSIDC-0051.001/1999.03.05/nt_19990305_f13_v1.1_n.bin']
North,1999,3,6,15.234,0, ['/ecs/DP1/PM/NSIDC-0051.001/1999.03.06/nt_19990306_f13_v1.1_n.bin']
North,1999,3,7,15.178,0, ['/ecs/DP1/PM/NSIDC-0051.001/1999.03.07/nt_19990307_f13_v1.1_n.bin']
North,1999,3,8,15.257,0, ['/ecs/DP1/PM/NSIDC-0051.001/1999.03.08/nt_19990308_f13_v1.1_n.bin']
North,1999,3,9,15.33,0, ['/ecs/DP1/PM/NSIDC-0051.001/1999.03.09/nt_19990309_f13_v1.1_n.bin']
North,1999,3,10,15.343,0, ['/ecs/DP1/PM/NSIDC-0051.001/1999.03.10/nt_19990310_f13_v1.1_n.bin']
North,1999,3,11,15.384,0, ['/ecs/DP1/PM/NSIDC-0051.001/1999.03.11/nt_19990311_f13_v1.1_n.bin']
North,1999,3,12,15.381,0, ['/ecs/DP1/PM/NSIDC-0051.001/1999.03.12/nt_19990312_f13_v1.1_n.bin']
North,1999,3,13,15.425,0, ['/ecs/DP1/PM/NSIDC-0051.001/1999.03.13/nt_19990313_f13_v1.1_n.bin']
North,1999,3,14,15.301,0, ['/ecs/DP1/PM/NSIDC-0051.001/1999.03.14/nt_19990314_f13_v1.1_n.bin']
North,1999,3,15,15.303,0, ['/ecs/DP1/PM/NSIDC-0051.001/1999.03.15/nt_19990315_f13_v1.1_n.bin']
North,1999,3,16,15.38,0, ['/ecs/DP1/PM/NSIDC-0051.001/1999.03.16/nt_19990316_f13_v1.1_n.bin']
North,1999,3,17,15.392,0, ['/ecs/DP1/PM/NSIDC-0051.001/1999.03.17/nt_19990317_f13_v1.1_n.bin']
North,1999,3,18,15.355,0, ['/ecs/DP1/PM/NSIDC-0051.001/1999.03.18/nt_19990318_f13_v1.1_n.bin']
North,1999,3,19,15.452,0, ['/ecs/DP1/PM/NSIDC-0051.001/1999.03.19/nt_19990319_f13_v1.1_n.bin']
North,1999,3,20,15.419,0, ['/ecs/DP1/PM/NSIDC-0051.001/1999.03.20/nt_19990320_f13_v1.1_n.bin']
North,1999,3,21,15.485,0, ['/ecs/DP1/PM/NSIDC-0051.001/1999.03.21/nt_19990321_f13_v1.1_n.bin']
North,1999,3,22,15.472,0, ['/ecs/DP1/PM/NSIDC-0051.001/1999.03.22/nt_19990322_f13_v1.1_n.bin']
North,1999,3,23,15.515,0, ['/ecs/DP1/PM/NSIDC-0051.001/1999.03.23/nt_19990323_f13_v1.1_n.bin']
North,1999,3,24,15.538,0, ['/ecs/DP1/PM/NSIDC-0051.001/1999.03.24/nt_19990324_f13_v1.1_n.bin']
North,1999,3,25,15.561,0, ['/ecs/DP1/PM/NSIDC-0051.001/1999.03.25/nt_19990325_f13_v1.1_n.bin']
North,1999,3,26,15.555,0, ['/ecs/DP1/PM/NSIDC-0051.001/1999.03.26/nt_19990326_f13_v1.1_n.bin']
North,1999,3,27,15.541,0, ['/ecs/DP1/PM/NSIDC-0051.001/1999.03.27/nt_19990327_f13_v1.1_n.bin']
North,1999,3,28,15.544,0, ['/ecs/DP1/PM/NSIDC-0051.001/1999.03.28/nt_19990328_f13_v1.1_n.bin']
North,1999,3,29,15.599,0, ['/ecs/DP1/PM/NSIDC-0051.001/1999.03.29/nt_19990329_f13_v1.1_n.bin']
North,1999,3,30,15.627,0, ['/ecs/DP1/PM/NSIDC-0051.001/1999.03.30/nt_19990330_f13_v1.1_n.bin']
North,1999,3,31,15.6,0, ['/ecs/DP1/PM/NSIDC-0051.001/1999.03.31/nt_19990331_f13_v1.1_n.bin']
North,1999,4,1,15.486,0, ['/ecs/DP1/PM/NSIDC-0051.001/1999.04.01/nt_19990401_f13_v1.1_n.bin']
North,1999,4,2,15.44,0, ['/ecs/DP1/PM/NSIDC-0051.001/1999.04.02/nt_19990402_f13_v1.1_n.bin']
North,1999,4,3,15.461,0, ['/ecs/DP1/PM/NSIDC-0051.001/1999.04.03/nt_19990403_f13_v1.1_n.bin']
North,1999,4,4,15.423,0, ['/ecs/DP1/PM/NSIDC-0051.001/1999.04.04/nt_19990404_f13_v1.1_n.bin']
North,1999,4,5,15.494,0, ['/ecs/DP1/PM/NSIDC-0051.001/1999.04.05/nt_19990405_f13_v1.1_n.bin']
North,1999,4,6,15.46,0, ['/ecs/DP1/PM/NSIDC-0051.001/1999.04.06/nt_19990406_f13_v1.1_n.bin']
North,1999,4,7,15.435,0, ['/ecs/DP1/PM/NSIDC-0051.001/1999.04.07/nt_19990407_f13_v1.1_n.bin']
North,1999,4,8,15.367,0, ['/ecs/DP1/PM/NSIDC-0051.001/1999.04.08/nt_19990408_f13_v1.1_n.bin']
North,1999,4,9,15.376,0, ['/ecs/DP1/PM/NSIDC-0051.001/1999.04.09/nt_19990409_f13_v1.1_n.bin']
North,1999,4,10,15.261,0, ['/ecs/DP1/PM/NSIDC-0051.001/1999.04.10/nt_19990410_f13_v1.1_n.bin']
North,1999,4,11,15.269,0, ['/ecs/DP1/PM/NSIDC-0051.001/1999.04.11/nt_19990411_f13_v1.1_n.bin']
North,1999,4,12,15.275,0, ['/ecs/DP1/PM/NSIDC-0051.001/1999.04.12/nt_19990412_f13_v1.1_n.bin']
North,1999,4,13,15.392,0, ['/ecs/DP1/PM/NSIDC-0051.001/1999.04.13/nt_19990413_f13_v1.1_n.bin']
North,1999,4,14,15.3,0, ['/ecs/DP1/PM/NSIDC-0051.001/1999.04.14/nt_19990414_f13_v1.1_n.bin']
North,1999,4,15,15.263,0, ['/ecs/DP1/PM/NSIDC-0051.001/1999.04.15/nt_19990415_f13_v1.1_n.bin']
North,1999,4,16,15.185,0, ['/ecs/DP1/PM/NSIDC-0051.001/1999.04.16/nt_19990416_f13_v1.1_n.bin']
North,1999,4,17,15.163,0, ['/ecs/DP1/PM/NSIDC-0051.001/1999.04.17/nt_19990417_f13_v1.1_n.bin']
North,1999,4,18,15.111,0, ['/ecs/DP1/PM/NSIDC-0051.001/1999.04.18/nt_19990418_f13_v1.1_n.bin']
North,1999,4,19,14.947,0, ['/ecs/DP1/PM/NSIDC-0051.001/1999.04.19/nt_19990419_f13_v1.1_n.bin']
North,1999,4,20,14.753,0, ['/ecs/DP1/PM/NSIDC-0051.001/1999.04.20/nt_19990420_f13_v1.1_n.bin']
North,1999,4,21,14.72,0, ['/ecs/DP1/PM/NSIDC-0051.001/1999.04.21/nt_19990421_f13_v1.1_n.bin']
North,1999,4,22,14.746,0, ['/ecs/DP1/PM/NSIDC-0051.001/1999.04.22/nt_19990422_f13_v1.1_n.bin']
North,1999,4,23,14.704,0, ['/ecs/DP1/PM/NSIDC-0051.001/1999.04.23/nt_19990423_f13_v1.1_n.bin']
North,1999,4,24,14.767,0, ['/ecs/DP1/PM/NSIDC-0051.001/1999.04.24/nt_19990424_f13_v1.1_n.bin']
North,1999,4,25,14.714,0, ['/ecs/DP1/PM/NSIDC-0051.001/1999.04.25/nt_19990425_f13_v1.1_n.bin']
North,1999,4,26,14.686,0, ['/ecs/DP1/PM/NSIDC-0051.001/1999.04.26/nt_19990426_f13_v1.1_n.bin']
North,1999,4,27,14.603,0, ['/ecs/DP1/PM/NSIDC-0051.001/1999.04.27/nt_19990427_f13_v1.1_n.bin']
North,1999,4,28,14.631,0, ['/ecs/DP1/PM/NSIDC-0051.001/1999.04.28/nt_19990428_f13_v1.1_n.bin']
North,1999,4,29,14.572,0, ['/ecs/DP1/PM/NSIDC-0051.001/1999.04.29/nt_19990429_f13_v1.1_n.bin']
North,1999,4,30,14.513,0, ['/ecs/DP1/PM/NSIDC-0051.001/1999.04.30/nt_19990430_f13_v1.1_n.bin']
North,1999,5,1,14.35,0, ['/ecs/DP1/PM/NSIDC-0051.001/1999.05.01/nt_19990501_f13_v1.1_n.bin']
North,1999,5,2,14.321,0, ['/ecs/DP1/PM/NSIDC-0051.001/1999.05.02/nt_19990502_f13_v1.1_n.bin']
North,1999,5,3,14.342,0, ['/ecs/DP1/PM/NSIDC-0051.001/1999.05.03/nt_19990503_f13_v1.1_n.bin']
North,1999,5,4,14.306,0, ['/ecs/DP1/PM/NSIDC-0051.001/1999.05.04/nt_19990504_f13_v1.1_n.bin']
North,1999,5,5,14.26,0, ['/ecs/DP1/PM/NSIDC-0051.001/1999.05.05/nt_19990505_f13_v1.1_n.bin']
North,1999,5,6,14.159,0, ['/ecs/DP1/PM/NSIDC-0051.001/1999.05.06/nt_19990506_f13_v1.1_n.bin']
North,1999,5,7,14.141,0, ['/ecs/DP1/PM/NSIDC-0051.001/1999.05.07/nt_19990507_f13_v1.1_n.bin']
North,1999,5,8,14.111,0, ['/ecs/DP1/PM/NSIDC-0051.001/1999.05.08/nt_19990508_f13_v1.1_n.bin']
North,1999,5,9,14.119,0, ['/ecs/DP1/PM/NSIDC-0051.001/1999.05.09/nt_19990509_f13_v1.1_n.bin']
North,1999,5,10,14.12,0, ['/ecs/DP1/PM/NSIDC-0051.001/1999.05.10/nt_19990510_f13_v1.1_n.bin']
North,1999,5,11,14.084,0, ['/ecs/DP1/PM/NSIDC-0051.001/1999.05.11/nt_19990511_f13_v1.1_n.bin']
North,1999,5,12,14.006,0, ['/ecs/DP1/PM/NSIDC-0051.001/1999.05.12/nt_19990512_f13_v1.1_n.bin']
North,1999,5,13,13.9,0, ['/ecs/DP1/PM/NSIDC-0051.001/1999.05.13/nt_19990513_f13_v1.1_n.bin']
North,1999,5,14,13.872,0, ['/ecs/DP1/PM/NSIDC-0051.001/1999.05.14/nt_19990514_f13_v1.1_n.bin']
North,1999,5,15,13.806,0, ['/ecs/DP1/PM/NSIDC-0051.001/1999.05.15/nt_19990515_f13_v1.1_n.bin']
North,1999,5,16,13.74,0, ['/ecs/DP1/PM/NSIDC-0051.001/1999.05.16/nt_19990516_f13_v1.1_n.bin']
North,1999,5,17,13.65,0, ['/ecs/DP1/PM/NSIDC-0051.001/1999.05.17/nt_19990517_f13_v1.1_n.bin']
North,1999,5,18,13.638,0, ['/ecs/DP1/PM/NSIDC-0051.001/1999.05.18/nt_19990518_f13_v1.1_n.bin']
North,1999,5,19,13.556,0, ['/ecs/DP1/PM/NSIDC-0051.001/1999.05.19/nt_19990519_f13_v1.1_n.bin']
North,1999,5,20,13.542,0, ['/ecs/DP1/PM/NSIDC-0051.001/1999.05.20/nt_19990520_f13_v1.1_n.bin']
North,1999,5,21,13.464,0, ['/ecs/DP1/PM/NSIDC-0051.001/1999.05.21/nt_19990521_f13_v1.1_n.bin']
North,1999,5,22,13.399,0, ['/ecs/DP1/PM/NSIDC-0051.001/1999.05.22/nt_19990522_f13_v1.1_n.bin']
North,1999,5,23,13.371,0, ['/ecs/DP1/PM/NSIDC-0051.001/1999.05.23/nt_19990523_f13_v1.1_n.bin']
North,1999,5,24,13.307,0, ['/ecs/DP1/PM/NSIDC-0051.001/1999.05.24/nt_19990524_f13_v1.1_n.bin']
North,1999,5,25,13.291,0, ['/ecs/DP1/PM/NSIDC-0051.001/1999.05.25/nt_19990525_f13_v1.1_n.bin']
North,1999,5,26,13.289,0, ['/ecs/DP1/PM/NSIDC-0051.001/1999.05.26/nt_19990526_f13_v1.1_n.bin']
North,1999,5,27,13.331,0, ['/ecs/DP1/PM/NSIDC-0051.001/1999.05.27/nt_19990527_f13_v1.1_n.bin']
North,1999,5,28,13.298,0, ['/ecs/DP1/PM/NSIDC-0051.001/1999.05.28/nt_19990528_f13_v1.1_n.bin']
North,1999,5,29,13.254,0, ['/ecs/DP1/PM/NSIDC-0051.001/1999.05.29/nt_19990529_f13_v1.1_n.bin']
North,1999,5,30,13.195,0, ['/ecs/DP1/PM/NSIDC-0051.001/1999.05.30/nt_19990530_f13_v1.1_n.bin']
North,1999,5,31,13.058,0, ['/ecs/DP1/PM/NSIDC-0051.001/1999.05.31/nt_19990531_f13_v1.1_n.bin']
North,1999,6,1,12.857,0, ['/ecs/DP1/PM/NSIDC-0051.001/1999.06.01/nt_19990601_f13_v1.1_n.bin']
North,1999,6,2,12.823,0, ['/ecs/DP1/PM/NSIDC-0051.001/1999.06.02/nt_19990602_f13_v1.1_n.bin']
North,1999,6,3,12.78,0, ['/ecs/DP1/PM/NSIDC-0051.001/1999.06.03/nt_19990603_f13_v1.1_n.bin']
North,1999,6,4,12.752,0, ['/ecs/DP1/PM/NSIDC-0051.001/1999.06.04/nt_19990604_f13_v1.1_n.bin']
North,1999,6,5,12.728,0, ['/ecs/DP1/PM/NSIDC-0051.001/1999.06.05/nt_19990605_f13_v1.1_n.bin']
North,1999,6,6,12.688,0, ['/ecs/DP1/PM/NSIDC-0051.001/1999.06.06/nt_19990606_f13_v1.1_n.bin']
North,1999,6,7,12.56,0, ['/ecs/DP1/PM/NSIDC-0051.001/1999.06.07/nt_19990607_f13_v1.1_n.bin']
North,1999,6,8,12.466,0, ['/ecs/DP1/PM/NSIDC-0051.001/1999.06.08/nt_19990608_f13_v1.1_n.bin']
North,1999,6,9,12.345,0, ['/ecs/DP1/PM/NSIDC-0051.001/1999.06.09/nt_19990609_f13_v1.1_n.bin']
North,1999,6,10,12.346,0, ['/ecs/DP1/PM/NSIDC-0051.001/1999.06.10/nt_19990610_f13_v1.1_n.bin']
North,1999,6,11,12.344,0, ['/ecs/DP1/PM/NSIDC-0051.001/1999.06.11/nt_19990611_f13_v1.1_n.bin']
North,1999,6,12,12.254,0, ['/ecs/DP1/PM/NSIDC-0051.001/1999.06.12/nt_19990612_f13_v1.1_n.bin']
North,1999,6,13,12.188,0, ['/ecs/DP1/PM/NSIDC-0051.001/1999.06.13/nt_19990613_f13_v1.1_n.bin']
North,1999,6,14,12.064,0, ['/ecs/DP1/PM/NSIDC-0051.001/1999.06.14/nt_19990614_f13_v1.1_n.bin']
North,1999,6,15,11.969,0, ['/ecs/DP1/PM/NSIDC-0051.001/1999.06.15/nt_19990615_f13_v1.1_n.bin']
North,1999,6,16,11.818,0, ['/ecs/DP1/PM/NSIDC-0051.001/1999.06.16/nt_19990616_f13_v1.1_n.bin']
North,1999,6,17,11.722,0, ['/ecs/DP1/PM/NSIDC-0051.001/1999.06.17/nt_19990617_f13_v1.1_n.bin']
North,1999,6,18,11.642,0, ['/ecs/DP1/PM/NSIDC-0051.001/1999.06.18/nt_19990618_f13_v1.1_n.bin']
North,1999,6,19,11.511,0, ['/ecs/DP1/PM/NSIDC-0051.001/1999.06.19/nt_19990619_f13_v1.1_n.bin']
North,1999,6,20,11.451,0, ['/ecs/DP1/PM/NSIDC-0051.001/1999.06.20/nt_19990620_f13_v1.1_n.bin']
North,1999,6,21,11.203,0, ['/ecs/DP1/PM/NSIDC-0051.001/1999.06.21/nt_19990621_f13_v1.1_n.bin']
North,1999,6,22,11.028,0, ['/ecs/DP1/PM/NSIDC-0051.001/1999.06.22/nt_19990622_f13_v1.1_n.bin']
North,1999,6,23,10.922,0, ['/ecs/DP1/PM/NSIDC-0051.001/1999.06.23/nt_19990623_f13_v1.1_n.bin']
North,1999,6,24,10.842,0, ['/ecs/DP1/PM/NSIDC-0051.001/1999.06.24/nt_19990624_f13_v1.1_n.bin']
North,1999,6,25,10.812,0, ['/ecs/DP1/PM/NSIDC-0051.001/1999.06.25/nt_19990625_f13_v1.1_n.bin']
North,1999,6,26,10.722,0, ['/ecs/DP1/PM/NSIDC-0051.001/1999.06.26/nt_19990626_f13_v1.1_n.bin']
North,1999,6,27,10.737,0, ['/ecs/DP1/PM/NSIDC-0051.001/1999.06.27/nt_19990627_f13_v1.1_n.bin']
North,1999,6,28,10.635,0, ['/ecs/DP1/PM/NSIDC-0051.001/1999.06.28/nt_19990628_f13_v1.1_n.bin']
North,1999,6,29,10.601,0, ['/ecs/DP1/PM/NSIDC-0051.001/1999.06.29/nt_19990629_f13_v1.1_n.bin']
North,1999,6,30,10.565,0, ['/ecs/DP1/PM/NSIDC-0051.001/1999.06.30/nt_19990630_f13_v1.1_n.bin']
North,1999,7,1,10.33,0, ['/ecs/DP1/PM/NSIDC-0051.001/1999.07.01/nt_19990701_f13_v1.1_n.bin']
North,1999,7,2,10.308,0, ['/ecs/DP1/PM/NSIDC-0051.001/1999.07.02/nt_19990702_f13_v1.1_n.bin']
North,1999,7,3,10.248,0, ['/ecs/DP1/PM/NSIDC-0051.001/1999.07.03/nt_19990703_f13_v1.1_n.bin']
North,1999,7,4,10.148,0, ['/ecs/DP1/PM/NSIDC-0051.001/1999.07.04/nt_19990704_f13_v1.1_n.bin']
North,1999,7,5,10.053,0, ['/ecs/DP1/PM/NSIDC-0051.001/1999.07.05/nt_19990705_f13_v1.1_n.bin']
North,1999,7,6,10.031,0, ['/ecs/DP1/PM/NSIDC-0051.001/1999.07.06/nt_19990706_f13_v1.1_n.bin']
North,1999,7,7,9.976,0, ['/ecs/DP1/PM/NSIDC-0051.001/1999.07.07/nt_19990707_f13_v1.1_n.bin']
North,1999,7,8,9.936,0, ['/ecs/DP1/PM/NSIDC-0051.001/1999.07.08/nt_19990708_f13_v1.1_n.bin']
North,1999,7,9,9.888,0, ['/ecs/DP1/PM/NSIDC-0051.001/1999.07.09/nt_19990709_f13_v1.1_n.bin']
North,1999,7,10,9.846,0, ['/ecs/DP1/PM/NSIDC-0051.001/1999.07.10/nt_19990710_f13_v1.1_n.bin']
North,1999,7,11,9.809,0, ['/ecs/DP1/PM/NSIDC-0051.001/1999.07.11/nt_19990711_f13_v1.1_n.bin']
North,1999,7,12,9.786,0, ['/ecs/DP1/PM/NSIDC-0051.001/1999.07.12/nt_19990712_f13_v1.1_n.bin']
North,1999,7,13,9.658,0, ['/ecs/DP1/PM/NSIDC-0051.001/1999.07.13/nt_19990713_f13_v1.1_n.bin']
North,1999,7,14,9.68,0, ['/ecs/DP1/PM/NSIDC-0051.001/1999.07.14/nt_19990714_f13_v1.1_n.bin']
North,1999,7,15,9.622,0, ['/ecs/DP1/PM/NSIDC-0051.001/1999.07.15/nt_19990715_f13_v1.1_n.bin']
North,1999,7,16,9.62,0, ['/ecs/DP1/PM/NSIDC-0051.001/1999.07.16/nt_19990716_f13_v1.1_n.bin']
North,1999,7,17,9.43,0, ['/ecs/DP1/PM/NSIDC-0051.001/1999.07.17/nt_19990717_f13_v1.1_n.bin']
North,1999,7,18,9.427,0, ['/ecs/DP1/PM/NSIDC-0051.001/1999.07.18/nt_19990718_f13_v1.1_n.bin']
North,1999,7,19,9.368,0, ['/ecs/DP1/PM/NSIDC-0051.001/1999.07.19/nt_19990719_f13_v1.1_n.bin']
North,1999,7,20,9.374,0, ['/ecs/DP1/PM/NSIDC-0051.001/1999.07.20/nt_19990720_f13_v1.1_n.bin']
North,1999,7,21,9.343,0, ['/ecs/DP1/PM/NSIDC-0051.001/1999.07.21/nt_19990721_f13_v1.1_n.bin']
North,1999,7,22,9.171,0, ['/ecs/DP1/PM/NSIDC-0051.001/1999.07.22/nt_19990722_f13_v1.1_n.bin']
North,1999,7,23,9.097,0, ['/ecs/DP1/PM/NSIDC-0051.001/1999.07.23/nt_19990723_f13_v1.1_n.bin']
North,1999,7,24,9.035,0, ['/ecs/DP1/PM/NSIDC-0051.001/1999.07.24/nt_19990724_f13_v1.1_n.bin']
North,1999,7,25,8.953,0, ['/ecs/DP1/PM/NSIDC-0051.001/1999.07.25/nt_19990725_f13_v1.1_n.bin']
North,1999,7,26,8.908,0, ['/ecs/DP1/PM/NSIDC-0051.001/1999.07.26/nt_19990726_f13_v1.1_n.bin']
North,1999,7,27,8.788,0, ['/ecs/DP1/PM/NSIDC-0051.001/1999.07.27/nt_19990727_f13_v1.1_n.bin']
North,1999,7,28,8.618,0, ['/ecs/DP1/PM/NSIDC-0051.001/1999.07.28/nt_19990728_f13_v1.1_n.bin']
North,1999,7,29,8.633,0, ['/ecs/DP1/PM/NSIDC-0051.001/1999.07.29/nt_19990729_f13_v1.1_n.bin']
North,1999,7,30,8.56,0, ['/ecs/DP1/PM/NSIDC-0051.001/1999.07.30/nt_19990730_f13_v1.1_n.bin']
North,1999,7,31,8.493,0, ['/ecs/DP1/PM/NSIDC-0051.001/1999.07.31/nt_19990731_f13_v1.1_n.bin']
North,1999,8,1,8.389,0, ['/ecs/DP1/PM/NSIDC-0051.001/1999.08.01/nt_19990801_f13_v1.1_n.bin']
North,1999,8,2,8.325,0, ['/ecs/DP1/PM/NSIDC-0051.001/1999.08.02/nt_19990802_f13_v1.1_n.bin']
North,1999,8,3,8.299,0, ['/ecs/DP1/PM/NSIDC-0051.001/1999.08.03/nt_19990803_f13_v1.1_n.bin']
North,1999,8,4,8.255,0, ['/ecs/DP1/PM/NSIDC-0051.001/1999.08.04/nt_19990804_f13_v1.1_n.bin']
North,1999,8,5,8.05,0, ['/ecs/DP1/PM/NSIDC-0051.001/1999.08.05/nt_19990805_f13_v1.1_n.bin']
North,1999,8,6,8.028,0, ['/ecs/DP1/PM/NSIDC-0051.001/1999.08.06/nt_19990806_f13_v1.1_n.bin']
North,1999,8,7,7.957,0, ['/ecs/DP1/PM/NSIDC-0051.001/1999.08.07/nt_19990807_f13_v1.1_n.bin']
North,1999,8,8,7.878,0, ['/ecs/DP1/PM/NSIDC-0051.001/1999.08.08/nt_19990808_f13_v1.1_n.bin']
North,1999,8,9,7.848,0, ['/ecs/DP1/PM/NSIDC-0051.001/1999.08.09/nt_19990809_f13_v1.1_n.bin']
North,1999,8,10,7.693,0, ['/ecs/DP1/PM/NSIDC-0051.001/1999.08.10/nt_19990810_f13_v1.1_n.bin']
North,1999,8,11,7.582,0, ['/ecs/DP1/PM/NSIDC-0051.001/1999.08.11/nt_19990811_f13_v1.1_n.bin']
North,1999,8,12,7.503,0, ['/ecs/DP1/PM/NSIDC-0051.001/1999.08.12/nt_19990812_f13_v1.1_n.bin']
North,1999,8,13,7.383,0, ['/ecs/DP1/PM/NSIDC-0051.001/1999.08.13/nt_19990813_f13_v1.1_n.bin']
North,1999,8,14,7.341,0, ['/ecs/DP1/PM/NSIDC-0051.001/1999.08.14/nt_19990814_f13_v1.1_n.bin']
North,1999,8,15,7.289,0, ['/ecs/DP1/PM/NSIDC-0051.001/1999.08.15/nt_19990815_f13_v1.1_n.bin']
North,1999,8,16,7.209,0, ['/ecs/DP1/PM/NSIDC-0051.001/1999.08.16/nt_19990816_f13_v1.1_n.bin']
North,1999,8,17,7.166,0, ['/ecs/DP1/PM/NSIDC-0051.001/1999.08.17/nt_19990817_f13_v1.1_n.bin']
North,1999,8,18,7.109,0, ['/ecs/DP1/PM/NSIDC-0051.001/1999.08.18/nt_19990818_f13_v1.1_n.bin']
North,1999,8,19,6.995,0, ['/ecs/DP1/PM/NSIDC-0051.001/1999.08.19/nt_19990819_f13_v1.1_n.bin']
North,1999,8,20,6.861,0, ['/ecs/DP1/PM/NSIDC-0051.001/1999.08.20/nt_19990820_f13_v1.1_n.bin']
North,1999,8,21,6.752,0, ['/ecs/DP1/PM/NSIDC-0051.001/1999.08.21/nt_19990821_f13_v1.1_n.bin']
North,1999,8,22,6.647,0, ['/ecs/DP1/PM/NSIDC-0051.001/1999.08.22/nt_19990822_f13_v1.1_n.bin']
North,1999,8,23,6.538,0, ['/ecs/DP1/PM/NSIDC-0051.001/1999.08.23/nt_19990823_f13_v1.1_n.bin']
North,1999,8,24,6.443,0, ['/ecs/DP1/PM/NSIDC-0051.001/1999.08.24/nt_19990824_f13_v1.1_n.bin']
North,1999,8,25,6.449,0, ['/ecs/DP1/PM/NSIDC-0051.001/1999.08.25/nt_19990825_f13_v1.1_n.bin']
North,1999,8,26,6.454,0, ['/ecs/DP1/PM/NSIDC-0051.001/1999.08.26/nt_19990826_f13_v1.1_n.bin']
North,1999,8,27,6.482,0, ['/ecs/DP1/PM/NSIDC-0051.001/1999.08.27/nt_19990827_f13_v1.1_n.bin']
North,1999,8,28,6.365,0, ['/ecs/DP1/PM/NSIDC-0051.001/1999.08.28/nt_19990828_f13_v1.1_n.bin']
North,1999,8,29,6.298,0, ['/ecs/DP1/PM/NSIDC-0051.001/1999.08.29/nt_19990829_f13_v1.1_n.bin']
North,1999,8,30,6.204,0, ['/ecs/DP1/PM/NSIDC-0051.001/1999.08.30/nt_19990830_f13_v1.1_n.bin']
North,1999,8,31,6.201,0, ['/ecs/DP1/PM/NSIDC-0051.001/1999.08.31/nt_19990831_f13_v1.1_n.bin']
North,1999,9,1,6.192,0, ['/ecs/DP1/PM/NSIDC-0051.001/1999.09.01/nt_19990901_f13_v1.1_n.bin']
North,1999,9,2,6.062,0, ['/ecs/DP1/PM/NSIDC-0051.001/1999.09.02/nt_19990902_f13_v1.1_n.bin']
North,1999,9,3,6.03,0, ['/ecs/DP1/PM/NSIDC-0051.001/1999.09.03/nt_19990903_f13_v1.1_n.bin']
North,1999,9,4,6,0, ['/ecs/DP1/PM/NSIDC-0051.001/1999.09.04/nt_19990904_f13_v1.1_n.bin']
North,1999,9,5,5.893,0, ['/ecs/DP1/PM/NSIDC-0051.001/1999.09.05/nt_19990905_f13_v1.1_n.bin']
North,1999,9,6,5.917,0, ['/ecs/DP1/PM/NSIDC-0051.001/1999.09.06/nt_19990906_f13_v1.1_n.bin']
North,1999,9,7,5.864,0, ['/ecs/DP1/PM/NSIDC-0051.001/1999.09.07/nt_19990907_f13_v1.1_n.bin']
North,1999,9,8,5.844,0, ['/ecs/DP1/PM/NSIDC-0051.001/1999.09.08/nt_19990908_f13_v1.1_n.bin']
North,1999,9,9,5.828,0, ['/ecs/DP1/PM/NSIDC-0051.001/1999.09.09/nt_19990909_f13_v1.1_n.bin']
North,1999,9,10,5.755,0, ['/ecs/DP1/PM/NSIDC-0051.001/1999.09.10/nt_19990910_f13_v1.1_n.bin']
North,1999,9,11,5.737,0, ['/ecs/DP1/PM/NSIDC-0051.001/1999.09.11/nt_19990911_f13_v1.1_n.bin']
North,1999,9,12,5.676,0, ['/ecs/DP1/PM/NSIDC-0051.001/1999.09.12/nt_19990912_f13_v1.1_n.bin']
North,1999,9,13,5.791,0, ['/ecs/DP1/PM/NSIDC-0051.001/1999.09.13/nt_19990913_f13_v1.1_n.bin']
North,1999,9,14,5.905,0, ['/ecs/DP1/PM/NSIDC-0051.001/1999.09.14/nt_19990914_f13_v1.1_n.bin']
North,1999,9,15,5.873,0, ['/ecs/DP1/PM/NSIDC-0051.001/1999.09.15/nt_19990915_f13_v1.1_n.bin']
North,1999,9,16,5.805,0, ['/ecs/DP1/PM/NSIDC-0051.001/1999.09.16/nt_19990916_f13_v1.1_n.bin']
North,1999,9,17,5.781,0, ['/ecs/DP1/PM/NSIDC-0051.001/1999.09.17/nt_19990917_f13_v1.1_n.bin']
North,1999,9,18,5.828,0, ['/ecs/DP1/PM/NSIDC-0051.001/1999.09.18/nt_19990918_f13_v1.1_n.bin']
North,1999,9,19,5.891,0, ['/ecs/DP1/PM/NSIDC-0051.001/1999.09.19/nt_19990919_f13_v1.1_n.bin']
North,1999,9,20,6.038,0, ['/ecs/DP1/PM/NSIDC-0051.001/1999.09.20/nt_19990920_f13_v1.1_n.bin']
North,1999,9,21,6.11,0, ['/ecs/DP1/PM/NSIDC-0051.001/1999.09.21/nt_19990921_f13_v1.1_n.bin']
North,1999,9,22,6.16,0, ['/ecs/DP1/PM/NSIDC-0051.001/1999.09.22/nt_19990922_f13_v1.1_n.bin']
North,1999,9,23,6.375,0, ['/ecs/DP1/PM/NSIDC-0051.001/1999.09.23/nt_19990923_f13_v1.1_n.bin']
North,1999,9,24,6.535,0, ['/ecs/DP1/PM/NSIDC-0051.001/1999.09.24/nt_19990924_f13_v1.1_n.bin']
North,1999,9,25,6.63,0, ['/ecs/DP1/PM/NSIDC-0051.001/1999.09.25/nt_19990925_f13_v1.1_n.bin']
North,1999,9,26,6.72,0, ['/ecs/DP1/PM/NSIDC-0051.001/1999.09.26/nt_19990926_f13_v1.1_n.bin']
North,1999,9,27,6.761,0, ['/ecs/DP1/PM/NSIDC-0051.001/1999.09.27/nt_19990927_f13_v1.1_n.bin']
North,1999,9,28,6.79,0, ['/ecs/DP1/PM/NSIDC-0051.001/1999.09.28/nt_19990928_f13_v1.1_n.bin']
North,1999,9,29,6.826,0, ['/ecs/DP1/PM/NSIDC-0051.001/1999.09.29/nt_19990929_f13_v1.1_n.bin']
North,1999,9,30,6.889,0, ['/ecs/DP1/PM/NSIDC-0051.001/1999.09.30/nt_19990930_f13_v1.1_n.bin']
North,1999,10,1,7.083,0, ['/ecs/DP1/PM/NSIDC-0051.001/1999.10.01/nt_19991001_f13_v1.1_n.bin']
North,1999,10,2,7.129,0, ['/ecs/DP1/PM/NSIDC-0051.001/1999.10.02/nt_19991002_f13_v1.1_n.bin']
North,1999,10,3,7.177,0, ['/ecs/DP1/PM/NSIDC-0051.001/1999.10.03/nt_19991003_f13_v1.1_n.bin']
North,1999,10,4,7.258,0, ['/ecs/DP1/PM/NSIDC-0051.001/1999.10.04/nt_19991004_f13_v1.1_n.bin']
North,1999,10,5,7.487,0, ['/ecs/DP1/PM/NSIDC-0051.001/1999.10.05/nt_19991005_f13_v1.1_n.bin']
North,1999,10,6,7.62,0, ['/ecs/DP1/PM/NSIDC-0051.001/1999.10.06/nt_19991006_f13_v1.1_n.bin']
North,1999,10,7,7.687,0, ['/ecs/DP1/PM/NSIDC-0051.001/1999.10.07/nt_19991007_f13_v1.1_n.bin']
North,1999,10,8,7.797,0, ['/ecs/DP1/PM/NSIDC-0051.001/1999.10.08/nt_19991008_f13_v1.1_n.bin']
North,1999,10,9,7.871,0, ['/ecs/DP1/PM/NSIDC-0051.001/1999.10.09/nt_19991009_f13_v1.1_n.bin']
North,1999,10,10,8.057,0, ['/ecs/DP1/PM/NSIDC-0051.001/1999.10.10/nt_19991010_f13_v1.1_n.bin']
North,1999,10,11,8.198,0, ['/ecs/DP1/PM/NSIDC-0051.001/1999.10.11/nt_19991011_f13_v1.1_n.bin']
North,1999,10,12,8.351,0, ['/ecs/DP1/PM/NSIDC-0051.001/1999.10.12/nt_19991012_f13_v1.1_n.bin']
North,1999,10,13,8.397,0, ['/ecs/DP1/PM/NSIDC-0051.001/1999.10.13/nt_19991013_f13_v1.1_n.bin']
North,1999,10,14,8.52,0, ['/ecs/DP1/PM/NSIDC-0051.001/1999.10.14/nt_19991014_f13_v1.1_n.bin']
North,1999,10,15,8.643,0, ['/ecs/DP1/PM/NSIDC-0051.001/1999.10.15/nt_19991015_f13_v1.1_n.bin']
North,1999,10,16,8.718,0, ['/ecs/DP1/PM/NSIDC-0051.001/1999.10.16/nt_19991016_f13_v1.1_n.bin']
North,1999,10,17,8.805,0, ['/ecs/DP1/PM/NSIDC-0051.001/1999.10.17/nt_19991017_f13_v1.1_n.bin']
North,1999,10,18,8.821,0, ['/ecs/DP1/PM/NSIDC-0051.001/1999.10.18/nt_19991018_f13_v1.1_n.bin']
North,1999,10,19,8.945,0, ['/ecs/DP1/PM/NSIDC-0051.001/1999.10.19/nt_19991019_f13_v1.1_n.bin']
North,1999,10,20,9.074,0, ['/ecs/DP1/PM/NSIDC-0051.001/1999.10.20/nt_19991020_f13_v1.1_n.bin']
North,1999,10,21,9.168,0, ['/ecs/DP1/PM/NSIDC-0051.001/1999.10.21/nt_19991021_f13_v1.1_n.bin']
North,1999,10,22,9.312,0, ['/ecs/DP1/PM/NSIDC-0051.001/1999.10.22/nt_19991022_f13_v1.1_n.bin']
North,1999,10,23,9.347,0, ['/ecs/DP1/PM/NSIDC-0051.001/1999.10.23/nt_19991023_f13_v1.1_n.bin']
North,1999,10,24,9.46,0, ['/ecs/DP1/PM/NSIDC-0051.001/1999.10.24/nt_19991024_f13_v1.1_n.bin']
North,1999,10,25,9.503,0, ['/ecs/DP1/PM/NSIDC-0051.001/1999.10.25/nt_19991025_f13_v1.1_n.bin']
North,1999,10,26,9.522,0, ['/ecs/DP1/PM/NSIDC-0051.001/1999.10.26/nt_19991026_f13_v1.1_n.bin']
North,1999,10,27,9.643,0, ['/ecs/DP1/PM/NSIDC-0051.001/1999.10.27/nt_19991027_f13_v1.1_n.bin']
North,1999,10,28,9.676,0, ['/ecs/DP1/PM/NSIDC-0051.001/1999.10.28/nt_19991028_f13_v1.1_n.bin']
North,1999,10,29,9.722,0, ['/ecs/DP1/PM/NSIDC-0051.001/1999.10.29/nt_19991029_f13_v1.1_n.bin']
North,1999,10,30,9.793,0, ['/ecs/DP1/PM/NSIDC-0051.001/1999.10.30/nt_19991030_f13_v1.1_n.bin']
North,1999,10,31,9.903,0, ['/ecs/DP1/PM/NSIDC-0051.001/1999.10.31/nt_19991031_f13_v1.1_n.bin']
North,1999,11,1,10.102,0, ['/ecs/DP1/PM/NSIDC-0051.001/1999.11.01/nt_19991101_f13_v1.1_n.bin']
North,1999,11,2,10.233,0, ['/ecs/DP1/PM/NSIDC-0051.001/1999.11.02/nt_19991102_f13_v1.1_n.bin']
North,1999,11,3,10.198,0, ['/ecs/DP1/PM/NSIDC-0051.001/1999.11.03/nt_19991103_f13_v1.1_n.bin']
North,1999,11,4,10.193,0, ['/ecs/DP1/PM/NSIDC-0051.001/1999.11.04/nt_19991104_f13_v1.1_n.bin']
North,1999,11,5,10.222,0, ['/ecs/DP1/PM/NSIDC-0051.001/1999.11.05/nt_19991105_f13_v1.1_n.bin']
North,1999,11,6,10.243,0, ['/ecs/DP1/PM/NSIDC-0051.001/1999.11.06/nt_19991106_f13_v1.1_n.bin']
North,1999,11,7,10.253,0, ['/ecs/DP1/PM/NSIDC-0051.001/1999.11.07/nt_19991107_f13_v1.1_n.bin']
North,1999,11,8,10.336,0, ['/ecs/DP1/PM/NSIDC-0051.001/1999.11.08/nt_19991108_f13_v1.1_n.bin']
North,1999,11,9,10.48,0, ['/ecs/DP1/PM/NSIDC-0051.001/1999.11.09/nt_19991109_f13_v1.1_n.bin']
North,1999,11,10,10.439,0, ['/ecs/DP1/PM/NSIDC-0051.001/1999.11.10/nt_19991110_f13_v1.1_n.bin']
North,1999,11,11,10.476,0, ['/ecs/DP1/PM/NSIDC-0051.001/1999.11.11/nt_19991111_f13_v1.1_n.bin']
North,1999,11,12,10.647,0, ['/ecs/DP1/PM/NSIDC-0051.001/1999.11.12/nt_19991112_f13_v1.1_n.bin']
North,1999,11,13,10.94,0, ['/ecs/DP1/PM/NSIDC-0051.001/1999.11.13/nt_19991113_f13_v1.1_n.bin']
North,1999,11,14,10.921,0, ['/ecs/DP1/PM/NSIDC-0051.001/1999.11.14/nt_19991114_f13_v1.1_n.bin']
North,1999,11,15,10.846,0, ['/ecs/DP1/PM/NSIDC-0051.001/1999.11.15/nt_19991115_f13_v1.1_n.bin']
North,1999,11,16,10.899,0, ['/ecs/DP1/PM/NSIDC-0051.001/1999.11.16/nt_19991116_f13_v1.1_n.bin']
North,1999,11,17,10.921,0, ['/ecs/DP1/PM/NSIDC-0051.001/1999.11.17/nt_19991117_f13_v1.1_n.bin']
North,1999,11,18,11.012,0, ['/ecs/DP1/PM/NSIDC-0051.001/1999.11.18/nt_19991118_f13_v1.1_n.bin']
North,1999,11,19,11.006,0, ['/ecs/DP1/PM/NSIDC-0051.001/1999.11.19/nt_19991119_f13_v1.1_n.bin']
North,1999,11,20,11.083,0, ['/ecs/DP1/PM/NSIDC-0051.001/1999.11.20/nt_19991120_f13_v1.1_n.bin']
North,1999,11,21,11.082,0, ['/ecs/DP1/PM/NSIDC-0051.001/1999.11.21/nt_19991121_f13_v1.1_n.bin']
North,1999,11,22,11.117,0, ['/ecs/DP1/PM/NSIDC-0051.001/1999.11.22/nt_19991122_f13_v1.1_n.bin']
North,1999,11,23,11.136,0, ['/ecs/DP1/PM/NSIDC-0051.001/1999.11.23/nt_19991123_f13_v1.1_n.bin']
North,1999,11,24,11.202,0, ['/ecs/DP1/PM/NSIDC-0051.001/1999.11.24/nt_19991124_f13_v1.1_n.bin']
North,1999,11,25,11.168,0, ['/ecs/DP1/PM/NSIDC-0051.001/1999.11.25/nt_19991125_f13_v1.1_n.bin']
North,1999,11,26,11.237,0, ['/ecs/DP1/PM/NSIDC-0051.001/1999.11.26/nt_19991126_f13_v1.1_n.bin']
North,1999,11,27,11.345,0, ['/ecs/DP1/PM/NSIDC-0051.001/1999.11.27/nt_19991127_f13_v1.1_n.bin']
North,1999,11,28,11.352,0, ['/ecs/DP1/PM/NSIDC-0051.001/1999.11.28/nt_19991128_f13_v1.1_n.bin']
North,1999,11,29,11.347,0, ['/ecs/DP1/PM/NSIDC-0051.001/1999.11.29/nt_19991129_f13_v1.1_n.bin']
North,1999,11,30,11.458,0, ['/ecs/DP1/PM/NSIDC-0051.001/1999.11.30/nt_19991130_f13_v1.1_n.bin']
North,1999,12,1,11.705,0, ['/ecs/DP1/PM/NSIDC-0051.001/1999.12.01/nt_19991201_f13_v1.1_n.bin']
North,1999,12,2,11.745,0, ['/ecs/DP1/PM/NSIDC-0051.001/1999.12.02/nt_19991202_f13_v1.1_n.bin']
North,1999,12,3,11.757,0, ['/ecs/DP1/PM/NSIDC-0051.001/1999.12.03/nt_19991203_f13_v1.1_n.bin']
North,1999,12,4,11.785,0, ['/ecs/DP1/PM/NSIDC-0051.001/1999.12.04/nt_19991204_f13_v1.1_n.bin']
North,1999,12,5,11.859,0, ['/ecs/DP1/PM/NSIDC-0051.001/1999.12.05/nt_19991205_f13_v1.1_n.bin']
North,1999,12,6,12.091,0, ['/ecs/DP1/PM/NSIDC-0051.001/1999.12.06/nt_19991206_f13_v1.1_n.bin']
North,1999,12,7,12.154,0, ['/ecs/DP1/PM/NSIDC-0051.001/1999.12.07/nt_19991207_f13_v1.1_n.bin']
North,1999,12,8,12.177,0, ['/ecs/DP1/PM/NSIDC-0051.001/1999.12.08/nt_19991208_f13_v1.1_n.bin']
North,1999,12,9,12.232,0, ['/ecs/DP1/PM/NSIDC-0051.001/1999.12.09/nt_19991209_f13_v1.1_n.bin']
North,1999,12,10,12.282,0, ['/ecs/DP1/PM/NSIDC-0051.001/1999.12.10/nt_19991210_f13_v1.1_n.bin']
North,1999,12,11,12.506,0, ['/ecs/DP1/PM/NSIDC-0051.001/1999.12.11/nt_19991211_f13_v1.1_n.bin']
North,1999,12,12,12.587,0, ['/ecs/DP1/PM/NSIDC-0051.001/1999.12.12/nt_19991212_f13_v1.1_n.bin']
North,1999,12,13,12.426,0, ['/ecs/DP1/PM/NSIDC-0051.001/1999.12.13/nt_19991213_f13_v1.1_n.bin']
North,1999,12,14,12.44,0, ['/ecs/DP1/PM/NSIDC-0051.001/1999.12.14/nt_19991214_f13_v1.1_n.bin']
North,1999,12,15,12.506,0, ['/ecs/DP1/PM/NSIDC-0051.001/1999.12.15/nt_19991215_f13_v1.1_n.bin']
North,1999,12,16,12.632,0, ['/ecs/DP1/PM/NSIDC-0051.001/1999.12.16/nt_19991216_f13_v1.1_n.bin']
North,1999,12,17,12.746,0, ['/ecs/DP1/PM/NSIDC-0051.001/1999.12.17/nt_19991217_f13_v1.1_n.bin']
North,1999,12,18,12.744,0, ['/ecs/DP1/PM/NSIDC-0051.001/1999.12.18/nt_19991218_f13_v1.1_n.bin']
North,1999,12,19,12.81,0, ['/ecs/DP1/PM/NSIDC-0051.001/1999.12.19/nt_19991219_f13_v1.1_n.bin']
North,1999,12,20,12.783,0, ['/ecs/DP1/PM/NSIDC-0051.001/1999.12.20/nt_19991220_f13_v1.1_n.bin']
North,1999,12,21,13.021,0, ['/ecs/DP1/PM/NSIDC-0051.001/1999.12.21/nt_19991221_f13_v1.1_n.bin']
North,1999,12,22,13.059,0, ['/ecs/DP1/PM/NSIDC-0051.001/1999.12.22/nt_19991222_f13_v1.1_n.bin']
North,1999,12,23,13.177,0, ['/ecs/DP1/PM/NSIDC-0051.001/1999.12.23/nt_19991223_f13_v1.1_n.bin']
North,1999,12,24,13.215,0, ['/ecs/DP1/PM/NSIDC-0051.001/1999.12.24/nt_19991224_f13_v1.1_n.bin']
North,1999,12,25,13.434,0, ['/ecs/DP1/PM/NSIDC-0051.001/1999.12.25/nt_19991225_f13_v1.1_n.bin']
North,1999,12,26,13.436,0, ['/ecs/DP1/PM/NSIDC-0051.001/1999.12.26/nt_19991226_f13_v1.1_n.bin']
North,1999,12,27,13.385,0, ['/ecs/DP1/PM/NSIDC-0051.001/1999.12.27/nt_19991227_f13_v1.1_n.bin']
North,1999,12,28,13.302,0, ['/ecs/DP1/PM/NSIDC-0051.001/1999.12.28/nt_19991228_f13_v1.1_n.bin']
North,1999,12,29,13.257,0, ['/ecs/DP1/PM/NSIDC-0051.001/1999.12.29/nt_19991229_f13_v1.1_n.bin']
North,1999,12,30,13.273,0, ['/ecs/DP1/PM/NSIDC-0051.001/1999.12.30/nt_19991230_f13_v1.1_n.bin']
North,1999,12,31,13.351,0, ['/ecs/DP1/PM/NSIDC-0051.001/1999.12.31/nt_19991231_f13_v1.1_n.bin']
North,2000,1,1,13.442,0, ['/ecs/DP1/PM/NSIDC-0051.001/2000.01.01/nt_20000101_f13_v1.1_n.bin']
North,2000,1,2,13.539,0, ['/ecs/DP1/PM/NSIDC-0051.001/2000.01.02/nt_20000102_f13_v1.1_n.bin']
North,2000,1,3,13.63,0, ['/ecs/DP1/PM/NSIDC-0051.001/2000.01.03/nt_20000103_f13_v1.1_n.bin']
North,2000,1,4,13.657,0, ['/ecs/DP1/PM/NSIDC-0051.001/2000.01.04/nt_20000104_f13_v1.1_n.bin']
North,2000,1,5,13.678,0, ['/ecs/DP1/PM/NSIDC-0051.001/2000.01.05/nt_20000105_f13_v1.1_n.bin']
North,2000,1,6,13.806,0, ['/ecs/DP1/PM/NSIDC-0051.001/2000.01.06/nt_20000106_f13_v1.1_n.bin']
North,2000,1,7,13.761,0, ['/ecs/DP1/PM/NSIDC-0051.001/2000.01.07/nt_20000107_f13_v1.1_n.bin']
North,2000,1,8,13.892,0, ['/ecs/DP1/PM/NSIDC-0051.001/2000.01.08/nt_20000108_f13_v1.1_n.bin']
North,2000,1,9,13.797,0, ['/ecs/DP1/PM/NSIDC-0051.001/2000.01.09/nt_20000109_f13_v1.1_n.bin']
North,2000,1,10,13.938,0, ['/ecs/DP1/PM/NSIDC-0051.001/2000.01.10/nt_20000110_f13_v1.1_n.bin']
North,2000,1,11,14.139,0, ['/ecs/DP1/PM/NSIDC-0051.001/2000.01.11/nt_20000111_f13_v1.1_n.bin']
North,2000,1,12,14.041,0, ['/ecs/DP1/PM/NSIDC-0051.001/2000.01.12/nt_20000112_f13_v1.1_n.bin']
North,2000,1,13,13.97,0, ['/ecs/DP1/PM/NSIDC-0051.001/2000.01.13/nt_20000113_f13_v1.1_n.bin']
North,2000,1,14,13.908,0, ['/ecs/DP1/PM/NSIDC-0051.001/2000.01.14/nt_20000114_f13_v1.1_n.bin']
North,2000,1,15,13.981,0, ['/ecs/DP1/PM/NSIDC-0051.001/2000.01.15/nt_20000115_f13_v1.1_n.bin']
North,2000,1,16,14.109,0, ['/ecs/DP1/PM/NSIDC-0051.001/2000.01.16/nt_20000116_f13_v1.1_n.bin']
North,2000,1,17,14.211,0, ['/ecs/DP1/PM/NSIDC-0051.001/2000.01.17/nt_20000117_f13_v1.1_n.bin']
North,2000,1,18,14.315,0, ['/ecs/DP1/PM/NSIDC-0051.001/2000.01.18/nt_20000118_f13_v1.1_n.bin']
North,2000,1,19,14.344,0, ['/ecs/DP1/PM/NSIDC-0051.001/2000.01.19/nt_20000119_f13_v1.1_n.bin']
North,2000,1,20,14.454,0, ['/ecs/DP1/PM/NSIDC-0051.001/2000.01.20/nt_20000120_f13_v1.1_n.bin']
North,2000,1,21,14.475,0, ['/ecs/DP1/PM/NSIDC-0051.001/2000.01.21/nt_20000121_f13_v1.1_n.bin']
North,2000,1,22,14.456,0, ['/ecs/DP1/PM/NSIDC-0051.001/2000.01.22/nt_20000122_f13_v1.1_n.bin']
North,2000,1,23,14.583,0, ['/ecs/DP1/PM/NSIDC-0051.001/2000.01.23/nt_20000123_f13_v1.1_n.bin']
North,2000,1,24,14.625,0, ['/ecs/DP1/PM/NSIDC-0051.001/2000.01.24/nt_20000124_f13_v1.1_n.bin']
North,2000,1,25,14.728,0, ['/ecs/DP1/PM/NSIDC-0051.001/2000.01.25/nt_20000125_f13_v1.1_n.bin']
North,2000,1,26,14.778,0, ['/ecs/DP1/PM/NSIDC-0051.001/2000.01.26/nt_20000126_f13_v1.1_n.bin']
North,2000,1,27,14.882,0, ['/ecs/DP1/PM/NSIDC-0051.001/2000.01.27/nt_20000127_f13_v1.1_n.bin']
North,2000,1,28,14.868,0, ['/ecs/DP1/PM/NSIDC-0051.001/2000.01.28/nt_20000128_f13_v1.1_n.bin']
North,2000,1,29,14.906,0, ['/ecs/DP1/PM/NSIDC-0051.001/2000.01.29/nt_20000129_f13_v1.1_n.bin']
North,2000,1,30,14.98,0, ['/ecs/DP1/PM/NSIDC-0051.001/2000.01.30/nt_20000130_f13_v1.1_n.bin']
North,2000,1,31,14.938,0, ['/ecs/DP1/PM/NSIDC-0051.001/2000.01.31/nt_20000131_f13_v1.1_n.bin']
North,2000,2,1,14.991,0, ['/ecs/DP1/PM/NSIDC-0051.001/2000.02.01/nt_20000201_f13_v1.1_n.bin']
North,2000,2,2,14.959,0, ['/ecs/DP1/PM/NSIDC-0051.001/2000.02.02/nt_20000202_f13_v1.1_n.bin']
North,2000,2,3,14.946,0, ['/ecs/DP1/PM/NSIDC-0051.001/2000.02.03/nt_20000203_f13_v1.1_n.bin']
North,2000,2,4,15.094,0, ['/ecs/DP1/PM/NSIDC-0051.001/2000.02.04/nt_20000204_f13_v1.1_n.bin']
North,2000,2,5,15.122,0, ['/ecs/DP1/PM/NSIDC-0051.001/2000.02.05/nt_20000205_f13_v1.1_n.bin']
North,2000,2,6,15.114,0, ['/ecs/DP1/PM/NSIDC-0051.001/2000.02.06/nt_20000206_f13_v1.1_n.bin']
North,2000,2,7,15.195,0, ['/ecs/DP1/PM/NSIDC-0051.001/2000.02.07/nt_20000207_f13_v1.1_n.bin']
North,2000,2,8,15.168,0, ['/ecs/DP1/PM/NSIDC-0051.001/2000.02.08/nt_20000208_f13_v1.1_n.bin']
North,2000,2,9,15.195,0, ['/ecs/DP1/PM/NSIDC-0051.001/2000.02.09/nt_20000209_f13_v1.1_n.bin']
North,2000,2,10,15.138,0, ['/ecs/DP1/PM/NSIDC-0051.001/2000.02.10/nt_20000210_f13_v1.1_n.bin']
North,2000,2,11,15.112,0, ['/ecs/DP1/PM/NSIDC-0051.001/2000.02.11/nt_20000211_f13_v1.1_n.bin']
North,2000,2,12,15.097,0, ['/ecs/DP1/PM/NSIDC-0051.001/2000.02.12/nt_20000212_f13_v1.1_n.bin']
North,2000,2,13,15.009,0, ['/ecs/DP1/PM/NSIDC-0051.001/2000.02.13/nt_20000213_f13_v1.1_n.bin']
North,2000,2,14,14.991,0, ['/ecs/DP1/PM/NSIDC-0051.001/2000.02.14/nt_20000214_f13_v1.1_n.bin']
North,2000,2,15,15.01,0, ['/ecs/DP1/PM/NSIDC-0051.001/2000.02.15/nt_20000215_f13_v1.1_n.bin']
North,2000,2,16,14.991,0, ['/ecs/DP1/PM/NSIDC-0051.001/2000.02.16/nt_20000216_f13_v1.1_n.bin']
North,2000,2,17,15,0, ['/ecs/DP1/PM/NSIDC-0051.001/2000.02.17/nt_20000217_f13_v1.1_n.bin']
North,2000,2,18,15.06,0, ['/ecs/DP1/PM/NSIDC-0051.001/2000.02.18/nt_20000218_f13_v1.1_n.bin']
North,2000,2,19,15.132,0, ['/ecs/DP1/PM/NSIDC-0051.001/2000.02.19/nt_20000219_f13_v1.1_n.bin']
North,2000,2,20,15.156,0, ['/ecs/DP1/PM/NSIDC-0051.001/2000.02.20/nt_20000220_f13_v1.1_n.bin']
North,2000,2,21,15.194,0, ['/ecs/DP1/PM/NSIDC-0051.001/2000.02.21/nt_20000221_f13_v1.1_n.bin']
North,2000,2,22,15.244,0, ['/ecs/DP1/PM/NSIDC-0051.001/2000.02.22/nt_20000222_f13_v1.1_n.bin']
North,2000,2,23,15.234,0, ['/ecs/DP1/PM/NSIDC-0051.001/2000.02.23/nt_20000223_f13_v1.1_n.bin']
North,2000,2,24,15.343,0, ['/ecs/DP1/PM/NSIDC-0051.001/2000.02.24/nt_20000224_f13_v1.1_n.bin']
North,2000,2,25,15.252,0, ['/ecs/DP1/PM/NSIDC-0051.001/2000.02.25/nt_20000225_f13_v1.1_n.bin']
North,2000,2,26,15.235,0, ['/ecs/DP1/PM/NSIDC-0051.001/2000.02.26/nt_20000226_f13_v1.1_n.bin']
North,2000,2,27,15.346,0, ['/ecs/DP1/PM/NSIDC-0051.001/2000.02.27/nt_20000227_f13_v1.1_n.bin']
North,2000,2,28,15.394,0, ['/ecs/DP1/PM/NSIDC-0051.001/2000.02.28/nt_20000228_f13_v1.1_n.bin']
North,2000,2,29,15.381,0, ['/ecs/DP1/PM/NSIDC-0051.001/2000.02.29/nt_20000229_f13_v1.1_n.bin']
North,2000,3,1,15.446,0, ['/ecs/DP1/PM/NSIDC-0051.001/2000.03.01/nt_20000301_f13_v1.1_n.bin']
North,2000,3,2,15.428,0, ['/ecs/DP1/PM/NSIDC-0051.001/2000.03.02/nt_20000302_f13_v1.1_n.bin']
North,2000,3,3,15.498,0, ['/ecs/DP1/PM/NSIDC-0051.001/2000.03.03/nt_20000303_f13_v1.1_n.bin']
North,2000,3,4,15.425,0, ['/ecs/DP1/PM/NSIDC-0051.001/2000.03.04/nt_20000304_f13_v1.1_n.bin']
North,2000,3,5,15.397,0, ['/ecs/DP1/PM/NSIDC-0051.001/2000.03.05/nt_20000305_f13_v1.1_n.bin']
North,2000,3,6,15.444,0, ['/ecs/DP1/PM/NSIDC-0051.001/2000.03.06/nt_20000306_f13_v1.1_n.bin']
North,2000,3,7,15.339,0, ['/ecs/DP1/PM/NSIDC-0051.001/2000.03.07/nt_20000307_f13_v1.1_n.bin']
North,2000,3,8,15.278,0, ['/ecs/DP1/PM/NSIDC-0051.001/2000.03.08/nt_20000308_f13_v1.1_n.bin']
North,2000,3,9,15.325,0, ['/ecs/DP1/PM/NSIDC-0051.001/2000.03.09/nt_20000309_f13_v1.1_n.bin']
North,2000,3,10,15.308,0, ['/ecs/DP1/PM/NSIDC-0051.001/2000.03.10/nt_20000310_f13_v1.1_n.bin']
North,2000,3,11,15.299,0, ['/ecs/DP1/PM/NSIDC-0051.001/2000.03.11/nt_20000311_f13_v1.1_n.bin']
North,2000,3,12,15.342,0, ['/ecs/DP1/PM/NSIDC-0051.001/2000.03.12/nt_20000312_f13_v1.1_n.bin']
North,2000,3,13,15.365,0, ['/ecs/DP1/PM/NSIDC-0051.001/2000.03.13/nt_20000313_f13_v1.1_n.bin']
North,2000,3,14,15.199,0, ['/ecs/DP1/PM/NSIDC-0051.001/2000.03.14/nt_20000314_f13_v1.1_n.bin']
North,2000,3,15,15.13,0, ['/ecs/DP1/PM/NSIDC-0051.001/2000.03.15/nt_20000315_f13_v1.1_n.bin']
North,2000,3,16,15.133,0, ['/ecs/DP1/PM/NSIDC-0051.001/2000.03.16/nt_20000316_f13_v1.1_n.bin']
North,2000,3,17,15.155,0, ['/ecs/DP1/PM/NSIDC-0051.001/2000.03.17/nt_20000317_f13_v1.1_n.bin']
North,2000,3,18,15.113,0, ['/ecs/DP1/PM/NSIDC-0051.001/2000.03.18/nt_20000318_f13_v1.1_n.bin']
North,2000,3,19,15.087,0, ['/ecs/DP1/PM/NSIDC-0051.001/2000.03.19/nt_20000319_f13_v1.1_n.bin']
North,2000,3,20,15.096,0, ['/ecs/DP1/PM/NSIDC-0051.001/2000.03.20/nt_20000320_f13_v1.1_n.bin']
North,2000,3,21,15.028,0, ['/ecs/DP1/PM/NSIDC-0051.001/2000.03.21/nt_20000321_f13_v1.1_n.bin']
North,2000,3,22,15.025,0, ['/ecs/DP1/PM/NSIDC-0051.001/2000.03.22/nt_20000322_f13_v1.1_n.bin']
North,2000,3,23,15.034,0, ['/ecs/DP1/PM/NSIDC-0051.001/2000.03.23/nt_20000323_f13_v1.1_n.bin']
North,2000,3,24,15.146,0, ['/ecs/DP1/PM/NSIDC-0051.001/2000.03.24/nt_20000324_f13_v1.1_n.bin']
North,2000,3,25,15.046,0, ['/ecs/DP1/PM/NSIDC-0051.001/2000.03.25/nt_20000325_f13_v1.1_n.bin']
North,2000,3,26,15.082,0, ['/ecs/DP1/PM/NSIDC-0051.001/2000.03.26/nt_20000326_f13_v1.1_n.bin']
North,2000,3,27,15.079,0, ['/ecs/DP1/PM/NSIDC-0051.001/2000.03.27/nt_20000327_f13_v1.1_n.bin']
North,2000,3,28,15.146,0, ['/ecs/DP1/PM/NSIDC-0051.001/2000.03.28/nt_20000328_f13_v1.1_n.bin']
North,2000,3,29,15.218,0, ['/ecs/DP1/PM/NSIDC-0051.001/2000.03.29/nt_20000329_f13_v1.1_n.bin']
North,2000,3,30,15.219,0, ['/ecs/DP1/PM/NSIDC-0051.001/2000.03.30/nt_20000330_f13_v1.1_n.bin']
North,2000,3,31,15.14,0, ['/ecs/DP1/PM/NSIDC-0051.001/2000.03.31/nt_20000331_f13_v1.1_n.bin']
North,2000,4,1,15.122,0, ['/ecs/DP1/PM/NSIDC-0051.001/2000.04.01/nt_20000401_f13_v1.1_n.bin']
North,2000,4,2,15.078,0, ['/ecs/DP1/PM/NSIDC-0051.001/2000.04.02/nt_20000402_f13_v1.1_n.bin']
North,2000,4,3,15.046,0, ['/ecs/DP1/PM/NSIDC-0051.001/2000.04.03/nt_20000403_f13_v1.1_n.bin']
North,2000,4,4,14.995,0, ['/ecs/DP1/PM/NSIDC-0051.001/2000.04.04/nt_20000404_f13_v1.1_n.bin']
North,2000,4,5,15.039,0, ['/ecs/DP1/PM/NSIDC-0051.001/2000.04.05/nt_20000405_f13_v1.1_n.bin']
North,2000,4,6,15.018,0, ['/ecs/DP1/PM/NSIDC-0051.001/2000.04.06/nt_20000406_f13_v1.1_n.bin']
North,2000,4,7,14.815,0, ['/ecs/DP1/PM/NSIDC-0051.001/2000.04.07/nt_20000407_f13_v1.1_n.bin']
North,2000,4,8,14.798,0, ['/ecs/DP1/PM/NSIDC-0051.001/2000.04.08/nt_20000408_f13_v1.1_n.bin']
North,2000,4,9,14.871,0, ['/ecs/DP1/PM/NSIDC-0051.001/2000.04.09/nt_20000409_f13_v1.1_n.bin']
North,2000,4,10,14.867,0, ['/ecs/DP1/PM/NSIDC-0051.001/2000.04.10/nt_20000410_f13_v1.1_n.bin']
North,2000,4,11,14.698,0, ['/ecs/DP1/PM/NSIDC-0051.001/2000.04.11/nt_20000411_f13_v1.1_n.bin']
North,2000,4,12,14.549,0, ['/ecs/DP1/PM/NSIDC-0051.001/2000.04.12/nt_20000412_f13_v1.1_n.bin']
North,2000,4,13,14.626,0, ['/ecs/DP1/PM/NSIDC-0051.001/2000.04.13/nt_20000413_f13_v1.1_n.bin']
North,2000,4,14,14.551,0, ['/ecs/DP1/PM/NSIDC-0051.001/2000.04.14/nt_20000414_f13_v1.1_n.bin']
North,2000,4,15,14.477,0, ['/ecs/DP1/PM/NSIDC-0051.001/2000.04.15/nt_20000415_f13_v1.1_n.bin']
North,2000,4,16,14.44,0, ['/ecs/DP1/PM/NSIDC-0051.001/2000.04.16/nt_20000416_f13_v1.1_n.bin']
North,2000,4,17,14.274,0, ['/ecs/DP1/PM/NSIDC-0051.001/2000.04.17/nt_20000417_f13_v1.1_n.bin']
North,2000,4,18,14.246,0, ['/ecs/DP1/PM/NSIDC-0051.001/2000.04.18/nt_20000418_f13_v1.1_n.bin']
North,2000,4,19,14.246,0, ['/ecs/DP1/PM/NSIDC-0051.001/2000.04.19/nt_20000419_f13_v1.1_n.bin']
North,2000,4,20,14.317,0, ['/ecs/DP1/PM/NSIDC-0051.001/2000.04.20/nt_20000420_f13_v1.1_n.bin']
North,2000,4,21,14.36,0, ['/ecs/DP1/PM/NSIDC-0051.001/2000.04.21/nt_20000421_f13_v1.1_n.bin']
North,2000,4,22,14.29,0, ['/ecs/DP1/PM/NSIDC-0051.001/2000.04.22/nt_20000422_f13_v1.1_n.bin']
North,2000,4,23,14.409,0, ['/ecs/DP1/PM/NSIDC-0051.001/2000.04.23/nt_20000423_f13_v1.1_n.bin']
North,2000,4,24,14.388,0, ['/ecs/DP1/PM/NSIDC-0051.001/2000.04.24/nt_20000424_f13_v1.1_n.bin']
North,2000,4,25,14.339,0, ['/ecs/DP1/PM/NSIDC-0051.001/2000.04.25/nt_20000425_f13_v1.1_n.bin']
North,2000,4,26,14.205,0, ['/ecs/DP1/PM/NSIDC-0051.001/2000.04.26/nt_20000426_f13_v1.1_n.bin']
North,2000,4,27,14.263,0, ['/ecs/DP1/PM/NSIDC-0051.001/2000.04.27/nt_20000427_f13_v1.1_n.bin']
North,2000,4,28,14.176,0, ['/ecs/DP1/PM/NSIDC-0051.001/2000.04.28/nt_20000428_f13_v1.1_n.bin']
North,2000,4,29,14.096,0, ['/ecs/DP1/PM/NSIDC-0051.001/2000.04.29/nt_20000429_f13_v1.1_n.bin']
North,2000,4,30,14.146,0, ['/ecs/DP1/PM/NSIDC-0051.001/2000.04.30/nt_20000430_f13_v1.1_n.bin']
North,2000,5,1,13.943,0, ['/ecs/DP1/PM/NSIDC-0051.001/2000.05.01/nt_20000501_f13_v1.1_n.bin']
North,2000,5,2,13.891,0, ['/ecs/DP1/PM/NSIDC-0051.001/2000.05.02/nt_20000502_f13_v1.1_n.bin']
North,2000,5,3,13.809,0, ['/ecs/DP1/PM/NSIDC-0051.001/2000.05.03/nt_20000503_f13_v1.1_n.bin']
North,2000,5,4,13.737,0, ['/ecs/DP1/PM/NSIDC-0051.001/2000.05.04/nt_20000504_f13_v1.1_n.bin']
North,2000,5,5,13.74,0, ['/ecs/DP1/PM/NSIDC-0051.001/2000.05.05/nt_20000505_f13_v1.1_n.bin']
North,2000,5,6,13.616,0, ['/ecs/DP1/PM/NSIDC-0051.001/2000.05.06/nt_20000506_f13_v1.1_n.bin']
North,2000,5,7,13.642,0, ['/ecs/DP1/PM/NSIDC-0051.001/2000.05.07/nt_20000507_f13_v1.1_n.bin']
North,2000,5,8,13.586,0, ['/ecs/DP1/PM/NSIDC-0051.001/2000.05.08/nt_20000508_f13_v1.1_n.bin']
North,2000,5,9,13.462,0, ['/ecs/DP1/PM/NSIDC-0051.001/2000.05.09/nt_20000509_f13_v1.1_n.bin']
North,2000,5,10,13.389,0, ['/ecs/DP1/PM/NSIDC-0051.001/2000.05.10/nt_20000510_f13_v1.1_n.bin']
North,2000,5,11,13.269,0, ['/ecs/DP1/PM/NSIDC-0051.001/2000.05.11/nt_20000511_f13_v1.1_n.bin']
North,2000,5,12,13.301,0, ['/ecs/DP1/PM/NSIDC-0051.001/2000.05.12/nt_20000512_f13_v1.1_n.bin']
North,2000,5,13,13.291,0, ['/ecs/DP1/PM/NSIDC-0051.001/2000.05.13/nt_20000513_f13_v1.1_n.bin']
North,2000,5,14,13.278,0, ['/ecs/DP1/PM/NSIDC-0051.001/2000.05.14/nt_20000514_f13_v1.1_n.bin']
North,2000,5,15,13.119,0, ['/ecs/DP1/PM/NSIDC-0051.001/2000.05.15/nt_20000515_f13_v1.1_n.bin']
North,2000,5,16,13.051,0, ['/ecs/DP1/PM/NSIDC-0051.001/2000.05.16/nt_20000516_f13_v1.1_n.bin']
North,2000,5,17,13.083,0, ['/ecs/DP1/PM/NSIDC-0051.001/2000.05.17/nt_20000517_f13_v1.1_n.bin']
North,2000,5,18,13.048,0, ['/ecs/DP1/PM/NSIDC-0051.001/2000.05.18/nt_20000518_f13_v1.1_n.bin']
North,2000,5,19,12.959,0, ['/ecs/DP1/PM/NSIDC-0051.001/2000.05.19/nt_20000519_f13_v1.1_n.bin']
North,2000,5,20,12.886,0, ['/ecs/DP1/PM/NSIDC-0051.001/2000.05.20/nt_20000520_f13_v1.1_n.bin']
North,2000,5,21,12.859,0, ['/ecs/DP1/PM/NSIDC-0051.001/2000.05.21/nt_20000521_f13_v1.1_n.bin']
North,2000,5,22,12.785,0, ['/ecs/DP1/PM/NSIDC-0051.001/2000.05.22/nt_20000522_f13_v1.1_n.bin']
North,2000,5,23,12.724,0, ['/ecs/DP1/PM/NSIDC-0051.001/2000.05.23/nt_20000523_f13_v1.1_n.bin']
North,2000,5,24,12.814,0, ['/ecs/DP1/PM/NSIDC-0051.001/2000.05.24/nt_20000524_f13_v1.1_n.bin']
North,2000,5,25,12.83,0, ['/ecs/DP1/PM/NSIDC-0051.001/2000.05.25/nt_20000525_f13_v1.1_n.bin']
North,2000,5,26,12.805,0, ['/ecs/DP1/PM/NSIDC-0051.001/2000.05.26/nt_20000526_f13_v1.1_n.bin']
North,2000,5,27,12.665,0, ['/ecs/DP1/PM/NSIDC-0051.001/2000.05.27/nt_20000527_f13_v1.1_n.bin']
North,2000,5,28,12.618,0, ['/ecs/DP1/PM/NSIDC-0051.001/2000.05.28/nt_20000528_f13_v1.1_n.bin']
North,2000,5,29,12.553,0, ['/ecs/DP1/PM/NSIDC-0051.001/2000.05.29/nt_20000529_f13_v1.1_n.bin']
North,2000,5,30,12.495,0, ['/ecs/DP1/PM/NSIDC-0051.001/2000.05.30/nt_20000530_f13_v1.1_n.bin']
North,2000,5,31,12.485,0, ['/ecs/DP1/PM/NSIDC-0051.001/2000.05.31/nt_20000531_f13_v1.1_n.bin']
North,2000,6,1,12.316,0, ['/ecs/DP1/PM/NSIDC-0051.001/2000.06.01/nt_20000601_f13_v1.1_n.bin']
North,2000,6,2,12.271,0, ['/ecs/DP1/PM/NSIDC-0051.001/2000.06.02/nt_20000602_f13_v1.1_n.bin']
North,2000,6,3,12.205,0, ['/ecs/DP1/PM/NSIDC-0051.001/2000.06.03/nt_20000603_f13_v1.1_n.bin']
North,2000,6,4,12.151,0, ['/ecs/DP1/PM/NSIDC-0051.001/2000.06.04/nt_20000604_f13_v1.1_n.bin']
North,2000,6,5,12.108,0, ['/ecs/DP1/PM/NSIDC-0051.001/2000.06.05/nt_20000605_f13_v1.1_n.bin']
North,2000,6,6,12.058,0, ['/ecs/DP1/PM/NSIDC-0051.001/2000.06.06/nt_20000606_f13_v1.1_n.bin']
North,2000,6,7,12.05,0, ['/ecs/DP1/PM/NSIDC-0051.001/2000.06.07/nt_20000607_f13_v1.1_n.bin']
North,2000,6,8,11.984,0, ['/ecs/DP1/PM/NSIDC-0051.001/2000.06.08/nt_20000608_f13_v1.1_n.bin']
North,2000,6,9,11.996,0, ['/ecs/DP1/PM/NSIDC-0051.001/2000.06.09/nt_20000609_f13_v1.1_n.bin']
North,2000,6,10,11.885,0, ['/ecs/DP1/PM/NSIDC-0051.001/2000.06.10/nt_20000610_f13_v1.1_n.bin']
North,2000,6,11,11.923,0, ['/ecs/DP1/PM/NSIDC-0051.001/2000.06.11/nt_20000611_f13_v1.1_n.bin']
North,2000,6,12,11.84,0, ['/ecs/DP1/PM/NSIDC-0051.001/2000.06.12/nt_20000612_f13_v1.1_n.bin']
North,2000,6,13,11.815,0, ['/ecs/DP1/PM/NSIDC-0051.001/2000.06.13/nt_20000613_f13_v1.1_n.bin']
North,2000,6,14,11.755,0, ['/ecs/DP1/PM/NSIDC-0051.001/2000.06.14/nt_20000614_f13_v1.1_n.bin']
North,2000,6,15,11.71,0, ['/ecs/DP1/PM/NSIDC-0051.001/2000.06.15/nt_20000615_f13_v1.1_n.bin']
North,2000,6,16,11.706,0, ['/ecs/DP1/PM/NSIDC-0051.001/2000.06.16/nt_20000616_f13_v1.1_n.bin']
North,2000,6,17,11.66,0, ['/ecs/DP1/PM/NSIDC-0051.001/2000.06.17/nt_20000617_f13_v1.1_n.bin']
North,2000,6,18,11.598,0, ['/ecs/DP1/PM/NSIDC-0051.001/2000.06.18/nt_20000618_f13_v1.1_n.bin']
North,2000,6,19,11.573,0, ['/ecs/DP1/PM/NSIDC-0051.001/2000.06.19/nt_20000619_f13_v1.1_n.bin']
North,2000,6,20,11.483,0, ['/ecs/DP1/PM/NSIDC-0051.001/2000.06.20/nt_20000620_f13_v1.1_n.bin']
North,2000,6,21,11.399,0, ['/ecs/DP1/PM/NSIDC-0051.001/2000.06.21/nt_20000621_f13_v1.1_n.bin']
North,2000,6,22,11.4,0, ['/ecs/DP1/PM/NSIDC-0051.001/2000.06.22/nt_20000622_f13_v1.1_n.bin']
North,2000,6,23,11.344,0, ['/ecs/DP1/PM/NSIDC-0051.001/2000.06.23/nt_20000623_f13_v1.1_n.bin']
North,2000,6,24,11.29,0, ['/ecs/DP1/PM/NSIDC-0051.001/2000.06.24/nt_20000624_f13_v1.1_n.bin']
North,2000,6,25,11.247,0, ['/ecs/DP1/PM/NSIDC-0051.001/2000.06.25/nt_20000625_f13_v1.1_n.bin']
North,2000,6,26,11.18,0, ['/ecs/DP1/PM/NSIDC-0051.001/2000.06.26/nt_20000626_f13_v1.1_n.bin']
North,2000,6,27,11.137,0, ['/ecs/DP1/PM/NSIDC-0051.001/2000.06.27/nt_20000627_f13_v1.1_n.bin']
North,2000,6,28,11.028,0, ['/ecs/DP1/PM/NSIDC-0051.001/2000.06.28/nt_20000628_f13_v1.1_n.bin']
North,2000,6,29,10.946,0, ['/ecs/DP1/PM/NSIDC-0051.001/2000.06.29/nt_20000629_f13_v1.1_n.bin']
North,2000,6,30,10.899,0, ['/ecs/DP1/PM/NSIDC-0051.001/2000.06.30/nt_20000630_f13_v1.1_n.bin']
North,2000,7,1,10.703,0, ['/ecs/DP1/PM/NSIDC-0051.001/2000.07.01/nt_20000701_f13_v1.1_n.bin']
North,2000,7,2,10.678,0, ['/ecs/DP1/PM/NSIDC-0051.001/2000.07.02/nt_20000702_f13_v1.1_n.bin']
North,2000,7,3,10.6,0, ['/ecs/DP1/PM/NSIDC-0051.001/2000.07.03/nt_20000703_f13_v1.1_n.bin']
North,2000,7,4,10.519,0, ['/ecs/DP1/PM/NSIDC-0051.001/2000.07.04/nt_20000704_f13_v1.1_n.bin']
North,2000,7,5,10.449,0, ['/ecs/DP1/PM/NSIDC-0051.001/2000.07.05/nt_20000705_f13_v1.1_n.bin']
North,2000,7,6,10.375,0, ['/ecs/DP1/PM/NSIDC-0051.001/2000.07.06/nt_20000706_f13_v1.1_n.bin']
North,2000,7,7,10.352,0, ['/ecs/DP1/PM/NSIDC-0051.001/2000.07.07/nt_20000707_f13_v1.1_n.bin']
North,2000,7,8,10.271,0, ['/ecs/DP1/PM/NSIDC-0051.001/2000.07.08/nt_20000708_f13_v1.1_n.bin']
North,2000,7,9,10.252,0, ['/ecs/DP1/PM/NSIDC-0051.001/2000.07.09/nt_20000709_f13_v1.1_n.bin']
North,2000,7,10,10.087,0, ['/ecs/DP1/PM/NSIDC-0051.001/2000.07.10/nt_20000710_f13_v1.1_n.bin']
North,2000,7,11,10.029,0, ['/ecs/DP1/PM/NSIDC-0051.001/2000.07.11/nt_20000711_f13_v1.1_n.bin']
North,2000,7,12,9.933,0, ['/ecs/DP1/PM/NSIDC-0051.001/2000.07.12/nt_20000712_f13_v1.1_n.bin']
North,2000,7,13,9.77,0, ['/ecs/DP1/PM/NSIDC-0051.001/2000.07.13/nt_20000713_f13_v1.1_n.bin']
North,2000,7,14,9.696,0, ['/ecs/DP1/PM/NSIDC-0051.001/2000.07.14/nt_20000714_f13_v1.1_n.bin']
North,2000,7,15,9.565,0, ['/ecs/DP1/PM/NSIDC-0051.001/2000.07.15/nt_20000715_f13_v1.1_n.bin']
North,2000,7,16,9.454,0, ['/ecs/DP1/PM/NSIDC-0051.001/2000.07.16/nt_20000716_f13_v1.1_n.bin']
North,2000,7,17,9.476,0, ['/ecs/DP1/PM/NSIDC-0051.001/2000.07.17/nt_20000717_f13_v1.1_n.bin']
North,2000,7,18,9.335,0, ['/ecs/DP1/PM/NSIDC-0051.001/2000.07.18/nt_20000718_f13_v1.1_n.bin']
North,2000,7,19,9.264,0, ['/ecs/DP1/PM/NSIDC-0051.001/2000.07.19/nt_20000719_f13_v1.1_n.bin']
North,2000,7,20,9.156,0, ['/ecs/DP1/PM/NSIDC-0051.001/2000.07.20/nt_20000720_f13_v1.1_n.bin']
North,2000,7,21,9.017,0, ['/ecs/DP1/PM/NSIDC-0051.001/2000.07.21/nt_20000721_f13_v1.1_n.bin']
North,2000,7,22,8.957,0, ['/ecs/DP1/PM/NSIDC-0051.001/2000.07.22/nt_20000722_f13_v1.1_n.bin']
North,2000,7,23,8.871,0, ['/ecs/DP1/PM/NSIDC-0051.001/2000.07.23/nt_20000723_f13_v1.1_n.bin']
North,2000,7,24,8.796,0, ['/ecs/DP1/PM/NSIDC-0051.001/2000.07.24/nt_20000724_f13_v1.1_n.bin']
North,2000,7,25,8.824,0, ['/ecs/DP1/PM/NSIDC-0051.001/2000.07.25/nt_20000725_f13_v1.1_n.bin']
North,2000,7,26,8.777,0, ['/ecs/DP1/PM/NSIDC-0051.001/2000.07.26/nt_20000726_f13_v1.1_n.bin']
North,2000,7,27,8.637,0, ['/ecs/DP1/PM/NSIDC-0051.001/2000.07.27/nt_20000727_f13_v1.1_n.bin']
North,2000,7,28,8.465,0, ['/ecs/DP1/PM/NSIDC-0051.001/2000.07.28/nt_20000728_f13_v1.1_n.bin']
North,2000,7,29,8.277,0, ['/ecs/DP1/PM/NSIDC-0051.001/2000.07.29/nt_20000729_f13_v1.1_n.bin']
North,2000,7,30,8.176,0, ['/ecs/DP1/PM/NSIDC-0051.001/2000.07.30/nt_20000730_f13_v1.1_n.bin']
North,2000,7,31,8.142,0, ['/ecs/DP1/PM/NSIDC-0051.001/2000.07.31/nt_20000731_f13_v1.1_n.bin']
North,2000,8,1,8.004,0, ['/ecs/DP1/PM/NSIDC-0051.001/2000.08.01/nt_20000801_f13_v1.1_n.bin']
North,2000,8,2,7.935,0, ['/ecs/DP1/PM/NSIDC-0051.001/2000.08.02/nt_20000802_f13_v1.1_n.bin']
North,2000,8,3,7.891,0, ['/ecs/DP1/PM/NSIDC-0051.001/2000.08.03/nt_20000803_f13_v1.1_n.bin']
North,2000,8,4,7.759,0, ['/ecs/DP1/PM/NSIDC-0051.001/2000.08.04/nt_20000804_f13_v1.1_n.bin']
North,2000,8,5,7.756,0, ['/ecs/DP1/PM/NSIDC-0051.001/2000.08.05/nt_20000805_f13_v1.1_n.bin']
North,2000,8,6,7.686,0, ['/ecs/DP1/PM/NSIDC-0051.001/2000.08.06/nt_20000806_f13_v1.1_n.bin']
North,2000,8,7,7.721,0, ['/ecs/DP1/PM/NSIDC-0051.001/2000.08.07/nt_20000807_f13_v1.1_n.bin']
North,2000,8,8,7.68,0, ['/ecs/DP1/PM/NSIDC-0051.001/2000.08.08/nt_20000808_f13_v1.1_n.bin']
North,2000,8,9,7.671,0, ['/ecs/DP1/PM/NSIDC-0051.001/2000.08.09/nt_20000809_f13_v1.1_n.bin']
North,2000,8,10,7.539,0, ['/ecs/DP1/PM/NSIDC-0051.001/2000.08.10/nt_20000810_f13_v1.1_n.bin']
North,2000,8,11,7.499,0, ['/ecs/DP1/PM/NSIDC-0051.001/2000.08.11/nt_20000811_f13_v1.1_n.bin']
North,2000,8,12,7.45,0, ['/ecs/DP1/PM/NSIDC-0051.001/2000.08.12/nt_20000812_f13_v1.1_n.bin']
North,2000,8,13,7.437,0, ['/ecs/DP1/PM/NSIDC-0051.001/2000.08.13/nt_20000813_f13_v1.1_n.bin']
North,2000,8,14,7.3,0, ['/ecs/DP1/PM/NSIDC-0051.001/2000.08.14/nt_20000814_f13_v1.1_n.bin']
North,2000,8,15,7.195,0, ['/ecs/DP1/PM/NSIDC-0051.001/2000.08.15/nt_20000815_f13_v1.1_n.bin']
North,2000,8,16,7.152,0, ['/ecs/DP1/PM/NSIDC-0051.001/2000.08.16/nt_20000816_f13_v1.1_n.bin']
North,2000,8,17,7.085,0, ['/ecs/DP1/PM/NSIDC-0051.001/2000.08.17/nt_20000817_f13_v1.1_n.bin']
North,2000,8,18,7.088,0, ['/ecs/DP1/PM/NSIDC-0051.001/2000.08.18/nt_20000818_f13_v1.1_n.bin']
North,2000,8,19,6.96,0, ['/ecs/DP1/PM/NSIDC-0051.001/2000.08.19/nt_20000819_f13_v1.1_n.bin']
North,2000,8,20,6.864,0, ['/ecs/DP1/PM/NSIDC-0051.001/2000.08.20/nt_20000820_f13_v1.1_n.bin']
North,2000,8,21,6.872,0, ['/ecs/DP1/PM/NSIDC-0051.001/2000.08.21/nt_20000821_f13_v1.1_n.bin']
North,2000,8,22,6.777,0, ['/ecs/DP1/PM/NSIDC-0051.001/2000.08.22/nt_20000822_f13_v1.1_n.bin']
North,2000,8,23,6.675,0, ['/ecs/DP1/PM/NSIDC-0051.001/2000.08.23/nt_20000823_f13_v1.1_n.bin']
North,2000,8,24,6.722,0, ['/ecs/DP1/PM/NSIDC-0051.001/2000.08.24/nt_20000824_f13_v1.1_n.bin']
North,2000,8,25,6.625,0, ['/ecs/DP1/PM/NSIDC-0051.001/2000.08.25/nt_20000825_f13_v1.1_n.bin']
North,2000,8,26,6.616,0, ['/ecs/DP1/PM/NSIDC-0051.001/2000.08.26/nt_20000826_f13_v1.1_n.bin']
North,2000,8,27,6.554,0, ['/ecs/DP1/PM/NSIDC-0051.001/2000.08.27/nt_20000827_f13_v1.1_n.bin']
North,2000,8,28,6.495,0, ['/ecs/DP1/PM/NSIDC-0051.001/2000.08.28/nt_20000828_f13_v1.1_n.bin']
North,2000,8,29,6.544,0, ['/ecs/DP1/PM/NSIDC-0051.001/2000.08.29/nt_20000829_f13_v1.1_n.bin']
North,2000,8,30,6.352,0, ['/ecs/DP1/PM/NSIDC-0051.001/2000.08.30/nt_20000830_f13_v1.1_n.bin']
North,2000,8,31,6.314,0, ['/ecs/DP1/PM/NSIDC-0051.001/2000.08.31/nt_20000831_f13_v1.1_n.bin']
North,2000,9,1,6.229,0, ['/ecs/DP1/PM/NSIDC-0051.001/2000.09.01/nt_20000901_f13_v1.1_n.bin']
North,2000,9,2,6.16,0, ['/ecs/DP1/PM/NSIDC-0051.001/2000.09.02/nt_20000902_f13_v1.1_n.bin']
North,2000,9,3,6.182,0, ['/ecs/DP1/PM/NSIDC-0051.001/2000.09.03/nt_20000903_f13_v1.1_n.bin']
North,2000,9,4,6.199,0, ['/ecs/DP1/PM/NSIDC-0051.001/2000.09.04/nt_20000904_f13_v1.1_n.bin']
North,2000,9,5,6.272,0, ['/ecs/DP1/PM/NSIDC-0051.001/2000.09.05/nt_20000905_f13_v1.1_n.bin']
North,2000,9,6,6.178,0, ['/ecs/DP1/PM/NSIDC-0051.001/2000.09.06/nt_20000906_f13_v1.1_n.bin']
North,2000,9,7,6.106,0, ['/ecs/DP1/PM/NSIDC-0051.001/2000.09.07/nt_20000907_f13_v1.1_n.bin']
North,2000,9,8,6.011,0, ['/ecs/DP1/PM/NSIDC-0051.001/2000.09.08/nt_20000908_f13_v1.1_n.bin']
North,2000,9,9,6.004,0, ['/ecs/DP1/PM/NSIDC-0051.001/2000.09.09/nt_20000909_f13_v1.1_n.bin']
North,2000,9,10,5.963,0, ['/ecs/DP1/PM/NSIDC-0051.001/2000.09.10/nt_20000910_f13_v1.1_n.bin']
North,2000,9,11,5.943,0, ['/ecs/DP1/PM/NSIDC-0051.001/2000.09.11/nt_20000911_f13_v1.1_n.bin']
North,2000,9,12,5.971,0, ['/ecs/DP1/PM/NSIDC-0051.001/2000.09.12/nt_20000912_f13_v1.1_n.bin']
North,2000,9,13,6.025,0, ['/ecs/DP1/PM/NSIDC-0051.001/2000.09.13/nt_20000913_f13_v1.1_n.bin']
North,2000,9,14,6.005,0, ['/ecs/DP1/PM/NSIDC-0051.001/2000.09.14/nt_20000914_f13_v1.1_n.bin']
North,2000,9,15,6.065,0, ['/ecs/DP1/PM/NSIDC-0051.001/2000.09.15/nt_20000915_f13_v1.1_n.bin']
North,2000,9,16,6.049,0, ['/ecs/DP1/PM/NSIDC-0051.001/2000.09.16/nt_20000916_f13_v1.1_n.bin']
North,2000,9,17,6.178,0, ['/ecs/DP1/PM/NSIDC-0051.001/2000.09.17/nt_20000917_f13_v1.1_n.bin']
North,2000,9,18,6.229,0, ['/ecs/DP1/PM/NSIDC-0051.001/2000.09.18/nt_20000918_f13_v1.1_n.bin']
North,2000,9,19,6.195,0, ['/ecs/DP1/PM/NSIDC-0051.001/2000.09.19/nt_20000919_f13_v1.1_n.bin']
North,2000,9,20,6.254,0, ['/ecs/DP1/PM/NSIDC-0051.001/2000.09.20/nt_20000920_f13_v1.1_n.bin']
North,2000,9,21,6.347,0, ['/ecs/DP1/PM/NSIDC-0051.001/2000.09.21/nt_20000921_f13_v1.1_n.bin']
North,2000,9,22,6.462,0, ['/ecs/DP1/PM/NSIDC-0051.001/2000.09.22/nt_20000922_f13_v1.1_n.bin']
North,2000,9,23,6.483,0, ['/ecs/DP1/PM/NSIDC-0051.001/2000.09.23/nt_20000923_f13_v1.1_n.bin']
North,2000,9,24,6.518,0, ['/ecs/DP1/PM/NSIDC-0051.001/2000.09.24/nt_20000924_f13_v1.1_n.bin']
North,2000,9,25,6.487,0, ['/ecs/DP1/PM/NSIDC-0051.001/2000.09.25/nt_20000925_f13_v1.1_n.bin']
North,2000,9,26,6.467,0, ['/ecs/DP1/PM/NSIDC-0051.001/2000.09.26/nt_20000926_f13_v1.1_n.bin']
North,2000,9,27,6.513,0, ['/ecs/DP1/PM/NSIDC-0051.001/2000.09.27/nt_20000927_f13_v1.1_n.bin']
North,2000,9,28,6.569,0, ['/ecs/DP1/PM/NSIDC-0051.001/2000.09.28/nt_20000928_f13_v1.1_n.bin']
North,2000,9,29,6.626,0, ['/ecs/DP1/PM/NSIDC-0051.001/2000.09.29/nt_20000929_f13_v1.1_n.bin']
North,2000,9,30,6.692,0, ['/ecs/DP1/PM/NSIDC-0051.001/2000.09.30/nt_20000930_f13_v1.1_n.bin']
North,2000,10,1,6.802,0, ['/ecs/DP1/PM/NSIDC-0051.001/2000.10.01/nt_20001001_f13_v1.1_n.bin']
North,2000,10,2,6.99,0, ['/ecs/DP1/PM/NSIDC-0051.001/2000.10.02/nt_20001002_f13_v1.1_n.bin']
North,2000,10,3,7.055,0, ['/ecs/DP1/PM/NSIDC-0051.001/2000.10.03/nt_20001003_f13_v1.1_n.bin']
North,2000,10,4,7.158,0, ['/ecs/DP1/PM/NSIDC-0051.001/2000.10.04/nt_20001004_f13_v1.1_n.bin']
North,2000,10,5,7.296,0, ['/ecs/DP1/PM/NSIDC-0051.001/2000.10.05/nt_20001005_f13_v1.1_n.bin']
North,2000,10,6,7.452,0, ['/ecs/DP1/PM/NSIDC-0051.001/2000.10.06/nt_20001006_f13_v1.1_n.bin']
North,2000,10,7,7.589,0, ['/ecs/DP1/PM/NSIDC-0051.001/2000.10.07/nt_20001007_f13_v1.1_n.bin']
North,2000,10,8,7.764,0, ['/ecs/DP1/PM/NSIDC-0051.001/2000.10.08/nt_20001008_f13_v1.1_n.bin']
North,2000,10,9,7.865,0, ['/ecs/DP1/PM/NSIDC-0051.001/2000.10.09/nt_20001009_f13_v1.1_n.bin']
North,2000,10,10,7.965,0, ['/ecs/DP1/PM/NSIDC-0051.001/2000.10.10/nt_20001010_f13_v1.1_n.bin']
North,2000,10,11,8.097,0, ['/ecs/DP1/PM/NSIDC-0051.001/2000.10.11/nt_20001011_f13_v1.1_n.bin']
North,2000,10,12,8.303,0, ['/ecs/DP1/PM/NSIDC-0051.001/2000.10.12/nt_20001012_f13_v1.1_n.bin']
North,2000,10,13,8.273,0, ['/ecs/DP1/PM/NSIDC-0051.001/2000.10.13/nt_20001013_f13_v1.1_n.bin']
North,2000,10,14,8.38,0, ['/ecs/DP1/PM/NSIDC-0051.001/2000.10.14/nt_20001014_f13_v1.1_n.bin']
North,2000,10,15,8.458,0, ['/ecs/DP1/PM/NSIDC-0051.001/2000.10.15/nt_20001015_f13_v1.1_n.bin']
North,2000,10,16,8.499,0, ['/ecs/DP1/PM/NSIDC-0051.001/2000.10.16/nt_20001016_f13_v1.1_n.bin']
North,2000,10,17,8.569,0, ['/ecs/DP1/PM/NSIDC-0051.001/2000.10.17/nt_20001017_f13_v1.1_n.bin']
North,2000,10,18,8.768,0, ['/ecs/DP1/PM/NSIDC-0051.001/2000.10.18/nt_20001018_f13_v1.1_n.bin']
North,2000,10,19,8.735,0, ['/ecs/DP1/PM/NSIDC-0051.001/2000.10.19/nt_20001019_f13_v1.1_n.bin']
North,2000,10,20,8.763,0, ['/ecs/DP1/PM/NSIDC-0051.001/2000.10.20/nt_20001020_f13_v1.1_n.bin']
North,2000,10,21,8.811,0, ['/ecs/DP1/PM/NSIDC-0051.001/2000.10.21/nt_20001021_f13_v1.1_n.bin']
North,2000,10,22,8.942,0, ['/ecs/DP1/PM/NSIDC-0051.001/2000.10.22/nt_20001022_f13_v1.1_n.bin']
North,2000,10,23,8.967,0, ['/ecs/DP1/PM/NSIDC-0051.001/2000.10.23/nt_20001023_f13_v1.1_n.bin']
North,2000,10,24,9.042,0, ['/ecs/DP1/PM/NSIDC-0051.001/2000.10.24/nt_20001024_f13_v1.1_n.bin']
North,2000,10,25,9.131,0, ['/ecs/DP1/PM/NSIDC-0051.001/2000.10.25/nt_20001025_f13_v1.1_n.bin']
North,2000,10,26,9.216,0, ['/ecs/DP1/PM/NSIDC-0051.001/2000.10.26/nt_20001026_f13_v1.1_n.bin']
North,2000,10,27,9.302,0, ['/ecs/DP1/PM/NSIDC-0051.001/2000.10.27/nt_20001027_f13_v1.1_n.bin']
North,2000,10,28,9.366,0, ['/ecs/DP1/PM/NSIDC-0051.001/2000.10.28/nt_20001028_f13_v1.1_n.bin']
North,2000,10,29,9.332,0, ['/ecs/DP1/PM/NSIDC-0051.001/2000.10.29/nt_20001029_f13_v1.1_n.bin']
North,2000,10,30,9.37,0, ['/ecs/DP1/PM/NSIDC-0051.001/2000.10.30/nt_20001030_f13_v1.1_n.bin']
North,2000,10,31,9.502,0, ['/ecs/DP1/PM/NSIDC-0051.001/2000.10.31/nt_20001031_f13_v1.1_n.bin']
North,2000,11,1,9.607,0, ['/ecs/DP1/PM/NSIDC-0051.001/2000.11.01/nt_20001101_f13_v1.1_n.bin']
North,2000,11,2,9.637,0, ['/ecs/DP1/PM/NSIDC-0051.001/2000.11.02/nt_20001102_f13_v1.1_n.bin']
North,2000,11,3,9.777,0, ['/ecs/DP1/PM/NSIDC-0051.001/2000.11.03/nt_20001103_f13_v1.1_n.bin']
North,2000,11,4,9.829,0, ['/ecs/DP1/PM/NSIDC-0051.001/2000.11.04/nt_20001104_f13_v1.1_n.bin']
North,2000,11,5,9.821,0, ['/ecs/DP1/PM/NSIDC-0051.001/2000.11.05/nt_20001105_f13_v1.1_n.bin']
North,2000,11,6,9.742,0, ['/ecs/DP1/PM/NSIDC-0051.001/2000.11.06/nt_20001106_f13_v1.1_n.bin']
North,2000,11,7,9.751,0, ['/ecs/DP1/PM/NSIDC-0051.001/2000.11.07/nt_20001107_f13_v1.1_n.bin']
North,2000,11,8,9.819,0, ['/ecs/DP1/PM/NSIDC-0051.001/2000.11.08/nt_20001108_f13_v1.1_n.bin']
North,2000,11,9,10.006,0, ['/ecs/DP1/PM/NSIDC-0051.001/2000.11.09/nt_20001109_f13_v1.1_n.bin']
North,2000,11,10,9.939,0, ['/ecs/DP1/PM/NSIDC-0051.001/2000.11.10/nt_20001110_f13_v1.1_n.bin']
North,2000,11,11,9.956,0, ['/ecs/DP1/PM/NSIDC-0051.001/2000.11.11/nt_20001111_f13_v1.1_n.bin']
North,2000,11,12,9.992,0, ['/ecs/DP1/PM/NSIDC-0051.001/2000.11.12/nt_20001112_f13_v1.1_n.bin']
North,2000,11,13,10.056,0, ['/ecs/DP1/PM/NSIDC-0051.001/2000.11.13/nt_20001113_f13_v1.1_n.bin']
North,2000,11,14,10.124,0, ['/ecs/DP1/PM/NSIDC-0051.001/2000.11.14/nt_20001114_f13_v1.1_n.bin']
North,2000,11,15,10.189,0, ['/ecs/DP1/PM/NSIDC-0051.001/2000.11.15/nt_20001115_f13_v1.1_n.bin']
North,2000,11,16,10.247,0, ['/ecs/DP1/PM/NSIDC-0051.001/2000.11.16/nt_20001116_f13_v1.1_n.bin']
North,2000,11,17,10.25,0, ['/ecs/DP1/PM/NSIDC-0051.001/2000.11.17/nt_20001117_f13_v1.1_n.bin']
North,2000,11,18,10.325,0, ['/ecs/DP1/PM/NSIDC-0051.001/2000.11.18/nt_20001118_f13_v1.1_n.bin']
North,2000,11,19,10.371,0, ['/ecs/DP1/PM/NSIDC-0051.001/2000.11.19/nt_20001119_f13_v1.1_n.bin']
North,2000,11,20,10.482,0, ['/ecs/DP1/PM/NSIDC-0051.001/2000.11.20/nt_20001120_f13_v1.1_n.bin']
North,2000,11,21,10.571,0, ['/ecs/DP1/PM/NSIDC-0051.001/2000.11.21/nt_20001121_f13_v1.1_n.bin']
North,2000,11,22,10.669,0, ['/ecs/DP1/PM/NSIDC-0051.001/2000.11.22/nt_20001122_f13_v1.1_n.bin']
North,2000,11,23,10.815,0, ['/ecs/DP1/PM/NSIDC-0051.001/2000.11.23/nt_20001123_f13_v1.1_n.bin']
North,2000,11,24,10.894,0, ['/ecs/DP1/PM/NSIDC-0051.001/2000.11.24/nt_20001124_f13_v1.1_n.bin']
North,2000,11,25,10.942,0, ['/ecs/DP1/PM/NSIDC-0051.001/2000.11.25/nt_20001125_f13_v1.1_n.bin']
North,2000,11,26,11.008,0, ['/ecs/DP1/PM/NSIDC-0051.001/2000.11.26/nt_20001126_f13_v1.1_n.bin']
North,2000,11,27,11.092,0, ['/ecs/DP1/PM/NSIDC-0051.001/2000.11.27/nt_20001127_f13_v1.1_n.bin']
North,2000,11,28,11.154,0, ['/ecs/DP1/PM/NSIDC-0051.001/2000.11.28/nt_20001128_f13_v1.1_n.bin']
North,2000,11,29,11.181,0, ['/ecs/DP1/PM/NSIDC-0051.001/2000.11.29/nt_20001129_f13_v1.1_n.bin']
North,2000,11,30,11.387,0, ['/ecs/DP1/PM/NSIDC-0051.001/2000.11.30/nt_20001130_f13_v1.1_n.bin']
North,2000,12,1,11.663,0, ['/ecs/DP1/PM/NSIDC-0051.001/2000.12.01/nt_20001201_f13_v1.1_n.bin']
North,2000,12,2,11.684,0, ['/ecs/DP1/PM/NSIDC-0051.001/2000.12.02/nt_20001202_f13_v1.1_n.bin']
North,2000,12,3,11.787,0, ['/ecs/DP1/PM/NSIDC-0051.001/2000.12.03/nt_20001203_f13_v1.1_n.bin']
North,2000,12,4,11.809,0, ['/ecs/DP1/PM/NSIDC-0051.001/2000.12.04/nt_20001204_f13_v1.1_n.bin']
North,2000,12,5,11.86,0, ['/ecs/DP1/PM/NSIDC-0051.001/2000.12.05/nt_20001205_f13_v1.1_n.bin']
North,2000,12,6,12.101,0, ['/ecs/DP1/PM/NSIDC-0051.001/2000.12.06/nt_20001206_f13_v1.1_n.bin']
North,2000,12,7,12.177,0, ['/ecs/DP1/PM/NSIDC-0051.001/2000.12.07/nt_20001207_f13_v1.1_n.bin']
North,2000,12,8,12.329,0, ['/ecs/DP1/PM/NSIDC-0051.001/2000.12.08/nt_20001208_f13_v1.1_n.bin']
North,2000,12,9,12.389,0, ['/ecs/DP1/PM/NSIDC-0051.001/2000.12.09/nt_20001209_f13_v1.1_n.bin']
North,2000,12,10,12.431,0, ['/ecs/DP1/PM/NSIDC-0051.001/2000.12.10/nt_20001210_f13_v1.1_n.bin']
North,2000,12,11,12.513,0, ['/ecs/DP1/PM/NSIDC-0051.001/2000.12.11/nt_20001211_f13_v1.1_n.bin']
North,2000,12,12,12.536,0, ['/ecs/DP1/PM/NSIDC-0051.001/2000.12.12/nt_20001212_f13_v1.1_n.bin']
North,2000,12,13,12.599,0, ['/ecs/DP1/PM/NSIDC-0051.001/2000.12.13/nt_20001213_f13_v1.1_n.bin']
North,2000,12,14,12.585,0, ['/ecs/DP1/PM/NSIDC-0051.001/2000.12.14/nt_20001214_f13_v1.1_n.bin']
North,2000,12,15,12.633,0, ['/ecs/DP1/PM/NSIDC-0051.001/2000.12.15/nt_20001215_f13_v1.1_n.bin']
North,2000,12,16,12.689,0, ['/ecs/DP1/PM/NSIDC-0051.001/2000.12.16/nt_20001216_f13_v1.1_n.bin']
North,2000,12,17,12.808,0, ['/ecs/DP1/PM/NSIDC-0051.001/2000.12.17/nt_20001217_f13_v1.1_n.bin']
North,2000,12,18,12.898,0, ['/ecs/DP1/PM/NSIDC-0051.001/2000.12.18/nt_20001218_f13_v1.1_n.bin']
North,2000,12,19,12.883,0, ['/ecs/DP1/PM/NSIDC-0051.001/2000.12.19/nt_20001219_f13_v1.1_n.bin']
North,2000,12,20,12.92,0, ['/ecs/DP1/PM/NSIDC-0051.001/2000.12.20/nt_20001220_f13_v1.1_n.bin']
North,2000,12,21,12.906,0, ['/ecs/DP1/PM/NSIDC-0051.001/2000.12.21/nt_20001221_f13_v1.1_n.bin']
North,2000,12,22,12.863,0, ['/ecs/DP1/PM/NSIDC-0051.001/2000.12.22/nt_20001222_f13_v1.1_n.bin']
North,2000,12,23,12.987,0, ['/ecs/DP1/PM/NSIDC-0051.001/2000.12.23/nt_20001223_f13_v1.1_n.bin']
North,2000,12,24,13.06,0, ['/ecs/DP1/PM/NSIDC-0051.001/2000.12.24/nt_20001224_f13_v1.1_n.bin']
North,2000,12,25,13.053,0, ['/ecs/DP1/PM/NSIDC-0051.001/2000.12.25/nt_20001225_f13_v1.1_n.bin']
North,2000,12,26,13.067,0, ['/ecs/DP1/PM/NSIDC-0051.001/2000.12.26/nt_20001226_f13_v1.1_n.bin']
North,2000,12,27,13.16,0, ['/ecs/DP1/PM/NSIDC-0051.001/2000.12.27/nt_20001227_f13_v1.1_n.bin']
North,2000,12,28,13.244,0, ['/ecs/DP1/PM/NSIDC-0051.001/2000.12.28/nt_20001228_f13_v1.1_n.bin']
North,2000,12,29,13.32,0, ['/ecs/DP1/PM/NSIDC-0051.001/2000.12.29/nt_20001229_f13_v1.1_n.bin']
North,2000,12,30,13.34,0, ['/ecs/DP1/PM/NSIDC-0051.001/2000.12.30/nt_20001230_f13_v1.1_n.bin']
North,2000,12,31,13.461,0, ['/ecs/DP1/PM/NSIDC-0051.001/2000.12.31/nt_20001231_f13_v1.1_n.bin']
North,2001,1,1,13.479,0, ['/ecs/DP1/PM/NSIDC-0051.001/2001.01.01/nt_20010101_f13_v1.1_n.bin']
North,2001,1,2,13.385,0, ['/ecs/DP1/PM/NSIDC-0051.001/2001.01.02/nt_20010102_f13_v1.1_n.bin']
North,2001,1,3,13.418,0, ['/ecs/DP1/PM/NSIDC-0051.001/2001.01.03/nt_20010103_f13_v1.1_n.bin']
North,2001,1,4,13.51,0, ['/ecs/DP1/PM/NSIDC-0051.001/2001.01.04/nt_20010104_f13_v1.1_n.bin']
North,2001,1,5,13.566,0, ['/ecs/DP1/PM/NSIDC-0051.001/2001.01.05/nt_20010105_f13_v1.1_n.bin']
North,2001,1,6,13.722,0, ['/ecs/DP1/PM/NSIDC-0051.001/2001.01.06/nt_20010106_f13_v1.1_n.bin']
North,2001,1,7,13.846,0, ['/ecs/DP1/PM/NSIDC-0051.001/2001.01.07/nt_20010107_f13_v1.1_n.bin']
North,2001,1,8,13.882,0, ['/ecs/DP1/PM/NSIDC-0051.001/2001.01.08/nt_20010108_f13_v1.1_n.bin']
North,2001,1,9,14.028,0, ['/ecs/DP1/PM/NSIDC-0051.001/2001.01.09/nt_20010109_f13_v1.1_n.bin']
North,2001,1,10,14.063,0, ['/ecs/DP1/PM/NSIDC-0051.001/2001.01.10/nt_20010110_f13_v1.1_n.bin']
North,2001,1,11,14.088,0, ['/ecs/DP1/PM/NSIDC-0051.001/2001.01.11/nt_20010111_f13_v1.1_n.bin']
North,2001,1,12,14.133,0, ['/ecs/DP1/PM/NSIDC-0051.001/2001.01.12/nt_20010112_f13_v1.1_n.bin']
North,2001,1,13,14.055,0, ['/ecs/DP1/PM/NSIDC-0051.001/2001.01.13/nt_20010113_f13_v1.1_n.bin']
North,2001,1,14,14.095,0, ['/ecs/DP1/PM/NSIDC-0051.001/2001.01.14/nt_20010114_f13_v1.1_n.bin']
North,2001,1,15,14.088,0, ['/ecs/DP1/PM/NSIDC-0051.001/2001.01.15/nt_20010115_f13_v1.1_n.bin']
North,2001,1,16,14.191,0, ['/ecs/DP1/PM/NSIDC-0051.001/2001.01.16/nt_20010116_f13_v1.1_n.bin']
North,2001,1,17,14.249,0, ['/ecs/DP1/PM/NSIDC-0051.001/2001.01.17/nt_20010117_f13_v1.1_n.bin']
North,2001,1,18,14.318,0, ['/ecs/DP1/PM/NSIDC-0051.001/2001.01.18/nt_20010118_f13_v1.1_n.bin']
North,2001,1,19,14.424,0, ['/ecs/DP1/PM/NSIDC-0051.001/2001.01.19/nt_20010119_f13_v1.1_n.bin']
North,2001,1,20,14.449,0, ['/ecs/DP1/PM/NSIDC-0051.001/2001.01.20/nt_20010120_f13_v1.1_n.bin']
North,2001,1,21,14.539,0, ['/ecs/DP1/PM/NSIDC-0051.001/2001.01.21/nt_20010121_f13_v1.1_n.bin']
North,2001,1,22,14.575,0, ['/ecs/DP1/PM/NSIDC-0051.001/2001.01.22/nt_20010122_f13_v1.1_n.bin']
North,2001,1,23,14.609,0, ['/ecs/DP1/PM/NSIDC-0051.001/2001.01.23/nt_20010123_f13_v1.1_n.bin']
North,2001,1,24,14.715,0, ['/ecs/DP1/PM/NSIDC-0051.001/2001.01.24/nt_20010124_f13_v1.1_n.bin']
North,2001,1,25,14.585,0, ['/ecs/DP1/PM/NSIDC-0051.001/2001.01.25/nt_20010125_f13_v1.1_n.bin']
North,2001,1,26,14.65,0, ['/ecs/DP1/PM/NSIDC-0051.001/2001.01.26/nt_20010126_f13_v1.1_n.bin']
North,2001,1,27,14.625,0, ['/ecs/DP1/PM/NSIDC-0051.001/2001.01.27/nt_20010127_f13_v1.1_n.bin']
North,2001,1,28,14.673,0, ['/ecs/DP1/PM/NSIDC-0051.001/2001.01.28/nt_20010128_f13_v1.1_n.bin']
North,2001,1,29,14.718,0, ['/ecs/DP1/PM/NSIDC-0051.001/2001.01.29/nt_20010129_f13_v1.1_n.bin']
North,2001,1,30,14.764,0, ['/ecs/DP1/PM/NSIDC-0051.001/2001.01.30/nt_20010130_f13_v1.1_n.bin']
North,2001,1,31,14.839,0, ['/ecs/DP1/PM/NSIDC-0051.001/2001.01.31/nt_20010131_f13_v1.1_n.bin']
North,2001,2,1,14.908,0, ['/ecs/DP1/PM/NSIDC-0051.001/2001.02.01/nt_20010201_f13_v1.1_n.bin']
North,2001,2,2,14.894,0, ['/ecs/DP1/PM/NSIDC-0051.001/2001.02.02/nt_20010202_f13_v1.1_n.bin']
North,2001,2,3,14.816,0, ['/ecs/DP1/PM/NSIDC-0051.001/2001.02.03/nt_20010203_f13_v1.1_n.bin']
North,2001,2,4,14.874,0, ['/ecs/DP1/PM/NSIDC-0051.001/2001.02.04/nt_20010204_f13_v1.1_n.bin']
North,2001,2,5,14.867,0, ['/ecs/DP1/PM/NSIDC-0051.001/2001.02.05/nt_20010205_f13_v1.1_n.bin']
North,2001,2,6,14.975,0, ['/ecs/DP1/PM/NSIDC-0051.001/2001.02.06/nt_20010206_f13_v1.1_n.bin']
North,2001,2,7,14.926,0, ['/ecs/DP1/PM/NSIDC-0051.001/2001.02.07/nt_20010207_f13_v1.1_n.bin']
North,2001,2,8,14.999,0, ['/ecs/DP1/PM/NSIDC-0051.001/2001.02.08/nt_20010208_f13_v1.1_n.bin']
North,2001,2,9,14.985,0, ['/ecs/DP1/PM/NSIDC-0051.001/2001.02.09/nt_20010209_f13_v1.1_n.bin']
North,2001,2,10,15.09,0, ['/ecs/DP1/PM/NSIDC-0051.001/2001.02.10/nt_20010210_f13_v1.1_n.bin']
North,2001,2,11,15.215,0, ['/ecs/DP1/PM/NSIDC-0051.001/2001.02.11/nt_20010211_f13_v1.1_n.bin']
North,2001,2,12,15.197,0, ['/ecs/DP1/PM/NSIDC-0051.001/2001.02.12/nt_20010212_f13_v1.1_n.bin']
North,2001,2,13,15.121,0, ['/ecs/DP1/PM/NSIDC-0051.001/2001.02.13/nt_20010213_f13_v1.1_n.bin']
North,2001,2,14,15.173,0, ['/ecs/DP1/PM/NSIDC-0051.001/2001.02.14/nt_20010214_f13_v1.1_n.bin']
North,2001,2,15,15.293,0, ['/ecs/DP1/PM/NSIDC-0051.001/2001.02.15/nt_20010215_f13_v1.1_n.bin']
North,2001,2,16,15.34,0, ['/ecs/DP1/PM/NSIDC-0051.001/2001.02.16/nt_20010216_f13_v1.1_n.bin']
North,2001,2,17,15.381,0, ['/ecs/DP1/PM/NSIDC-0051.001/2001.02.17/nt_20010217_f13_v1.1_n.bin']
North,2001,2,18,15.315,0, ['/ecs/DP1/PM/NSIDC-0051.001/2001.02.18/nt_20010218_f13_v1.1_n.bin']
North,2001,2,19,15.403,0, ['/ecs/DP1/PM/NSIDC-0051.001/2001.02.19/nt_20010219_f13_v1.1_n.bin']
North,2001,2,20,15.337,0, ['/ecs/DP1/PM/NSIDC-0051.001/2001.02.20/nt_20010220_f13_v1.1_n.bin']
North,2001,2,21,15.342,0, ['/ecs/DP1/PM/NSIDC-0051.001/2001.02.21/nt_20010221_f13_v1.1_n.bin']
North,2001,2,22,15.352,0, ['/ecs/DP1/PM/NSIDC-0051.001/2001.02.22/nt_20010222_f13_v1.1_n.bin']
North,2001,2,23,15.355,0, ['/ecs/DP1/PM/NSIDC-0051.001/2001.02.23/nt_20010223_f13_v1.1_n.bin']
North,2001,2,24,15.476,0, ['/ecs/DP1/PM/NSIDC-0051.001/2001.02.24/nt_20010224_f13_v1.1_n.bin']
North,2001,2,25,15.497,0, ['/ecs/DP1/PM/NSIDC-0051.001/2001.02.25/nt_20010225_f13_v1.1_n.bin']
North,2001,2,26,15.532,0, ['/ecs/DP1/PM/NSIDC-0051.001/2001.02.26/nt_20010226_f13_v1.1_n.bin']
North,2001,2,27,15.62,0, ['/ecs/DP1/PM/NSIDC-0051.001/2001.02.27/nt_20010227_f13_v1.1_n.bin']
North,2001,2,28,15.629,0, ['/ecs/DP1/PM/NSIDC-0051.001/2001.02.28/nt_20010228_f13_v1.1_n.bin']
North,2001,3,1,15.637,0, ['/ecs/DP1/PM/NSIDC-0051.001/2001.03.01/nt_20010301_f13_v1.1_n.bin']
North,2001,3,2,15.64,0, ['/ecs/DP1/PM/NSIDC-0051.001/2001.03.02/nt_20010302_f13_v1.1_n.bin']
North,2001,3,3,15.705,0, ['/ecs/DP1/PM/NSIDC-0051.001/2001.03.03/nt_20010303_f13_v1.1_n.bin']
North,2001,3,4,15.742,0, ['/ecs/DP1/PM/NSIDC-0051.001/2001.03.04/nt_20010304_f13_v1.1_n.bin']
North,2001,3,5,15.637,0, ['/ecs/DP1/PM/NSIDC-0051.001/2001.03.05/nt_20010305_f13_v1.1_n.bin']
North,2001,3,6,15.57,0, ['/ecs/DP1/PM/NSIDC-0051.001/2001.03.06/nt_20010306_f13_v1.1_n.bin']
North,2001,3,7,15.538,0, ['/ecs/DP1/PM/NSIDC-0051.001/2001.03.07/nt_20010307_f13_v1.1_n.bin']
North,2001,3,8,15.554,0, ['/ecs/DP1/PM/NSIDC-0051.001/2001.03.08/nt_20010308_f13_v1.1_n.bin']
North,2001,3,9,15.593,0, ['/ecs/DP1/PM/NSIDC-0051.001/2001.03.09/nt_20010309_f13_v1.1_n.bin']
North,2001,3,10,15.604,0, ['/ecs/DP1/PM/NSIDC-0051.001/2001.03.10/nt_20010310_f13_v1.1_n.bin']
North,2001,3,11,15.581,0, ['/ecs/DP1/PM/NSIDC-0051.001/2001.03.11/nt_20010311_f13_v1.1_n.bin']
North,2001,3,12,15.573,0, ['/ecs/DP1/PM/NSIDC-0051.001/2001.03.12/nt_20010312_f13_v1.1_n.bin']
North,2001,3,13,15.557,0, ['/ecs/DP1/PM/NSIDC-0051.001/2001.03.13/nt_20010313_f13_v1.1_n.bin']
North,2001,3,14,15.689,0, ['/ecs/DP1/PM/NSIDC-0051.001/2001.03.14/nt_20010314_f13_v1.1_n.bin']
North,2001,3,15,15.667,0, ['/ecs/DP1/PM/NSIDC-0051.001/2001.03.15/nt_20010315_f13_v1.1_n.bin']
North,2001,3,16,15.702,0, ['/ecs/DP1/PM/NSIDC-0051.001/2001.03.16/nt_20010316_f13_v1.1_n.bin']
North,2001,3,17,15.645,0, ['/ecs/DP1/PM/NSIDC-0051.001/2001.03.17/nt_20010317_f13_v1.1_n.bin']
North,2001,3,18,15.652,0, ['/ecs/DP1/PM/NSIDC-0051.001/2001.03.18/nt_20010318_f13_v1.1_n.bin']
North,2001,3,19,15.604,0, ['/ecs/DP1/PM/NSIDC-0051.001/2001.03.19/nt_20010319_f13_v1.1_n.bin']
North,2001,3,20,15.472,0, ['/ecs/DP1/PM/NSIDC-0051.001/2001.03.20/nt_20010320_f13_v1.1_n.bin']
North,2001,3,21,15.39,0, ['/ecs/DP1/PM/NSIDC-0051.001/2001.03.21/nt_20010321_f13_v1.1_n.bin']
North,2001,3,22,15.383,0, ['/ecs/DP1/PM/NSIDC-0051.001/2001.03.22/nt_20010322_f13_v1.1_n.bin']
North,2001,3,23,15.441,0, ['/ecs/DP1/PM/NSIDC-0051.001/2001.03.23/nt_20010323_f13_v1.1_n.bin']
North,2001,3,24,15.443,0, ['/ecs/DP1/PM/NSIDC-0051.001/2001.03.24/nt_20010324_f13_v1.1_n.bin']
North,2001,3,25,15.467,0, ['/ecs/DP1/PM/NSIDC-0051.001/2001.03.25/nt_20010325_f13_v1.1_n.bin']
North,2001,3,26,15.415,0, ['/ecs/DP1/PM/NSIDC-0051.001/2001.03.26/nt_20010326_f13_v1.1_n.bin']
North,2001,3,27,15.318,0, ['/ecs/DP1/PM/NSIDC-0051.001/2001.03.27/nt_20010327_f13_v1.1_n.bin']
North,2001,3,28,15.271,0, ['/ecs/DP1/PM/NSIDC-0051.001/2001.03.28/nt_20010328_f13_v1.1_n.bin']
North,2001,3,29,15.182,0, ['/ecs/DP1/PM/NSIDC-0051.001/2001.03.29/nt_20010329_f13_v1.1_n.bin']
North,2001,3,30,15.185,0, ['/ecs/DP1/PM/NSIDC-0051.001/2001.03.30/nt_20010330_f13_v1.1_n.bin']
North,2001,3,31,15.149,0, ['/ecs/DP1/PM/NSIDC-0051.001/2001.03.31/nt_20010331_f13_v1.1_n.bin']
North,2001,4,1,15.105,0, ['/ecs/DP1/PM/NSIDC-0051.001/2001.04.01/nt_20010401_f13_v1.1_n.bin']
North,2001,4,2,15.167,0, ['/ecs/DP1/PM/NSIDC-0051.001/2001.04.02/nt_20010402_f13_v1.1_n.bin']
North,2001,4,3,15.161,0, ['/ecs/DP1/PM/NSIDC-0051.001/2001.04.03/nt_20010403_f13_v1.1_n.bin']
North,2001,4,4,15.089,0, ['/ecs/DP1/PM/NSIDC-0051.001/2001.04.04/nt_20010404_f13_v1.1_n.bin']
North,2001,4,5,15.113,0, ['/ecs/DP1/PM/NSIDC-0051.001/2001.04.05/nt_20010405_f13_v1.1_n.bin']
North,2001,4,6,15.101,0, ['/ecs/DP1/PM/NSIDC-0051.001/2001.04.06/nt_20010406_f13_v1.1_n.bin']
North,2001,4,7,15.084,0, ['/ecs/DP1/PM/NSIDC-0051.001/2001.04.07/nt_20010407_f13_v1.1_n.bin']
North,2001,4,8,15.056,0, ['/ecs/DP1/PM/NSIDC-0051.001/2001.04.08/nt_20010408_f13_v1.1_n.bin']
North,2001,4,9,15.093,0, ['/ecs/DP1/PM/NSIDC-0051.001/2001.04.09/nt_20010409_f13_v1.1_n.bin']
North,2001,4,10,15.1,0, ['/ecs/DP1/PM/NSIDC-0051.001/2001.04.10/nt_20010410_f13_v1.1_n.bin']
North,2001,4,11,15.236,0, ['/ecs/DP1/PM/NSIDC-0051.001/2001.04.11/nt_20010411_f13_v1.1_n.bin']
North,2001,4,12,15.109,0, ['/ecs/DP1/PM/NSIDC-0051.001/2001.04.12/nt_20010412_f13_v1.1_n.bin']
North,2001,4,13,15.096,0, ['/ecs/DP1/PM/NSIDC-0051.001/2001.04.13/nt_20010413_f13_v1.1_n.bin']
North,2001,4,14,14.976,0, ['/ecs/DP1/PM/NSIDC-0051.001/2001.04.14/nt_20010414_f13_v1.1_n.bin']
North,2001,4,15,14.87,0, ['/ecs/DP1/PM/NSIDC-0051.001/2001.04.15/nt_20010415_f13_v1.1_n.bin']
North,2001,4,16,14.809,0, ['/ecs/DP1/PM/NSIDC-0051.001/2001.04.16/nt_20010416_f13_v1.1_n.bin']
North,2001,4,17,14.78,0, ['/ecs/DP1/PM/NSIDC-0051.001/2001.04.17/nt_20010417_f13_v1.1_n.bin']
North,2001,4,18,14.806,0, ['/ecs/DP1/PM/NSIDC-0051.001/2001.04.18/nt_20010418_f13_v1.1_n.bin']
North,2001,4,19,14.769,0, ['/ecs/DP1/PM/NSIDC-0051.001/2001.04.19/nt_20010419_f13_v1.1_n.bin']
North,2001,4,20,14.745,0, ['/ecs/DP1/PM/NSIDC-0051.001/2001.04.20/nt_20010420_f13_v1.1_n.bin']
North,2001,4,21,14.711,0, ['/ecs/DP1/PM/NSIDC-0051.001/2001.04.21/nt_20010421_f13_v1.1_n.bin']
North,2001,4,22,14.711,0, ['/ecs/DP1/PM/NSIDC-0051.001/2001.04.22/nt_20010422_f13_v1.1_n.bin']
North,2001,4,23,14.71,0, ['/ecs/DP1/PM/NSIDC-0051.001/2001.04.23/nt_20010423_f13_v1.1_n.bin']
North,2001,4,24,14.599,0, ['/ecs/DP1/PM/NSIDC-0051.001/2001.04.24/nt_20010424_f13_v1.1_n.bin']
North,2001,4,25,14.574,0, ['/ecs/DP1/PM/NSIDC-0051.001/2001.04.25/nt_20010425_f13_v1.1_n.bin']
North,2001,4,26,14.515,0, ['/ecs/DP1/PM/NSIDC-0051.001/2001.04.26/nt_20010426_f13_v1.1_n.bin']
North,2001,4,27,14.496,0, ['/ecs/DP1/PM/NSIDC-0051.001/2001.04.27/nt_20010427_f13_v1.1_n.bin']
North,2001,4,28,14.458,0, ['/ecs/DP1/PM/NSIDC-0051.001/2001.04.28/nt_20010428_f13_v1.1_n.bin']
North,2001,4,29,14.364,0, ['/ecs/DP1/PM/NSIDC-0051.001/2001.04.29/nt_20010429_f13_v1.1_n.bin']
North,2001,4,30,14.302,0, ['/ecs/DP1/PM/NSIDC-0051.001/2001.04.30/nt_20010430_f13_v1.1_n.bin']
North,2001,5,1,14.287,0, ['/ecs/DP1/PM/NSIDC-0051.001/2001.05.01/nt_20010501_f13_v1.1_n.bin']
North,2001,5,2,14.299,0, ['/ecs/DP1/PM/NSIDC-0051.001/2001.05.02/nt_20010502_f13_v1.1_n.bin']
North,2001,5,3,14.235,0, ['/ecs/DP1/PM/NSIDC-0051.001/2001.05.03/nt_20010503_f13_v1.1_n.bin']
North,2001,5,4,14.178,0, ['/ecs/DP1/PM/NSIDC-0051.001/2001.05.04/nt_20010504_f13_v1.1_n.bin']
North,2001,5,5,14.109,0, ['/ecs/DP1/PM/NSIDC-0051.001/2001.05.05/nt_20010505_f13_v1.1_n.bin']
North,2001,5,6,14.043,0, ['/ecs/DP1/PM/NSIDC-0051.001/2001.05.06/nt_20010506_f13_v1.1_n.bin']
North,2001,5,7,14.007,0, ['/ecs/DP1/PM/NSIDC-0051.001/2001.05.07/nt_20010507_f13_v1.1_n.bin']
North,2001,5,8,14.032,0, ['/ecs/DP1/PM/NSIDC-0051.001/2001.05.08/nt_20010508_f13_v1.1_n.bin']
North,2001,5,9,13.967,0, ['/ecs/DP1/PM/NSIDC-0051.001/2001.05.09/nt_20010509_f13_v1.1_n.bin']
North,2001,5,10,13.959,0, ['/ecs/DP1/PM/NSIDC-0051.001/2001.05.10/nt_20010510_f13_v1.1_n.bin']
North,2001,5,11,13.892,0, ['/ecs/DP1/PM/NSIDC-0051.001/2001.05.11/nt_20010511_f13_v1.1_n.bin']
North,2001,5,12,13.828,0, ['/ecs/DP1/PM/NSIDC-0051.001/2001.05.12/nt_20010512_f13_v1.1_n.bin']
North,2001,5,13,13.744,0, ['/ecs/DP1/PM/NSIDC-0051.001/2001.05.13/nt_20010513_f13_v1.1_n.bin']
North,2001,5,14,13.706,0, ['/ecs/DP1/PM/NSIDC-0051.001/2001.05.14/nt_20010514_f13_v1.1_n.bin']
North,2001,5,15,13.652,0, ['/ecs/DP1/PM/NSIDC-0051.001/2001.05.15/nt_20010515_f13_v1.1_n.bin']
North,2001,5,16,13.536,0, ['/ecs/DP1/PM/NSIDC-0051.001/2001.05.16/nt_20010516_f13_v1.1_n.bin']
North,2001,5,17,13.509,0, ['/ecs/DP1/PM/NSIDC-0051.001/2001.05.17/nt_20010517_f13_v1.1_n.bin']
North,2001,5,18,13.425,0, ['/ecs/DP1/PM/NSIDC-0051.001/2001.05.18/nt_20010518_f13_v1.1_n.bin']
North,2001,5,19,13.358,0, ['/ecs/DP1/PM/NSIDC-0051.001/2001.05.19/nt_20010519_f13_v1.1_n.bin']
North,2001,5,20,13.219,0, ['/ecs/DP1/PM/NSIDC-0051.001/2001.05.20/nt_20010520_f13_v1.1_n.bin']
North,2001,5,21,13.098,0, ['/ecs/DP1/PM/NSIDC-0051.001/2001.05.21/nt_20010521_f13_v1.1_n.bin']
North,2001,5,22,13.04,0, ['/ecs/DP1/PM/NSIDC-0051.001/2001.05.22/nt_20010522_f13_v1.1_n.bin']
North,2001,5,23,13.019,0, ['/ecs/DP1/PM/NSIDC-0051.001/2001.05.23/nt_20010523_f13_v1.1_n.bin']
North,2001,5,24,12.98,0, ['/ecs/DP1/PM/NSIDC-0051.001/2001.05.24/nt_20010524_f13_v1.1_n.bin']
North,2001,5,25,12.946,0, ['/ecs/DP1/PM/NSIDC-0051.001/2001.05.25/nt_20010525_f13_v1.1_n.bin']
North,2001,5,26,12.991,0, ['/ecs/DP1/PM/NSIDC-0051.001/2001.05.26/nt_20010526_f13_v1.1_n.bin']
North,2001,5,27,12.906,0, ['/ecs/DP1/PM/NSIDC-0051.001/2001.05.27/nt_20010527_f13_v1.1_n.bin']
North,2001,5,28,12.839,0, ['/ecs/DP1/PM/NSIDC-0051.001/2001.05.28/nt_20010528_f13_v1.1_n.bin']
North,2001,5,29,12.723,0, ['/ecs/DP1/PM/NSIDC-0051.001/2001.05.29/nt_20010529_f13_v1.1_n.bin']
North,2001,5,30,12.641,0, ['/ecs/DP1/PM/NSIDC-0051.001/2001.05.30/nt_20010530_f13_v1.1_n.bin']
North,2001,5,31,12.63,0, ['/ecs/DP1/PM/NSIDC-0051.001/2001.05.31/nt_20010531_f13_v1.1_n.bin']
North,2001,6,1,12.456,0, ['/ecs/DP1/PM/NSIDC-0051.001/2001.06.01/nt_20010601_f13_v1.1_n.bin']
North,2001,6,2,12.409,0, ['/ecs/DP1/PM/NSIDC-0051.001/2001.06.02/nt_20010602_f13_v1.1_n.bin']
North,2001,6,3,12.384,0, ['/ecs/DP1/PM/NSIDC-0051.001/2001.06.03/nt_20010603_f13_v1.1_n.bin']
North,2001,6,4,12.35,0, ['/ecs/DP1/PM/NSIDC-0051.001/2001.06.04/nt_20010604_f13_v1.1_n.bin']
North,2001,6,5,12.291,0, ['/ecs/DP1/PM/NSIDC-0051.001/2001.06.05/nt_20010605_f13_v1.1_n.bin']
North,2001,6,6,12.255,0, ['/ecs/DP1/PM/NSIDC-0051.001/2001.06.06/nt_20010606_f13_v1.1_n.bin']
North,2001,6,7,12.186,0, ['/ecs/DP1/PM/NSIDC-0051.001/2001.06.07/nt_20010607_f13_v1.1_n.bin']
North,2001,6,8,12.121,0, ['/ecs/DP1/PM/NSIDC-0051.001/2001.06.08/nt_20010608_f13_v1.1_n.bin']
North,2001,6,9,12.073,0, ['/ecs/DP1/PM/NSIDC-0051.001/2001.06.09/nt_20010609_f13_v1.1_n.bin']
North,2001,6,10,11.981,0, ['/ecs/DP1/PM/NSIDC-0051.001/2001.06.10/nt_20010610_f13_v1.1_n.bin']
North,2001,6,11,11.95,0, ['/ecs/DP1/PM/NSIDC-0051.001/2001.06.11/nt_20010611_f13_v1.1_n.bin']
North,2001,6,12,11.848,0, ['/ecs/DP1/PM/NSIDC-0051.001/2001.06.12/nt_20010612_f13_v1.1_n.bin']
North,2001,6,13,11.719,0, ['/ecs/DP1/PM/NSIDC-0051.001/2001.06.13/nt_20010613_f13_v1.1_n.bin']
North,2001,6,14,11.555,0, ['/ecs/DP1/PM/NSIDC-0051.001/2001.06.14/nt_20010614_f13_v1.1_n.bin']
North,2001,6,15,11.468,0, ['/ecs/DP1/PM/NSIDC-0051.001/2001.06.15/nt_20010615_f13_v1.1_n.bin']
North,2001,6,16,11.359,0, ['/ecs/DP1/PM/NSIDC-0051.001/2001.06.16/nt_20010616_f13_v1.1_n.bin']
North,2001,6,17,11.381,0, ['/ecs/DP1/PM/NSIDC-0051.001/2001.06.17/nt_20010617_f13_v1.1_n.bin']
North,2001,6,18,11.295,0, ['/ecs/DP1/PM/NSIDC-0051.001/2001.06.18/nt_20010618_f13_v1.1_n.bin']
North,2001,6,19,11.224,0, ['/ecs/DP1/PM/NSIDC-0051.001/2001.06.19/nt_20010619_f13_v1.1_n.bin']
North,2001,6,20,11.168,0, ['/ecs/DP1/PM/NSIDC-0051.001/2001.06.20/nt_20010620_f13_v1.1_n.bin']
North,2001,6,21,11.002,0, ['/ecs/DP1/PM/NSIDC-0051.001/2001.06.21/nt_20010621_f13_v1.1_n.bin']
North,2001,6,22,10.883,0, ['/ecs/DP1/PM/NSIDC-0051.001/2001.06.22/nt_20010622_f13_v1.1_n.bin']
North,2001,6,23,10.795,0, ['/ecs/DP1/PM/NSIDC-0051.001/2001.06.23/nt_20010623_f13_v1.1_n.bin']
North,2001,6,24,10.75,0, ['/ecs/DP1/PM/NSIDC-0051.001/2001.06.24/nt_20010624_f13_v1.1_n.bin']
North,2001,6,25,10.657,0, ['/ecs/DP1/PM/NSIDC-0051.001/2001.06.25/nt_20010625_f13_v1.1_n.bin']
North,2001,6,26,10.61,0, ['/ecs/DP1/PM/NSIDC-0051.001/2001.06.26/nt_20010626_f13_v1.1_n.bin']
North,2001,6,27,10.455,0, ['/ecs/DP1/PM/NSIDC-0051.001/2001.06.27/nt_20010627_f13_v1.1_n.bin']
North,2001,6,28,10.401,0, ['/ecs/DP1/PM/NSIDC-0051.001/2001.06.28/nt_20010628_f13_v1.1_n.bin']
North,2001,6,29,10.355,0, ['/ecs/DP1/PM/NSIDC-0051.001/2001.06.29/nt_20010629_f13_v1.1_n.bin']
North,2001,6,30,10.297,0, ['/ecs/DP1/PM/NSIDC-0051.001/2001.06.30/nt_20010630_f13_v1.1_n.bin']
North,2001,7,1,10.064,0, ['/ecs/DP1/PM/NSIDC-0051.001/2001.07.01/nt_20010701_f13_v1.1_n.bin']
North,2001,7,2,10.032,0, ['/ecs/DP1/PM/NSIDC-0051.001/2001.07.02/nt_20010702_f13_v1.1_n.bin']
North,2001,7,3,9.96,0, ['/ecs/DP1/PM/NSIDC-0051.001/2001.07.03/nt_20010703_f13_v1.1_n.bin']
North,2001,7,4,9.927,0, ['/ecs/DP1/PM/NSIDC-0051.001/2001.07.04/nt_20010704_f13_v1.1_n.bin']
North,2001,7,5,9.775,0, ['/ecs/DP1/PM/NSIDC-0051.001/2001.07.05/nt_20010705_f13_v1.1_n.bin']
North,2001,7,6,9.672,0, ['/ecs/DP1/PM/NSIDC-0051.001/2001.07.06/nt_20010706_f13_v1.1_n.bin']
North,2001,7,7,9.642,0, ['/ecs/DP1/PM/NSIDC-0051.001/2001.07.07/nt_20010707_f13_v1.1_n.bin']
North,2001,7,8,9.578,0, ['/ecs/DP1/PM/NSIDC-0051.001/2001.07.08/nt_20010708_f13_v1.1_n.bin']
North,2001,7,9,9.537,0, ['/ecs/DP1/PM/NSIDC-0051.001/2001.07.09/nt_20010709_f13_v1.1_n.bin']
North,2001,7,10,9.481,0, ['/ecs/DP1/PM/NSIDC-0051.001/2001.07.10/nt_20010710_f13_v1.1_n.bin']
North,2001,7,11,9.446,0, ['/ecs/DP1/PM/NSIDC-0051.001/2001.07.11/nt_20010711_f13_v1.1_n.bin']
North,2001,7,12,9.344,0, ['/ecs/DP1/PM/NSIDC-0051.001/2001.07.12/nt_20010712_f13_v1.1_n.bin']
North,2001,7,13,9.254,0, ['/ecs/DP1/PM/NSIDC-0051.001/2001.07.13/nt_20010713_f13_v1.1_n.bin']
North,2001,7,14,9.189,0, ['/ecs/DP1/PM/NSIDC-0051.001/2001.07.14/nt_20010714_f13_v1.1_n.bin']
North,2001,7,15,9.136,0, ['/ecs/DP1/PM/NSIDC-0051.001/2001.07.15/nt_20010715_f13_v1.1_n.bin']
North,2001,7,16,9.027,0, ['/ecs/DP1/PM/NSIDC-0051.001/2001.07.16/nt_20010716_f13_v1.1_n.bin']
North,2001,7,17,9.022,0, ['/ecs/DP1/PM/NSIDC-0051.001/2001.07.17/nt_20010717_f13_v1.1_n.bin']
North,2001,7,18,8.947,0, ['/ecs/DP1/PM/NSIDC-0051.001/2001.07.18/nt_20010718_f13_v1.1_n.bin']
North,2001,7,19,8.908,0, ['/ecs/DP1/PM/NSIDC-0051.001/2001.07.19/nt_20010719_f13_v1.1_n.bin']
North,2001,7,20,8.776,0, ['/ecs/DP1/PM/NSIDC-0051.001/2001.07.20/nt_20010720_f13_v1.1_n.bin']
North,2001,7,21,8.695,0, ['/ecs/DP1/PM/NSIDC-0051.001/2001.07.21/nt_20010721_f13_v1.1_n.bin']
North,2001,7,22,8.682,0, ['/ecs/DP1/PM/NSIDC-0051.001/2001.07.22/nt_20010722_f13_v1.1_n.bin']
North,2001,7,23,8.648,0, ['/ecs/DP1/PM/NSIDC-0051.001/2001.07.23/nt_20010723_f13_v1.1_n.bin']
North,2001,7,24,8.544,0, ['/ecs/DP1/PM/NSIDC-0051.001/2001.07.24/nt_20010724_f13_v1.1_n.bin']
North,2001,7,25,8.427,0, ['/ecs/DP1/PM/NSIDC-0051.001/2001.07.25/nt_20010725_f13_v1.1_n.bin']
North,2001,7,26,8.415,0, ['/ecs/DP1/PM/NSIDC-0051.001/2001.07.26/nt_20010726_f13_v1.1_n.bin']
North,2001,7,27,8.327,0, ['/ecs/DP1/PM/NSIDC-0051.001/2001.07.27/nt_20010727_f13_v1.1_n.bin']
North,2001,7,28,8.306,0, ['/ecs/DP1/PM/NSIDC-0051.001/2001.07.28/nt_20010728_f13_v1.1_n.bin']
North,2001,7,29,8.2,0, ['/ecs/DP1/PM/NSIDC-0051.001/2001.07.29/nt_20010729_f13_v1.1_n.bin']
North,2001,7,30,8.133,0, ['/ecs/DP1/PM/NSIDC-0051.001/2001.07.30/nt_20010730_f13_v1.1_n.bin']
North,2001,7,31,8.087,0, ['/ecs/DP1/PM/NSIDC-0051.001/2001.07.31/nt_20010731_f13_v1.1_n.bin']
North,2001,8,1,8.079,0, ['/ecs/DP1/PM/NSIDC-0051.001/2001.08.01/nt_20010801_f13_v1.1_n.bin']
North,2001,8,2,8.022,0, ['/ecs/DP1/PM/NSIDC-0051.001/2001.08.02/nt_20010802_f13_v1.1_n.bin']
North,2001,8,3,7.934,0, ['/ecs/DP1/PM/NSIDC-0051.001/2001.08.03/nt_20010803_f13_v1.1_n.bin']
North,2001,8,4,7.941,0, ['/ecs/DP1/PM/NSIDC-0051.001/2001.08.04/nt_20010804_f13_v1.1_n.bin']
North,2001,8,5,7.98,0, ['/ecs/DP1/PM/NSIDC-0051.001/2001.08.05/nt_20010805_f13_v1.1_n.bin']
North,2001,8,6,7.891,0, ['/ecs/DP1/PM/NSIDC-0051.001/2001.08.06/nt_20010806_f13_v1.1_n.bin']
North,2001,8,7,7.836,0, ['/ecs/DP1/PM/NSIDC-0051.001/2001.08.07/nt_20010807_f13_v1.1_n.bin']
North,2001,8,8,7.819,0, ['/ecs/DP1/PM/NSIDC-0051.001/2001.08.08/nt_20010808_f13_v1.1_n.bin']
North,2001,8,9,7.747,0, ['/ecs/DP1/PM/NSIDC-0051.001/2001.08.09/nt_20010809_f13_v1.1_n.bin']
North,2001,8,10,7.694,0, ['/ecs/DP1/PM/NSIDC-0051.001/2001.08.10/nt_20010810_f13_v1.1_n.bin']
North,2001,8,11,7.716,0, ['/ecs/DP1/PM/NSIDC-0051.001/2001.08.11/nt_20010811_f13_v1.1_n.bin']
North,2001,8,12,7.692,0, ['/ecs/DP1/PM/NSIDC-0051.001/2001.08.12/nt_20010812_f13_v1.1_n.bin']
North,2001,8,13,7.566,0, ['/ecs/DP1/PM/NSIDC-0051.001/2001.08.13/nt_20010813_f13_v1.1_n.bin']
North,2001,8,14,7.535,0, ['/ecs/DP1/PM/NSIDC-0051.001/2001.08.14/nt_20010814_f13_v1.1_n.bin']
North,2001,8,15,7.463,0, ['/ecs/DP1/PM/NSIDC-0051.001/2001.08.15/nt_20010815_f13_v1.1_n.bin']
North,2001,8,16,7.451,0, ['/ecs/DP1/PM/NSIDC-0051.001/2001.08.16/nt_20010816_f13_v1.1_n.bin']
North,2001,8,17,7.404,0, ['/ecs/DP1/PM/NSIDC-0051.001/2001.08.17/nt_20010817_f13_v1.1_n.bin']
North,2001,8,18,7.453,0, ['/ecs/DP1/PM/NSIDC-0051.001/2001.08.18/nt_20010818_f13_v1.1_n.bin']
North,2001,8,19,7.344,0, ['/ecs/DP1/PM/NSIDC-0051.001/2001.08.19/nt_20010819_f13_v1.1_n.bin']
North,2001,8,20,7.272,0, ['/ecs/DP1/PM/NSIDC-0051.001/2001.08.20/nt_20010820_f13_v1.1_n.bin']
North,2001,8,21,7.223,0, ['/ecs/DP1/PM/NSIDC-0051.001/2001.08.21/nt_20010821_f13_v1.1_n.bin']
North,2001,8,22,7.186,0, ['/ecs/DP1/PM/NSIDC-0051.001/2001.08.22/nt_20010822_f13_v1.1_n.bin']
North,2001,8,23,7.101,0, ['/ecs/DP1/PM/NSIDC-0051.001/2001.08.23/nt_20010823_f13_v1.1_n.bin']
North,2001,8,24,7.035,0, ['/ecs/DP1/PM/NSIDC-0051.001/2001.08.24/nt_20010824_f13_v1.1_n.bin']
North,2001,8,25,7.07,0, ['/ecs/DP1/PM/NSIDC-0051.001/2001.08.25/nt_20010825_f13_v1.1_n.bin']
North,2001,8,26,6.994,0, ['/ecs/DP1/PM/NSIDC-0051.001/2001.08.26/nt_20010826_f13_v1.1_n.bin']
North,2001,8,27,6.981,0, ['/ecs/DP1/PM/NSIDC-0051.001/2001.08.27/nt_20010827_f13_v1.1_n.bin']
North,2001,8,28,7.023,0, ['/ecs/DP1/PM/NSIDC-0051.001/2001.08.28/nt_20010828_f13_v1.1_n.bin']
North,2001,8,29,6.957,0, ['/ecs/DP1/PM/NSIDC-0051.001/2001.08.29/nt_20010829_f13_v1.1_n.bin']
North,2001,8,30,6.987,0, ['/ecs/DP1/PM/NSIDC-0051.001/2001.08.30/nt_20010830_f13_v1.1_n.bin']
North,2001,8,31,6.889,0, ['/ecs/DP1/PM/NSIDC-0051.001/2001.08.31/nt_20010831_f13_v1.1_n.bin']
North,2001,9,1,6.789,0, ['/ecs/DP1/PM/NSIDC-0051.001/2001.09.01/nt_20010901_f13_v1.1_n.bin']
North,2001,9,2,6.807,0, ['/ecs/DP1/PM/NSIDC-0051.001/2001.09.02/nt_20010902_f13_v1.1_n.bin']
North,2001,9,3,6.787,0, ['/ecs/DP1/PM/NSIDC-0051.001/2001.09.03/nt_20010903_f13_v1.1_n.bin']
North,2001,9,4,6.779,0, ['/ecs/DP1/PM/NSIDC-0051.001/2001.09.04/nt_20010904_f13_v1.1_n.bin']
North,2001,9,5,6.782,0, ['/ecs/DP1/PM/NSIDC-0051.001/2001.09.05/nt_20010905_f13_v1.1_n.bin']
North,2001,9,6,6.746,0, ['/ecs/DP1/PM/NSIDC-0051.001/2001.09.06/nt_20010906_f13_v1.1_n.bin']
North,2001,9,7,6.73,0, ['/ecs/DP1/PM/NSIDC-0051.001/2001.09.07/nt_20010907_f13_v1.1_n.bin']
North,2001,9,8,6.718,0, ['/ecs/DP1/PM/NSIDC-0051.001/2001.09.08/nt_20010908_f13_v1.1_n.bin']
North,2001,9,9,6.724,0, ['/ecs/DP1/PM/NSIDC-0051.001/2001.09.09/nt_20010909_f13_v1.1_n.bin']
North,2001,9,10,6.691,0, ['/ecs/DP1/PM/NSIDC-0051.001/2001.09.10/nt_20010910_f13_v1.1_n.bin']
North,2001,9,11,6.667,0, ['/ecs/DP1/PM/NSIDC-0051.001/2001.09.11/nt_20010911_f13_v1.1_n.bin']
North,2001,9,12,6.632,0, ['/ecs/DP1/PM/NSIDC-0051.001/2001.09.12/nt_20010912_f13_v1.1_n.bin']
North,2001,9,13,6.641,0, ['/ecs/DP1/PM/NSIDC-0051.001/2001.09.13/nt_20010913_f13_v1.1_n.bin']
North,2001,9,14,6.684,0, ['/ecs/DP1/PM/NSIDC-0051.001/2001.09.14/nt_20010914_f13_v1.1_n.bin']
North,2001,9,15,6.657,0, ['/ecs/DP1/PM/NSIDC-0051.001/2001.09.15/nt_20010915_f13_v1.1_n.bin']
North,2001,9,16,6.608,0, ['/ecs/DP1/PM/NSIDC-0051.001/2001.09.16/nt_20010916_f13_v1.1_n.bin']
North,2001,9,17,6.62,0, ['/ecs/DP1/PM/NSIDC-0051.001/2001.09.17/nt_20010917_f13_v1.1_n.bin']
North,2001,9,18,6.589,0, ['/ecs/DP1/PM/NSIDC-0051.001/2001.09.18/nt_20010918_f13_v1.1_n.bin']
North,2001,9,19,6.567,0, ['/ecs/DP1/PM/NSIDC-0051.001/2001.09.19/nt_20010919_f13_v1.1_n.bin']
North,2001,9,20,6.629,0, ['/ecs/DP1/PM/NSIDC-0051.001/2001.09.20/nt_20010920_f13_v1.1_n.bin']
North,2001,9,21,6.64,0, ['/ecs/DP1/PM/NSIDC-0051.001/2001.09.21/nt_20010921_f13_v1.1_n.bin']
North,2001,9,22,6.705,0, ['/ecs/DP1/PM/NSIDC-0051.001/2001.09.22/nt_20010922_f13_v1.1_n.bin']
North,2001,9,23,6.683,0, ['/ecs/DP1/PM/NSIDC-0051.001/2001.09.23/nt_20010923_f13_v1.1_n.bin']
North,2001,9,24,6.746,0, ['/ecs/DP1/PM/NSIDC-0051.001/2001.09.24/nt_20010924_f13_v1.1_n.bin']
North,2001,9,25,6.684,0, ['/ecs/DP1/PM/NSIDC-0051.001/2001.09.25/nt_20010925_f13_v1.1_n.bin']
North,2001,9,26,6.773,0, ['/ecs/DP1/PM/NSIDC-0051.001/2001.09.26/nt_20010926_f13_v1.1_n.bin']
North,2001,9,27,6.806,0, ['/ecs/DP1/PM/NSIDC-0051.001/2001.09.27/nt_20010927_f13_v1.1_n.bin']
North,2001,9,28,6.964,0, ['/ecs/DP1/PM/NSIDC-0051.001/2001.09.28/nt_20010928_f13_v1.1_n.bin']
North,2001,9,29,7.033,0, ['/ecs/DP1/PM/NSIDC-0051.001/2001.09.29/nt_20010929_f13_v1.1_n.bin']
North,2001,9,30,7.084,0, ['/ecs/DP1/PM/NSIDC-0051.001/2001.09.30/nt_20010930_f13_v1.1_n.bin']
North,2001,10,1,7.261,0, ['/ecs/DP1/PM/NSIDC-0051.001/2001.10.01/nt_20011001_f13_v1.1_n.bin']
North,2001,10,2,7.371,0, ['/ecs/DP1/PM/NSIDC-0051.001/2001.10.02/nt_20011002_f13_v1.1_n.bin']
North,2001,10,3,7.477,0, ['/ecs/DP1/PM/NSIDC-0051.001/2001.10.03/nt_20011003_f13_v1.1_n.bin']
North,2001,10,4,7.551,0, ['/ecs/DP1/PM/NSIDC-0051.001/2001.10.04/nt_20011004_f13_v1.1_n.bin']
North,2001,10,5,7.576,0, ['/ecs/DP1/PM/NSIDC-0051.001/2001.10.05/nt_20011005_f13_v1.1_n.bin']
North,2001,10,6,7.67,0, ['/ecs/DP1/PM/NSIDC-0051.001/2001.10.06/nt_20011006_f13_v1.1_n.bin']
North,2001,10,7,7.786,0, ['/ecs/DP1/PM/NSIDC-0051.001/2001.10.07/nt_20011007_f13_v1.1_n.bin']
North,2001,10,8,7.856,0, ['/ecs/DP1/PM/NSIDC-0051.001/2001.10.08/nt_20011008_f13_v1.1_n.bin']
North,2001,10,9,7.942,0, ['/ecs/DP1/PM/NSIDC-0051.001/2001.10.09/nt_20011009_f13_v1.1_n.bin']
North,2001,10,10,7.959,0, ['/ecs/DP1/PM/NSIDC-0051.001/2001.10.10/nt_20011010_f13_v1.1_n.bin']
North,2001,10,11,7.981,0, ['/ecs/DP1/PM/NSIDC-0051.001/2001.10.11/nt_20011011_f13_v1.1_n.bin']
North,2001,10,12,8.005,0, ['/ecs/DP1/PM/NSIDC-0051.001/2001.10.12/nt_20011012_f13_v1.1_n.bin']
North,2001,10,13,8.097,0, ['/ecs/DP1/PM/NSIDC-0051.001/2001.10.13/nt_20011013_f13_v1.1_n.bin']
North,2001,10,14,8.149,0, ['/ecs/DP1/PM/NSIDC-0051.001/2001.10.14/nt_20011014_f13_v1.1_n.bin']
North,2001,10,15,8.214,0, ['/ecs/DP1/PM/NSIDC-0051.001/2001.10.15/nt_20011015_f13_v1.1_n.bin']
North,2001,10,16,8.243,0, ['/ecs/DP1/PM/NSIDC-0051.001/2001.10.16/nt_20011016_f13_v1.1_n.bin']
North,2001,10,17,8.331,0, ['/ecs/DP1/PM/NSIDC-0051.001/2001.10.17/nt_20011017_f13_v1.1_n.bin']
North,2001,10,18,8.449,0, ['/ecs/DP1/PM/NSIDC-0051.001/2001.10.18/nt_20011018_f13_v1.1_n.bin']
North,2001,10,19,8.541,0, ['/ecs/DP1/PM/NSIDC-0051.001/2001.10.19/nt_20011019_f13_v1.1_n.bin']
North,2001,10,20,8.555,0, ['/ecs/DP1/PM/NSIDC-0051.001/2001.10.20/nt_20011020_f13_v1.1_n.bin']
North,2001,10,21,8.566,0, ['/ecs/DP1/PM/NSIDC-0051.001/2001.10.21/nt_20011021_f13_v1.1_n.bin']
North,2001,10,22,8.529,0, ['/ecs/DP1/PM/NSIDC-0051.001/2001.10.22/nt_20011022_f13_v1.1_n.bin']
North,2001,10,23,8.569,0, ['/ecs/DP1/PM/NSIDC-0051.001/2001.10.23/nt_20011023_f13_v1.1_n.bin']
North,2001,10,24,8.642,0, ['/ecs/DP1/PM/NSIDC-0051.001/2001.10.24/nt_20011024_f13_v1.1_n.bin']
North,2001,10,25,8.852,0, ['/ecs/DP1/PM/NSIDC-0051.001/2001.10.25/nt_20011025_f13_v1.1_n.bin']
North,2001,10,26,8.912,0, ['/ecs/DP1/PM/NSIDC-0051.001/2001.10.26/nt_20011026_f13_v1.1_n.bin']
North,2001,10,27,9.007,0, ['/ecs/DP1/PM/NSIDC-0051.001/2001.10.27/nt_20011027_f13_v1.1_n.bin']
North,2001,10,28,9.154,0, ['/ecs/DP1/PM/NSIDC-0051.001/2001.10.28/nt_20011028_f13_v1.1_n.bin']
North,2001,10,29,9.274,0, ['/ecs/DP1/PM/NSIDC-0051.001/2001.10.29/nt_20011029_f13_v1.1_n.bin']
North,2001,10,30,9.324,0, ['/ecs/DP1/PM/NSIDC-0051.001/2001.10.30/nt_20011030_f13_v1.1_n.bin']
North,2001,10,31,9.404,0, ['/ecs/DP1/PM/NSIDC-0051.001/2001.10.31/nt_20011031_f13_v1.1_n.bin']
North,2001,11,1,9.733,0, ['/ecs/DP1/PM/NSIDC-0051.001/2001.11.01/nt_20011101_f13_v1.1_n.bin']
North,2001,11,2,9.762,0, ['/ecs/DP1/PM/NSIDC-0051.001/2001.11.02/nt_20011102_f13_v1.1_n.bin']
North,2001,11,3,9.804,0, ['/ecs/DP1/PM/NSIDC-0051.001/2001.11.03/nt_20011103_f13_v1.1_n.bin']
North,2001,11,4,9.893,0, ['/ecs/DP1/PM/NSIDC-0051.001/2001.11.04/nt_20011104_f13_v1.1_n.bin']
North,2001,11,5,10.076,0, ['/ecs/DP1/PM/NSIDC-0051.001/2001.11.05/nt_20011105_f13_v1.1_n.bin']
North,2001,11,6,10.03,0, ['/ecs/DP1/PM/NSIDC-0051.001/2001.11.06/nt_20011106_f13_v1.1_n.bin']
North,2001,11,7,10.131,0, ['/ecs/DP1/PM/NSIDC-0051.001/2001.11.07/nt_20011107_f13_v1.1_n.bin']
North,2001,11,8,10.178,0, ['/ecs/DP1/PM/NSIDC-0051.001/2001.11.08/nt_20011108_f13_v1.1_n.bin']
North,2001,11,9,10.196,0, ['/ecs/DP1/PM/NSIDC-0051.001/2001.11.09/nt_20011109_f13_v1.1_n.bin']
North,2001,11,10,10.336,0, ['/ecs/DP1/PM/NSIDC-0051.001/2001.11.10/nt_20011110_f13_v1.1_n.bin']
North,2001,11,11,10.41,0, ['/ecs/DP1/PM/NSIDC-0051.001/2001.11.11/nt_20011111_f13_v1.1_n.bin']
North,2001,11,12,10.549,0, ['/ecs/DP1/PM/NSIDC-0051.001/2001.11.12/nt_20011112_f13_v1.1_n.bin']
North,2001,11,13,10.616,0, ['/ecs/DP1/PM/NSIDC-0051.001/2001.11.13/nt_20011113_f13_v1.1_n.bin']
North,2001,11,14,10.732,0, ['/ecs/DP1/PM/NSIDC-0051.001/2001.11.14/nt_20011114_f13_v1.1_n.bin']
North,2001,11,15,10.861,0, ['/ecs/DP1/PM/NSIDC-0051.001/2001.11.15/nt_20011115_f13_v1.1_n.bin']
North,2001,11,16,10.9,0, ['/ecs/DP1/PM/NSIDC-0051.001/2001.11.16/nt_20011116_f13_v1.1_n.bin']
North,2001,11,17,10.959,0, ['/ecs/DP1/PM/NSIDC-0051.001/2001.11.17/nt_20011117_f13_v1.1_n.bin']
North,2001,11,18,11.043,0, ['/ecs/DP1/PM/NSIDC-0051.001/2001.11.18/nt_20011118_f13_v1.1_n.bin']
North,2001,11,19,11.068,0, ['/ecs/DP1/PM/NSIDC-0051.001/2001.11.19/nt_20011119_f13_v1.1_n.bin']
North,2001,11,20,11.109,0, ['/ecs/DP1/PM/NSIDC-0051.001/2001.11.20/nt_20011120_f13_v1.1_n.bin']
North,2001,11,21,11.091,0, ['/ecs/DP1/PM/NSIDC-0051.001/2001.11.21/nt_20011121_f13_v1.1_n.bin']
North,2001,11,22,11.09,0, ['/ecs/DP1/PM/NSIDC-0051.001/2001.11.22/nt_20011122_f13_v1.1_n.bin']
North,2001,11,23,11.096,0, ['/ecs/DP1/PM/NSIDC-0051.001/2001.11.23/nt_20011123_f13_v1.1_n.bin']
North,2001,11,24,11.08,0, ['/ecs/DP1/PM/NSIDC-0051.001/2001.11.24/nt_20011124_f13_v1.1_n.bin']
North,2001,11,25,11.133,0, ['/ecs/DP1/PM/NSIDC-0051.001/2001.11.25/nt_20011125_f13_v1.1_n.bin']
North,2001,11,26,11.179,0, ['/ecs/DP1/PM/NSIDC-0051.001/2001.11.26/nt_20011126_f13_v1.1_n.bin']
North,2001,11,27,11.169,0, ['/ecs/DP1/PM/NSIDC-0051.001/2001.11.27/nt_20011127_f13_v1.1_n.bin']
North,2001,11,28,11.121,0, ['/ecs/DP1/PM/NSIDC-0051.001/2001.11.28/nt_20011128_f13_v1.1_n.bin']
North,2001,11,29,11.151,0, ['/ecs/DP1/PM/NSIDC-0051.001/2001.11.29/nt_20011129_f13_v1.1_n.bin']
North,2001,11,30,11.239,0, ['/ecs/DP1/PM/NSIDC-0051.001/2001.11.30/nt_20011130_f13_v1.1_n.bin']
North,2001,12,1,11.414,0, ['/ecs/DP1/PM/NSIDC-0051.001/2001.12.01/nt_20011201_f13_v1.1_n.bin']
North,2001,12,2,11.468,0, ['/ecs/DP1/PM/NSIDC-0051.001/2001.12.02/nt_20011202_f13_v1.1_n.bin']
North,2001,12,3,11.558,0, ['/ecs/DP1/PM/NSIDC-0051.001/2001.12.03/nt_20011203_f13_v1.1_n.bin']
North,2001,12,4,11.564,0, ['/ecs/DP1/PM/NSIDC-0051.001/2001.12.04/nt_20011204_f13_v1.1_n.bin']
North,2001,12,5,11.607,0, ['/ecs/DP1/PM/NSIDC-0051.001/2001.12.05/nt_20011205_f13_v1.1_n.bin']
North,2001,12,6,11.705,0, ['/ecs/DP1/PM/NSIDC-0051.001/2001.12.06/nt_20011206_f13_v1.1_n.bin']
North,2001,12,7,11.71,0, ['/ecs/DP1/PM/NSIDC-0051.001/2001.12.07/nt_20011207_f13_v1.1_n.bin']
North,2001,12,8,11.747,0, ['/ecs/DP1/PM/NSIDC-0051.001/2001.12.08/nt_20011208_f13_v1.1_n.bin']
North,2001,12,9,11.887,0, ['/ecs/DP1/PM/NSIDC-0051.001/2001.12.09/nt_20011209_f13_v1.1_n.bin']
North,2001,12,10,11.925,0, ['/ecs/DP1/PM/NSIDC-0051.001/2001.12.10/nt_20011210_f13_v1.1_n.bin']
North,2001,12,11,12.115,0, ['/ecs/DP1/PM/NSIDC-0051.001/2001.12.11/nt_20011211_f13_v1.1_n.bin']
North,2001,12,12,12.203,0, ['/ecs/DP1/PM/NSIDC-0051.001/2001.12.12/nt_20011212_f13_v1.1_n.bin']
North,2001,12,13,12.25,0, ['/ecs/DP1/PM/NSIDC-0051.001/2001.12.13/nt_20011213_f13_v1.1_n.bin']
North,2001,12,14,12.309,0, ['/ecs/DP1/PM/NSIDC-0051.001/2001.12.14/nt_20011214_f13_v1.1_n.bin']
North,2001,12,15,12.374,0, ['/ecs/DP1/PM/NSIDC-0051.001/2001.12.15/nt_20011215_f13_v1.1_n.bin']
North,2001,12,16,12.467,0, ['/ecs/DP1/PM/NSIDC-0051.001/2001.12.16/nt_20011216_f13_v1.1_n.bin']
North,2001,12,17,12.59,0, ['/ecs/DP1/PM/NSIDC-0051.001/2001.12.17/nt_20011217_f13_v1.1_n.bin']
North,2001,12,18,12.639,0, ['/ecs/DP1/PM/NSIDC-0051.001/2001.12.18/nt_20011218_f13_v1.1_n.bin']
North,2001,12,19,12.785,0, ['/ecs/DP1/PM/NSIDC-0051.001/2001.12.19/nt_20011219_f13_v1.1_n.bin']
North,2001,12,20,12.851,0, ['/ecs/DP1/PM/NSIDC-0051.001/2001.12.20/nt_20011220_f13_v1.1_n.bin']
North,2001,12,21,12.92,0, ['/ecs/DP1/PM/NSIDC-0051.001/2001.12.21/nt_20011221_f13_v1.1_n.bin']
North,2001,12,22,13.01,0, ['/ecs/DP1/PM/NSIDC-0051.001/2001.12.22/nt_20011222_f13_v1.1_n.bin']
North,2001,12,23,13.098,0, ['/ecs/DP1/PM/NSIDC-0051.001/2001.12.23/nt_20011223_f13_v1.1_n.bin']
North,2001,12,24,13.189,0, ['/ecs/DP1/PM/NSIDC-0051.001/2001.12.24/nt_20011224_f13_v1.1_n.bin']
North,2001,12,25,13.339,0, ['/ecs/DP1/PM/NSIDC-0051.001/2001.12.25/nt_20011225_f13_v1.1_n.bin']
North,2001,12,26,13.325,0, ['/ecs/DP1/PM/NSIDC-0051.001/2001.12.26/nt_20011226_f13_v1.1_n.bin']
North,2001,12,27,13.374,0, ['/ecs/DP1/PM/NSIDC-0051.001/2001.12.27/nt_20011227_f13_v1.1_n.bin']
North,2001,12,28,13.409,0, ['/ecs/DP1/PM/NSIDC-0051.001/2001.12.28/nt_20011228_f13_v1.1_n.bin']
North,2001,12,29,13.416,0, ['/ecs/DP1/PM/NSIDC-0051.001/2001.12.29/nt_20011229_f13_v1.1_n.bin']
North,2001,12,30,13.444,0, ['/ecs/DP1/PM/NSIDC-0051.001/2001.12.30/nt_20011230_f13_v1.1_n.bin']
North,2001,12,31,13.521,0, ['/ecs/DP1/PM/NSIDC-0051.001/2001.12.31/nt_20011231_f13_v1.1_n.bin']
North,2002,1,1,13.59,0, ['/ecs/DP1/PM/NSIDC-0051.001/2002.01.01/nt_20020101_f13_v1.1_n.bin']
North,2002,1,2,13.628,0, ['/ecs/DP1/PM/NSIDC-0051.001/2002.01.02/nt_20020102_f13_v1.1_n.bin']
North,2002,1,3,13.598,0, ['/ecs/DP1/PM/NSIDC-0051.001/2002.01.03/nt_20020103_f13_v1.1_n.bin']
North,2002,1,4,13.623,0, ['/ecs/DP1/PM/NSIDC-0051.001/2002.01.04/nt_20020104_f13_v1.1_n.bin']
North,2002,1,5,13.683,0, ['/ecs/DP1/PM/NSIDC-0051.001/2002.01.05/nt_20020105_f13_v1.1_n.bin']
North,2002,1,6,13.645,0, ['/ecs/DP1/PM/NSIDC-0051.001/2002.01.06/nt_20020106_f13_v1.1_n.bin']
North,2002,1,7,13.875,0, ['/ecs/DP1/PM/NSIDC-0051.001/2002.01.07/nt_20020107_f13_v1.1_n.bin']
North,2002,1,8,13.846,0, ['/ecs/DP1/PM/NSIDC-0051.001/2002.01.08/nt_20020108_f13_v1.1_n.bin']
North,2002,1,9,13.91,0, ['/ecs/DP1/PM/NSIDC-0051.001/2002.01.09/nt_20020109_f13_v1.1_n.bin']
North,2002,1,10,13.925,0, ['/ecs/DP1/PM/NSIDC-0051.001/2002.01.10/nt_20020110_f13_v1.1_n.bin']
North,2002,1,11,13.885,0, ['/ecs/DP1/PM/NSIDC-0051.001/2002.01.11/nt_20020111_f13_v1.1_n.bin']
North,2002,1,12,13.98,0, ['/ecs/DP1/PM/NSIDC-0051.001/2002.01.12/nt_20020112_f13_v1.1_n.bin']
North,2002,1,13,14.163,0, ['/ecs/DP1/PM/NSIDC-0051.001/2002.01.13/nt_20020113_f13_v1.1_n.bin']
North,2002,1,14,14.236,0, ['/ecs/DP1/PM/NSIDC-0051.001/2002.01.14/nt_20020114_f13_v1.1_n.bin']
North,2002,1,15,14.222,0, ['/ecs/DP1/PM/NSIDC-0051.001/2002.01.15/nt_20020115_f13_v1.1_n.bin']
North,2002,1,16,14.313,0, ['/ecs/DP1/PM/NSIDC-0051.001/2002.01.16/nt_20020116_f13_v1.1_n.bin']
North,2002,1,17,14.366,0, ['/ecs/DP1/PM/NSIDC-0051.001/2002.01.17/nt_20020117_f13_v1.1_n.bin']
North,2002,1,18,14.372,0, ['/ecs/DP1/PM/NSIDC-0051.001/2002.01.18/nt_20020118_f13_v1.1_n.bin']
North,2002,1,19,14.429,0, ['/ecs/DP1/PM/NSIDC-0051.001/2002.01.19/nt_20020119_f13_v1.1_n.bin']
North,2002,1,20,14.561,0, ['/ecs/DP1/PM/NSIDC-0051.001/2002.01.20/nt_20020120_f13_v1.1_n.bin']
North,2002,1,21,14.657,0, ['/ecs/DP1/PM/NSIDC-0051.001/2002.01.21/nt_20020121_f13_v1.1_n.bin']
North,2002,1,22,14.674,0, ['/ecs/DP1/PM/NSIDC-0051.001/2002.01.22/nt_20020122_f13_v1.1_n.bin']
North,2002,1,23,14.624,0, ['/ecs/DP1/PM/NSIDC-0051.001/2002.01.23/nt_20020123_f13_v1.1_n.bin']
North,2002,1,24,14.64,0, ['/ecs/DP1/PM/NSIDC-0051.001/2002.01.24/nt_20020124_f13_v1.1_n.bin']
North,2002,1,25,14.668,0, ['/ecs/DP1/PM/NSIDC-0051.001/2002.01.25/nt_20020125_f13_v1.1_n.bin']
North,2002,1,26,14.744,0, ['/ecs/DP1/PM/NSIDC-0051.001/2002.01.26/nt_20020126_f13_v1.1_n.bin']
North,2002,1,27,14.803,0, ['/ecs/DP1/PM/NSIDC-0051.001/2002.01.27/nt_20020127_f13_v1.1_n.bin']
North,2002,1,28,14.923,0, ['/ecs/DP1/PM/NSIDC-0051.001/2002.01.28/nt_20020128_f13_v1.1_n.bin']
North,2002,1,29,14.878,0, ['/ecs/DP1/PM/NSIDC-0051.001/2002.01.29/nt_20020129_f13_v1.1_n.bin']
North,2002,1,30,14.951,0, ['/ecs/DP1/PM/NSIDC-0051.001/2002.01.30/nt_20020130_f13_v1.1_n.bin']
North,2002,1,31,15.039,0, ['/ecs/DP1/PM/NSIDC-0051.001/2002.01.31/nt_20020131_f13_v1.1_n.bin']
North,2002,2,1,15.187,0, ['/ecs/DP1/PM/NSIDC-0051.001/2002.02.01/nt_20020201_f13_v1.1_n.bin']
North,2002,2,2,15.226,0, ['/ecs/DP1/PM/NSIDC-0051.001/2002.02.02/nt_20020202_f13_v1.1_n.bin']
North,2002,2,3,15.186,0, ['/ecs/DP1/PM/NSIDC-0051.001/2002.02.03/nt_20020203_f13_v1.1_n.bin']
North,2002,2,4,15.204,0, ['/ecs/DP1/PM/NSIDC-0051.001/2002.02.04/nt_20020204_f13_v1.1_n.bin']
North,2002,2,5,15.185,0, ['/ecs/DP1/PM/NSIDC-0051.001/2002.02.05/nt_20020205_f13_v1.1_n.bin']
North,2002,2,6,15.133,0, ['/ecs/DP1/PM/NSIDC-0051.001/2002.02.06/nt_20020206_f13_v1.1_n.bin']
North,2002,2,7,15.16,0, ['/ecs/DP1/PM/NSIDC-0051.001/2002.02.07/nt_20020207_f13_v1.1_n.bin']
North,2002,2,8,15.207,0, ['/ecs/DP1/PM/NSIDC-0051.001/2002.02.08/nt_20020208_f13_v1.1_n.bin']
North,2002,2,9,15.255,0, ['/ecs/DP1/PM/NSIDC-0051.001/2002.02.09/nt_20020209_f13_v1.1_n.bin']
North,2002,2,10,15.209,0, ['/ecs/DP1/PM/NSIDC-0051.001/2002.02.10/nt_20020210_f13_v1.1_n.bin']
North,2002,2,11,15.31,0, ['/ecs/DP1/PM/NSIDC-0051.001/2002.02.11/nt_20020211_f13_v1.1_n.bin']
North,2002,2,12,15.228,0, ['/ecs/DP1/PM/NSIDC-0051.001/2002.02.12/nt_20020212_f13_v1.1_n.bin']
North,2002,2,13,15.303,0, ['/ecs/DP1/PM/NSIDC-0051.001/2002.02.13/nt_20020213_f13_v1.1_n.bin']
North,2002,2,14,15.364,0, ['/ecs/DP1/PM/NSIDC-0051.001/2002.02.14/nt_20020214_f13_v1.1_n.bin']
North,2002,2,15,15.384,0, ['/ecs/DP1/PM/NSIDC-0051.001/2002.02.15/nt_20020215_f13_v1.1_n.bin']
North,2002,2,16,15.413,0, ['/ecs/DP1/PM/NSIDC-0051.001/2002.02.16/nt_20020216_f13_v1.1_n.bin']
North,2002,2,17,15.475,0, ['/ecs/DP1/PM/NSIDC-0051.001/2002.02.17/nt_20020217_f13_v1.1_n.bin']
North,2002,2,18,15.526,0, ['/ecs/DP1/PM/NSIDC-0051.001/2002.02.18/nt_20020218_f13_v1.1_n.bin']
North,2002,2,19,15.534,0, ['/ecs/DP1/PM/NSIDC-0051.001/2002.02.19/nt_20020219_f13_v1.1_n.bin']
North,2002,2,20,15.488,0, ['/ecs/DP1/PM/NSIDC-0051.001/2002.02.20/nt_20020220_f13_v1.1_n.bin']
North,2002,2,21,15.549,0, ['/ecs/DP1/PM/NSIDC-0051.001/2002.02.21/nt_20020221_f13_v1.1_n.bin']
North,2002,2,22,15.586,0, ['/ecs/DP1/PM/NSIDC-0051.001/2002.02.22/nt_20020222_f13_v1.1_n.bin']
North,2002,2,23,15.483,0, ['/ecs/DP1/PM/NSIDC-0051.001/2002.02.23/nt_20020223_f13_v1.1_n.bin']
North,2002,2,24,15.396,0, ['/ecs/DP1/PM/NSIDC-0051.001/2002.02.24/nt_20020224_f13_v1.1_n.bin']
North,2002,2,25,15.39,0, ['/ecs/DP1/PM/NSIDC-0051.001/2002.02.25/nt_20020225_f13_v1.1_n.bin']
North,2002,2,26,15.396,0, ['/ecs/DP1/PM/NSIDC-0051.001/2002.02.26/nt_20020226_f13_v1.1_n.bin']
North,2002,2,27,15.387,0, ['/ecs/DP1/PM/NSIDC-0051.001/2002.02.27/nt_20020227_f13_v1.1_n.bin']
North,2002,2,28,15.422,0, ['/ecs/DP1/PM/NSIDC-0051.001/2002.02.28/nt_20020228_f13_v1.1_n.bin']
North,2002,3,1,15.397,0, ['/ecs/DP1/PM/NSIDC-0051.001/2002.03.01/nt_20020301_f13_v1.1_n.bin']
North,2002,3,2,15.444,0, ['/ecs/DP1/PM/NSIDC-0051.001/2002.03.02/nt_20020302_f13_v1.1_n.bin']
North,2002,3,3,15.441,0, ['/ecs/DP1/PM/NSIDC-0051.001/2002.03.03/nt_20020303_f13_v1.1_n.bin']
North,2002,3,4,15.404,0, ['/ecs/DP1/PM/NSIDC-0051.001/2002.03.04/nt_20020304_f13_v1.1_n.bin']
North,2002,3,5,15.359,0, ['/ecs/DP1/PM/NSIDC-0051.001/2002.03.05/nt_20020305_f13_v1.1_n.bin']
North,2002,3,6,15.427,0, ['/ecs/DP1/PM/NSIDC-0051.001/2002.03.06/nt_20020306_f13_v1.1_n.bin']
North,2002,3,7,15.421,0, ['/ecs/DP1/PM/NSIDC-0051.001/2002.03.07/nt_20020307_f13_v1.1_n.bin']
North,2002,3,8,15.555,0, ['/ecs/DP1/PM/NSIDC-0051.001/2002.03.08/nt_20020308_f13_v1.1_n.bin']
North,2002,3,9,15.624,0, ['/ecs/DP1/PM/NSIDC-0051.001/2002.03.09/nt_20020309_f13_v1.1_n.bin']
North,2002,3,10,15.536,0, ['/ecs/DP1/PM/NSIDC-0051.001/2002.03.10/nt_20020310_f13_v1.1_n.bin']
North,2002,3,11,15.611,0, ['/ecs/DP1/PM/NSIDC-0051.001/2002.03.11/nt_20020311_f13_v1.1_n.bin']
North,2002,3,12,15.511,0, ['/ecs/DP1/PM/NSIDC-0051.001/2002.03.12/nt_20020312_f13_v1.1_n.bin']
North,2002,3,13,15.572,0, ['/ecs/DP1/PM/NSIDC-0051.001/2002.03.13/nt_20020313_f13_v1.1_n.bin']
North,2002,3,14,15.611,0, ['/ecs/DP1/PM/NSIDC-0051.001/2002.03.14/nt_20020314_f13_v1.1_n.bin']
North,2002,3,15,15.576,0, ['/ecs/DP1/PM/NSIDC-0051.001/2002.03.15/nt_20020315_f13_v1.1_n.bin']
North,2002,3,16,15.489,0, ['/ecs/DP1/PM/NSIDC-0051.001/2002.03.16/nt_20020316_f13_v1.1_n.bin']
North,2002,3,17,15.402,0, ['/ecs/DP1/PM/NSIDC-0051.001/2002.03.17/nt_20020317_f13_v1.1_n.bin']
North,2002,3,18,15.396,0, ['/ecs/DP1/PM/NSIDC-0051.001/2002.03.18/nt_20020318_f13_v1.1_n.bin']
North,2002,3,19,15.346,0, ['/ecs/DP1/PM/NSIDC-0051.001/2002.03.19/nt_20020319_f13_v1.1_n.bin']
North,2002,3,20,15.312,0, ['/ecs/DP1/PM/NSIDC-0051.001/2002.03.20/nt_20020320_f13_v1.1_n.bin']
North,2002,3,21,15.282,0, ['/ecs/DP1/PM/NSIDC-0051.001/2002.03.21/nt_20020321_f13_v1.1_n.bin']
North,2002,3,22,15.211,0, ['/ecs/DP1/PM/NSIDC-0051.001/2002.03.22/nt_20020322_f13_v1.1_n.bin']
North,2002,3,23,15.265,0, ['/ecs/DP1/PM/NSIDC-0051.001/2002.03.23/nt_20020323_f13_v1.1_n.bin']
North,2002,3,24,15.224,0, ['/ecs/DP1/PM/NSIDC-0051.001/2002.03.24/nt_20020324_f13_v1.1_n.bin']
North,2002,3,25,15.183,0, ['/ecs/DP1/PM/NSIDC-0051.001/2002.03.25/nt_20020325_f13_v1.1_n.bin']
North,2002,3,26,15.114,0, ['/ecs/DP1/PM/NSIDC-0051.001/2002.03.26/nt_20020326_f13_v1.1_n.bin']
North,2002,3,27,15.173,0, ['/ecs/DP1/PM/NSIDC-0051.001/2002.03.27/nt_20020327_f13_v1.1_n.bin']
North,2002,3,28,15.126,0, ['/ecs/DP1/PM/NSIDC-0051.001/2002.03.28/nt_20020328_f13_v1.1_n.bin']
North,2002,3,29,14.991,0, ['/ecs/DP1/PM/NSIDC-0051.001/2002.03.29/nt_20020329_f13_v1.1_n.bin']
North,2002,3,30,14.931,0, ['/ecs/DP1/PM/NSIDC-0051.001/2002.03.30/nt_20020330_f13_v1.1_n.bin']
North,2002,3,31,14.882,0, ['/ecs/DP1/PM/NSIDC-0051.001/2002.03.31/nt_20020331_f13_v1.1_n.bin']
North,2002,4,1,14.885,0, ['/ecs/DP1/PM/NSIDC-0051.001/2002.04.01/nt_20020401_f13_v1.1_n.bin']
North,2002,4,2,14.72,0, ['/ecs/DP1/PM/NSIDC-0051.001/2002.04.02/nt_20020402_f13_v1.1_n.bin']
North,2002,4,3,14.694,0, ['/ecs/DP1/PM/NSIDC-0051.001/2002.04.03/nt_20020403_f13_v1.1_n.bin']
North,2002,4,4,14.649,0, ['/ecs/DP1/PM/NSIDC-0051.001/2002.04.04/nt_20020404_f13_v1.1_n.bin']
North,2002,4,5,14.609,0, ['/ecs/DP1/PM/NSIDC-0051.001/2002.04.05/nt_20020405_f13_v1.1_n.bin']
North,2002,4,6,14.609,0, ['/ecs/DP1/PM/NSIDC-0051.001/2002.04.06/nt_20020406_f13_v1.1_n.bin']
North,2002,4,7,14.585,0, ['/ecs/DP1/PM/NSIDC-0051.001/2002.04.07/nt_20020407_f13_v1.1_n.bin']
North,2002,4,8,14.543,0, ['/ecs/DP1/PM/NSIDC-0051.001/2002.04.08/nt_20020408_f13_v1.1_n.bin']
North,2002,4,9,14.481,0, ['/ecs/DP1/PM/NSIDC-0051.001/2002.04.09/nt_20020409_f13_v1.1_n.bin']
North,2002,4,10,14.428,0, ['/ecs/DP1/PM/NSIDC-0051.001/2002.04.10/nt_20020410_f13_v1.1_n.bin']
North,2002,4,11,14.321,0, ['/ecs/DP1/PM/NSIDC-0051.001/2002.04.11/nt_20020411_f13_v1.1_n.bin']
North,2002,4,12,14.336,0, ['/ecs/DP1/PM/NSIDC-0051.001/2002.04.12/nt_20020412_f13_v1.1_n.bin']
North,2002,4,13,14.379,0, ['/ecs/DP1/PM/NSIDC-0051.001/2002.04.13/nt_20020413_f13_v1.1_n.bin']
North,2002,4,14,14.381,0, ['/ecs/DP1/PM/NSIDC-0051.001/2002.04.14/nt_20020414_f13_v1.1_n.bin']
North,2002,4,15,14.36,0, ['/ecs/DP1/PM/NSIDC-0051.001/2002.04.15/nt_20020415_f13_v1.1_n.bin']
North,2002,4,16,14.369,0, ['/ecs/DP1/PM/NSIDC-0051.001/2002.04.16/nt_20020416_f13_v1.1_n.bin']
North,2002,4,17,14.329,0, ['/ecs/DP1/PM/NSIDC-0051.001/2002.04.17/nt_20020417_f13_v1.1_n.bin']
North,2002,4,18,14.265,0, ['/ecs/DP1/PM/NSIDC-0051.001/2002.04.18/nt_20020418_f13_v1.1_n.bin']
North,2002,4,19,14.184,0, ['/ecs/DP1/PM/NSIDC-0051.001/2002.04.19/nt_20020419_f13_v1.1_n.bin']
North,2002,4,20,14.223,0, ['/ecs/DP1/PM/NSIDC-0051.001/2002.04.20/nt_20020420_f13_v1.1_n.bin']
North,2002,4,21,14.183,0, ['/ecs/DP1/PM/NSIDC-0051.001/2002.04.21/nt_20020421_f13_v1.1_n.bin']
North,2002,4,22,14.15,0, ['/ecs/DP1/PM/NSIDC-0051.001/2002.04.22/nt_20020422_f13_v1.1_n.bin']
North,2002,4,23,14.097,0, ['/ecs/DP1/PM/NSIDC-0051.001/2002.04.23/nt_20020423_f13_v1.1_n.bin']
North,2002,4,24,14.054,0, ['/ecs/DP1/PM/NSIDC-0051.001/2002.04.24/nt_20020424_f13_v1.1_n.bin']
North,2002,4,25,14.075,0, ['/ecs/DP1/PM/NSIDC-0051.001/2002.04.25/nt_20020425_f13_v1.1_n.bin']
North,2002,4,26,13.945,0, ['/ecs/DP1/PM/NSIDC-0051.001/2002.04.26/nt_20020426_f13_v1.1_n.bin']
North,2002,4,27,13.867,0, ['/ecs/DP1/PM/NSIDC-0051.001/2002.04.27/nt_20020427_f13_v1.1_n.bin']
North,2002,4,28,13.768,0, ['/ecs/DP1/PM/NSIDC-0051.001/2002.04.28/nt_20020428_f13_v1.1_n.bin']
North,2002,4,29,13.79,0, ['/ecs/DP1/PM/NSIDC-0051.001/2002.04.29/nt_20020429_f13_v1.1_n.bin']
North,2002,4,30,13.704,0, ['/ecs/DP1/PM/NSIDC-0051.001/2002.04.30/nt_20020430_f13_v1.1_n.bin']
North,2002,5,1,13.527,0, ['/ecs/DP1/PM/NSIDC-0051.001/2002.05.01/nt_20020501_f13_v1.1_n.bin']
North,2002,5,2,13.508,0, ['/ecs/DP1/PM/NSIDC-0051.001/2002.05.02/nt_20020502_f13_v1.1_n.bin']
North,2002,5,3,13.481,0, ['/ecs/DP1/PM/NSIDC-0051.001/2002.05.03/nt_20020503_f13_v1.1_n.bin']
North,2002,5,4,13.482,0, ['/ecs/DP1/PM/NSIDC-0051.001/2002.05.04/nt_20020504_f13_v1.1_n.bin']
North,2002,5,5,13.384,0, ['/ecs/DP1/PM/NSIDC-0051.001/2002.05.05/nt_20020505_f13_v1.1_n.bin']
North,2002,5,6,13.341,0, ['/ecs/DP1/PM/NSIDC-0051.001/2002.05.06/nt_20020506_f13_v1.1_n.bin']
North,2002,5,7,13.346,0, ['/ecs/DP1/PM/NSIDC-0051.001/2002.05.07/nt_20020507_f13_v1.1_n.bin']
North,2002,5,8,13.321,0, ['/ecs/DP1/PM/NSIDC-0051.001/2002.05.08/nt_20020508_f13_v1.1_n.bin']
North,2002,5,9,13.265,0, ['/ecs/DP1/PM/NSIDC-0051.001/2002.05.09/nt_20020509_f13_v1.1_n.bin']
North,2002,5,10,13.227,0, ['/ecs/DP1/PM/NSIDC-0051.001/2002.05.10/nt_20020510_f13_v1.1_n.bin']
North,2002,5,11,13.197,0, ['/ecs/DP1/PM/NSIDC-0051.001/2002.05.11/nt_20020511_f13_v1.1_n.bin']
North,2002,5,12,13.214,0, ['/ecs/DP1/PM/NSIDC-0051.001/2002.05.12/nt_20020512_f13_v1.1_n.bin']
North,2002,5,13,13.119,0, ['/ecs/DP1/PM/NSIDC-0051.001/2002.05.13/nt_20020513_f13_v1.1_n.bin']
North,2002,5,14,13.084,0, ['/ecs/DP1/PM/NSIDC-0051.001/2002.05.14/nt_20020514_f13_v1.1_n.bin']
North,2002,5,15,13.076,0, ['/ecs/DP1/PM/NSIDC-0051.001/2002.05.15/nt_20020515_f13_v1.1_n.bin']
North,2002,5,16,13.049,0, ['/ecs/DP1/PM/NSIDC-0051.001/2002.05.16/nt_20020516_f13_v1.1_n.bin']
North,2002,5,17,12.974,0, ['/ecs/DP1/PM/NSIDC-0051.001/2002.05.17/nt_20020517_f13_v1.1_n.bin']
North,2002,5,18,12.947,0, ['/ecs/DP1/PM/NSIDC-0051.001/2002.05.18/nt_20020518_f13_v1.1_n.bin']
North,2002,5,19,12.876,0, ['/ecs/DP1/PM/NSIDC-0051.001/2002.05.19/nt_20020519_f13_v1.1_n.bin']
North,2002,5,20,12.755,0, ['/ecs/DP1/PM/NSIDC-0051.001/2002.05.20/nt_20020520_f13_v1.1_n.bin']
North,2002,5,21,12.724,0, ['/ecs/DP1/PM/NSIDC-0051.001/2002.05.21/nt_20020521_f13_v1.1_n.bin']
North,2002,5,22,12.677,0, ['/ecs/DP1/PM/NSIDC-0051.001/2002.05.22/nt_20020522_f13_v1.1_n.bin']
North,2002,5,23,12.668,0, ['/ecs/DP1/PM/NSIDC-0051.001/2002.05.23/nt_20020523_f13_v1.1_n.bin']
North,2002,5,24,12.658,0, ['/ecs/DP1/PM/NSIDC-0051.001/2002.05.24/nt_20020524_f13_v1.1_n.bin']
North,2002,5,25,12.55,0, ['/ecs/DP1/PM/NSIDC-0051.001/2002.05.25/nt_20020525_f13_v1.1_n.bin']
North,2002,5,26,12.505,0, ['/ecs/DP1/PM/NSIDC-0051.001/2002.05.26/nt_20020526_f13_v1.1_n.bin']
North,2002,5,27,12.5,0, ['/ecs/DP1/PM/NSIDC-0051.001/2002.05.27/nt_20020527_f13_v1.1_n.bin']
North,2002,5,28,12.465,0, ['/ecs/DP1/PM/NSIDC-0051.001/2002.05.28/nt_20020528_f13_v1.1_n.bin']
North,2002,5,29,12.417,0, ['/ecs/DP1/PM/NSIDC-0051.001/2002.05.29/nt_20020529_f13_v1.1_n.bin']
North,2002,5,30,12.402,0, ['/ecs/DP1/PM/NSIDC-0051.001/2002.05.30/nt_20020530_f13_v1.1_n.bin']
North,2002,5,31,12.35,0, ['/ecs/DP1/PM/NSIDC-0051.001/2002.05.31/nt_20020531_f13_v1.1_n.bin']
North,2002,6,1,12.239,0, ['/ecs/DP1/PM/NSIDC-0051.001/2002.06.01/nt_20020601_f13_v1.1_n.bin']
North,2002,6,2,12.152,0, ['/ecs/DP1/PM/NSIDC-0051.001/2002.06.02/nt_20020602_f13_v1.1_n.bin']
North,2002,6,3,12.108,0, ['/ecs/DP1/PM/NSIDC-0051.001/2002.06.03/nt_20020603_f13_v1.1_n.bin']
North,2002,6,4,12.077,0, ['/ecs/DP1/PM/NSIDC-0051.001/2002.06.04/nt_20020604_f13_v1.1_n.bin']
North,2002,6,5,12,0, ['/ecs/DP1/PM/NSIDC-0051.001/2002.06.05/nt_20020605_f13_v1.1_n.bin']
North,2002,6,6,12.012,0, ['/ecs/DP1/PM/NSIDC-0051.001/2002.06.06/nt_20020606_f13_v1.1_n.bin']
North,2002,6,7,11.982,0, ['/ecs/DP1/PM/NSIDC-0051.001/2002.06.07/nt_20020607_f13_v1.1_n.bin']
North,2002,6,8,11.924,0, ['/ecs/DP1/PM/NSIDC-0051.001/2002.06.08/nt_20020608_f13_v1.1_n.bin']
North,2002,6,9,11.894,0, ['/ecs/DP1/PM/NSIDC-0051.001/2002.06.09/nt_20020609_f13_v1.1_n.bin']
North,2002,6,10,11.838,0, ['/ecs/DP1/PM/NSIDC-0051.001/2002.06.10/nt_20020610_f13_v1.1_n.bin']
North,2002,6,11,11.822,0, ['/ecs/DP1/PM/NSIDC-0051.001/2002.06.11/nt_20020611_f13_v1.1_n.bin']
North,2002,6,12,11.77,0, ['/ecs/DP1/PM/NSIDC-0051.001/2002.06.12/nt_20020612_f13_v1.1_n.bin']
North,2002,6,13,11.738,0, ['/ecs/DP1/PM/NSIDC-0051.001/2002.06.13/nt_20020613_f13_v1.1_n.bin']
North,2002,6,14,11.696,0, ['/ecs/DP1/PM/NSIDC-0051.001/2002.06.14/nt_20020614_f13_v1.1_n.bin']
North,2002,6,15,11.636,0, ['/ecs/DP1/PM/NSIDC-0051.001/2002.06.15/nt_20020615_f13_v1.1_n.bin']
North,2002,6,16,11.585,0, ['/ecs/DP1/PM/NSIDC-0051.001/2002.06.16/nt_20020616_f13_v1.1_n.bin']
North,2002,6,17,11.534,0, ['/ecs/DP1/PM/NSIDC-0051.001/2002.06.17/nt_20020617_f13_v1.1_n.bin']
North,2002,6,18,11.489,0, ['/ecs/DP1/PM/NSIDC-0051.001/2002.06.18/nt_20020618_f13_v1.1_n.bin']
North,2002,6,19,11.439,0, ['/ecs/DP1/PM/NSIDC-0051.001/2002.06.19/nt_20020619_f13_v1.1_n.bin']
North,2002,6,20,11.378,0, ['/ecs/DP1/PM/NSIDC-0051.001/2002.06.20/nt_20020620_f13_v1.1_n.bin']
North,2002,6,21,11.365,0, ['/ecs/DP1/PM/NSIDC-0051.001/2002.06.21/nt_20020621_f13_v1.1_n.bin']
North,2002,6,22,11.356,0, ['/ecs/DP1/PM/NSIDC-0051.001/2002.06.22/nt_20020622_f13_v1.1_n.bin']
North,2002,6,23,11.331,0, ['/ecs/DP1/PM/NSIDC-0051.001/2002.06.23/nt_20020623_f13_v1.1_n.bin']
North,2002,6,24,11.259,0, ['/ecs/DP1/PM/NSIDC-0051.001/2002.06.24/nt_20020624_f13_v1.1_n.bin']
North,2002,6,25,11.176,0, ['/ecs/DP1/PM/NSIDC-0051.001/2002.06.25/nt_20020625_f13_v1.1_n.bin']
North,2002,6,26,11.056,0, ['/ecs/DP1/PM/NSIDC-0051.001/2002.06.26/nt_20020626_f13_v1.1_n.bin']
North,2002,6,27,11.064,0, ['/ecs/DP1/PM/NSIDC-0051.001/2002.06.27/nt_20020627_f13_v1.1_n.bin']
North,2002,6,28,10.955,0, ['/ecs/DP1/PM/NSIDC-0051.001/2002.06.28/nt_20020628_f13_v1.1_n.bin']
North,2002,6,29,10.86,0, ['/ecs/DP1/PM/NSIDC-0051.001/2002.06.29/nt_20020629_f13_v1.1_n.bin']
North,2002,6,30,10.767,0, ['/ecs/DP1/PM/NSIDC-0051.001/2002.06.30/nt_20020630_f13_v1.1_n.bin']
North,2002,7,1,10.575,0, ['/ecs/DP1/PM/NSIDC-0051.001/2002.07.01/nt_20020701_f13_v1.1_n.bin']
North,2002,7,2,10.556,0, ['/ecs/DP1/PM/NSIDC-0051.001/2002.07.02/nt_20020702_f13_v1.1_n.bin']
North,2002,7,3,10.556,0, ['/ecs/DP1/PM/NSIDC-0051.001/2002.07.03/nt_20020703_f13_v1.1_n.bin']
North,2002,7,4,10.511,0, ['/ecs/DP1/PM/NSIDC-0051.001/2002.07.04/nt_20020704_f13_v1.1_n.bin']
North,2002,7,5,10.436,0, ['/ecs/DP1/PM/NSIDC-0051.001/2002.07.05/nt_20020705_f13_v1.1_n.bin']
North,2002,7,6,10.315,0, ['/ecs/DP1/PM/NSIDC-0051.001/2002.07.06/nt_20020706_f13_v1.1_n.bin']
North,2002,7,7,10.204,0, ['/ecs/DP1/PM/NSIDC-0051.001/2002.07.07/nt_20020707_f13_v1.1_n.bin']
North,2002,7,8,10.086,0, ['/ecs/DP1/PM/NSIDC-0051.001/2002.07.08/nt_20020708_f13_v1.1_n.bin']
North,2002,7,9,10.066,0, ['/ecs/DP1/PM/NSIDC-0051.001/2002.07.09/nt_20020709_f13_v1.1_n.bin']
North,2002,7,10,9.986,0, ['/ecs/DP1/PM/NSIDC-0051.001/2002.07.10/nt_20020710_f13_v1.1_n.bin']
North,2002,7,11,9.733,0, ['/ecs/DP1/PM/NSIDC-0051.001/2002.07.11/nt_20020711_f13_v1.1_n.bin']
North,2002,7,12,9.647,0, ['/ecs/DP1/PM/NSIDC-0051.001/2002.07.12/nt_20020712_f13_v1.1_n.bin']
North,2002,7,13,9.61,0, ['/ecs/DP1/PM/NSIDC-0051.001/2002.07.13/nt_20020713_f13_v1.1_n.bin']
North,2002,7,14,9.525,0, ['/ecs/DP1/PM/NSIDC-0051.001/2002.07.14/nt_20020714_f13_v1.1_n.bin']
North,2002,7,15,9.398,0, ['/ecs/DP1/PM/NSIDC-0051.001/2002.07.15/nt_20020715_f13_v1.1_n.bin']
North,2002,7,16,9.322,0, ['/ecs/DP1/PM/NSIDC-0051.001/2002.07.16/nt_20020716_f13_v1.1_n.bin']
North,2002,7,17,9.205,0, ['/ecs/DP1/PM/NSIDC-0051.001/2002.07.17/nt_20020717_f13_v1.1_n.bin']
North,2002,7,18,9.081,0, ['/ecs/DP1/PM/NSIDC-0051.001/2002.07.18/nt_20020718_f13_v1.1_n.bin']
North,2002,7,19,8.986,0, ['/ecs/DP1/PM/NSIDC-0051.001/2002.07.19/nt_20020719_f13_v1.1_n.bin']
North,2002,7,20,8.881,0, ['/ecs/DP1/PM/NSIDC-0051.001/2002.07.20/nt_20020720_f13_v1.1_n.bin']
North,2002,7,21,8.799,0, ['/ecs/DP1/PM/NSIDC-0051.001/2002.07.21/nt_20020721_f13_v1.1_n.bin']
North,2002,7,22,8.675,0, ['/ecs/DP1/PM/NSIDC-0051.001/2002.07.22/nt_20020722_f13_v1.1_n.bin']
North,2002,7,23,8.461,0, ['/ecs/DP1/PM/NSIDC-0051.001/2002.07.23/nt_20020723_f13_v1.1_n.bin']
North,2002,7,24,8.428,0, ['/ecs/DP1/PM/NSIDC-0051.001/2002.07.24/nt_20020724_f13_v1.1_n.bin']
North,2002,7,25,8.446,0, ['/ecs/DP1/PM/NSIDC-0051.001/2002.07.25/nt_20020725_f13_v1.1_n.bin']
North,2002,7,26,8.246,0, ['/ecs/DP1/PM/NSIDC-0051.001/2002.07.26/nt_20020726_f13_v1.1_n.bin']
North,2002,7,27,8.086,0, ['/ecs/DP1/PM/NSIDC-0051.001/2002.07.27/nt_20020727_f13_v1.1_n.bin']
North,2002,7,28,8.006,0, ['/ecs/DP1/PM/NSIDC-0051.001/2002.07.28/nt_20020728_f13_v1.1_n.bin']
North,2002,7,29,7.992,0, ['/ecs/DP1/PM/NSIDC-0051.001/2002.07.29/nt_20020729_f13_v1.1_n.bin']
North,2002,7,30,7.911,0, ['/ecs/DP1/PM/NSIDC-0051.001/2002.07.30/nt_20020730_f13_v1.1_n.bin']
North,2002,7,31,7.77,0, ['/ecs/DP1/PM/NSIDC-0051.001/2002.07.31/nt_20020731_f13_v1.1_n.bin']
North,2002,8,1,7.588,0, ['/ecs/DP1/PM/NSIDC-0051.001/2002.08.01/nt_20020801_f13_v1.1_n.bin']
North,2002,8,2,7.495,0, ['/ecs/DP1/PM/NSIDC-0051.001/2002.08.02/nt_20020802_f13_v1.1_n.bin']
North,2002,8,3,7.444,0, ['/ecs/DP1/PM/NSIDC-0051.001/2002.08.03/nt_20020803_f13_v1.1_n.bin']
North,2002,8,4,7.472,0, ['/ecs/DP1/PM/NSIDC-0051.001/2002.08.04/nt_20020804_f13_v1.1_n.bin']
North,2002,8,5,7.331,0, ['/ecs/DP1/PM/NSIDC-0051.001/2002.08.05/nt_20020805_f13_v1.1_n.bin']
North,2002,8,6,7.251,0, ['/ecs/DP1/PM/NSIDC-0051.001/2002.08.06/nt_20020806_f13_v1.1_n.bin']
North,2002,8,7,7.148,0, ['/ecs/DP1/PM/NSIDC-0051.001/2002.08.07/nt_20020807_f13_v1.1_n.bin']
North,2002,8,8,7.064,0, ['/ecs/DP1/PM/NSIDC-0051.001/2002.08.08/nt_20020808_f13_v1.1_n.bin']
North,2002,8,9,6.868,0, ['/ecs/DP1/PM/NSIDC-0051.001/2002.08.09/nt_20020809_f13_v1.1_n.bin']
North,2002,8,10,6.809,0, ['/ecs/DP1/PM/NSIDC-0051.001/2002.08.10/nt_20020810_f13_v1.1_n.bin']
North,2002,8,11,6.76,0, ['/ecs/DP1/PM/NSIDC-0051.001/2002.08.11/nt_20020811_f13_v1.1_n.bin']
North,2002,8,12,6.704,0, ['/ecs/DP1/PM/NSIDC-0051.001/2002.08.12/nt_20020812_f13_v1.1_n.bin']
North,2002,8,13,6.642,0, ['/ecs/DP1/PM/NSIDC-0051.001/2002.08.13/nt_20020813_f13_v1.1_n.bin']
North,2002,8,14,6.6,0, ['/ecs/DP1/PM/NSIDC-0051.001/2002.08.14/nt_20020814_f13_v1.1_n.bin']
North,2002,8,15,6.631,0, ['/ecs/DP1/PM/NSIDC-0051.001/2002.08.15/nt_20020815_f13_v1.1_n.bin']
North,2002,8,16,6.54,0, ['/ecs/DP1/PM/NSIDC-0051.001/2002.08.16/nt_20020816_f13_v1.1_n.bin']
North,2002,8,17,6.434,0, ['/ecs/DP1/PM/NSIDC-0051.001/2002.08.17/nt_20020817_f13_v1.1_n.bin']
North,2002,8,18,6.389,0, ['/ecs/DP1/PM/NSIDC-0051.001/2002.08.18/nt_20020818_f13_v1.1_n.bin']
North,2002,8,19,6.317,0, ['/ecs/DP1/PM/NSIDC-0051.001/2002.08.19/nt_20020819_f13_v1.1_n.bin']
North,2002,8,20,6.275,0, ['/ecs/DP1/PM/NSIDC-0051.001/2002.08.20/nt_20020820_f13_v1.1_n.bin']
North,2002,8,21,6.241,0, ['/ecs/DP1/PM/NSIDC-0051.001/2002.08.21/nt_20020821_f13_v1.1_n.bin']
North,2002,8,22,6.209,0, ['/ecs/DP1/PM/NSIDC-0051.001/2002.08.22/nt_20020822_f13_v1.1_n.bin']
North,2002,8,23,6.209,0, ['/ecs/DP1/PM/NSIDC-0051.001/2002.08.23/nt_20020823_f13_v1.1_n.bin']
North,2002,8,24,6.141,0, ['/ecs/DP1/PM/NSIDC-0051.001/2002.08.24/nt_20020824_f13_v1.1_n.bin']
North,2002,8,25,6.157,0, ['/ecs/DP1/PM/NSIDC-0051.001/2002.08.25/nt_20020825_f13_v1.1_n.bin']
North,2002,8,26,6.071,0, ['/ecs/DP1/PM/NSIDC-0051.001/2002.08.26/nt_20020826_f13_v1.1_n.bin']
North,2002,8,27,5.997,0, ['/ecs/DP1/PM/NSIDC-0051.001/2002.08.27/nt_20020827_f13_v1.1_n.bin']
North,2002,8,28,6.002,0, ['/ecs/DP1/PM/NSIDC-0051.001/2002.08.28/nt_20020828_f13_v1.1_n.bin']
North,2002,8,29,5.948,0, ['/ecs/DP1/PM/NSIDC-0051.001/2002.08.29/nt_20020829_f13_v1.1_n.bin']
North,2002,8,30,5.966,0, ['/ecs/DP1/PM/NSIDC-0051.001/2002.08.30/nt_20020830_f13_v1.1_n.bin']
North,2002,8,31,5.866,0, ['/ecs/DP1/PM/NSIDC-0051.001/2002.08.31/nt_20020831_f13_v1.1_n.bin']
North,2002,9,1,5.828,0, ['/ecs/DP1/PM/NSIDC-0051.001/2002.09.01/nt_20020901_f13_v1.1_n.bin']
North,2002,9,2,5.827,0, ['/ecs/DP1/PM/NSIDC-0051.001/2002.09.02/nt_20020902_f13_v1.1_n.bin']
North,2002,9,3,5.759,0, ['/ecs/DP1/PM/NSIDC-0051.001/2002.09.03/nt_20020903_f13_v1.1_n.bin']
North,2002,9,4,5.698,0, ['/ecs/DP1/PM/NSIDC-0051.001/2002.09.04/nt_20020904_f13_v1.1_n.bin']
North,2002,9,5,5.638,0, ['/ecs/DP1/PM/NSIDC-0051.001/2002.09.05/nt_20020905_f13_v1.1_n.bin']
North,2002,9,6,5.67,0, ['/ecs/DP1/PM/NSIDC-0051.001/2002.09.06/nt_20020906_f13_v1.1_n.bin']
North,2002,9,7,5.691,0, ['/ecs/DP1/PM/NSIDC-0051.001/2002.09.07/nt_20020907_f13_v1.1_n.bin']
North,2002,9,8,5.687,0, ['/ecs/DP1/PM/NSIDC-0051.001/2002.09.08/nt_20020908_f13_v1.1_n.bin']
North,2002,9,9,5.68,0, ['/ecs/DP1/PM/NSIDC-0051.001/2002.09.09/nt_20020909_f13_v1.1_n.bin']
North,2002,9,10,5.641,0, ['/ecs/DP1/PM/NSIDC-0051.001/2002.09.10/nt_20020910_f13_v1.1_n.bin']
North,2002,9,11,5.639,0, ['/ecs/DP1/PM/NSIDC-0051.001/2002.09.11/nt_20020911_f13_v1.1_n.bin']
North,2002,9,12,5.638,0, ['/ecs/DP1/PM/NSIDC-0051.001/2002.09.12/nt_20020912_f13_v1.1_n.bin']
North,2002,9,13,5.628,0, ['/ecs/DP1/PM/NSIDC-0051.001/2002.09.13/nt_20020913_f13_v1.1_n.bin']
North,2002,9,14,5.644,0, ['/ecs/DP1/PM/NSIDC-0051.001/2002.09.14/nt_20020914_f13_v1.1_n.bin']
North,2002,9,15,5.661,0, ['/ecs/DP1/PM/NSIDC-0051.001/2002.09.15/nt_20020915_f13_v1.1_n.bin']
North,2002,9,16,5.663,0, ['/ecs/DP1/PM/NSIDC-0051.001/2002.09.16/nt_20020916_f13_v1.1_n.bin']
North,2002,9,17,5.627,0, ['/ecs/DP1/PM/NSIDC-0051.001/2002.09.17/nt_20020917_f13_v1.1_n.bin']
North,2002,9,18,5.625,0, ['/ecs/DP1/PM/NSIDC-0051.001/2002.09.18/nt_20020918_f13_v1.1_n.bin']
North,2002,9,19,5.698,0, ['/ecs/DP1/PM/NSIDC-0051.001/2002.09.19/nt_20020919_f13_v1.1_n.bin']
North,2002,9,20,5.796,0, ['/ecs/DP1/PM/NSIDC-0051.001/2002.09.20/nt_20020920_f13_v1.1_n.bin']
North,2002,9,21,5.87,0, ['/ecs/DP1/PM/NSIDC-0051.001/2002.09.21/nt_20020921_f13_v1.1_n.bin']
North,2002,9,22,5.965,0, ['/ecs/DP1/PM/NSIDC-0051.001/2002.09.22/nt_20020922_f13_v1.1_n.bin']
North,2002,9,23,5.996,0, ['/ecs/DP1/PM/NSIDC-0051.001/2002.09.23/nt_20020923_f13_v1.1_n.bin']
North,2002,9,24,6.007,0, ['/ecs/DP1/PM/NSIDC-0051.001/2002.09.24/nt_20020924_f13_v1.1_n.bin']
North,2002,9,25,6.012,0, ['/ecs/DP1/PM/NSIDC-0051.001/2002.09.25/nt_20020925_f13_v1.1_n.bin']
North,2002,9,26,6.084,0, ['/ecs/DP1/PM/NSIDC-0051.001/2002.09.26/nt_20020926_f13_v1.1_n.bin']
North,2002,9,27,6.158,0, ['/ecs/DP1/PM/NSIDC-0051.001/2002.09.27/nt_20020927_f13_v1.1_n.bin']
North,2002,9,28,6.253,0, ['/ecs/DP1/PM/NSIDC-0051.001/2002.09.28/nt_20020928_f13_v1.1_n.bin']
North,2002,9,29,6.332,0, ['/ecs/DP1/PM/NSIDC-0051.001/2002.09.29/nt_20020929_f13_v1.1_n.bin']
North,2002,9,30,6.399,0, ['/ecs/DP1/PM/NSIDC-0051.001/2002.09.30/nt_20020930_f13_v1.1_n.bin']
North,2002,10,1,6.543,0, ['/ecs/DP1/PM/NSIDC-0051.001/2002.10.01/nt_20021001_f13_v1.1_n.bin']
North,2002,10,2,6.656,0, ['/ecs/DP1/PM/NSIDC-0051.001/2002.10.02/nt_20021002_f13_v1.1_n.bin']
North,2002,10,3,6.869,0, ['/ecs/DP1/PM/NSIDC-0051.001/2002.10.03/nt_20021003_f13_v1.1_n.bin']
North,2002,10,4,7.085,0, ['/ecs/DP1/PM/NSIDC-0051.001/2002.10.04/nt_20021004_f13_v1.1_n.bin']
North,2002,10,5,7.218,0, ['/ecs/DP1/PM/NSIDC-0051.001/2002.10.05/nt_20021005_f13_v1.1_n.bin']
North,2002,10,6,7.303,0, ['/ecs/DP1/PM/NSIDC-0051.001/2002.10.06/nt_20021006_f13_v1.1_n.bin']
North,2002,10,7,7.467,0, ['/ecs/DP1/PM/NSIDC-0051.001/2002.10.07/nt_20021007_f13_v1.1_n.bin']
North,2002,10,8,7.547,0, ['/ecs/DP1/PM/NSIDC-0051.001/2002.10.08/nt_20021008_f13_v1.1_n.bin']
North,2002,10,9,7.647,0, ['/ecs/DP1/PM/NSIDC-0051.001/2002.10.09/nt_20021009_f13_v1.1_n.bin']
North,2002,10,10,7.722,0, ['/ecs/DP1/PM/NSIDC-0051.001/2002.10.10/nt_20021010_f13_v1.1_n.bin']
North,2002,10,11,7.853,0, ['/ecs/DP1/PM/NSIDC-0051.001/2002.10.11/nt_20021011_f13_v1.1_n.bin']
North,2002,10,12,7.967,0, ['/ecs/DP1/PM/NSIDC-0051.001/2002.10.12/nt_20021012_f13_v1.1_n.bin']
North,2002,10,13,8.025,0, ['/ecs/DP1/PM/NSIDC-0051.001/2002.10.13/nt_20021013_f13_v1.1_n.bin']
North,2002,10,14,8.1,0, ['/ecs/DP1/PM/NSIDC-0051.001/2002.10.14/nt_20021014_f13_v1.1_n.bin']
North,2002,10,15,8.164,0, ['/ecs/DP1/PM/NSIDC-0051.001/2002.10.15/nt_20021015_f13_v1.1_n.bin']
North,2002,10,16,8.196,0, ['/ecs/DP1/PM/NSIDC-0051.001/2002.10.16/nt_20021016_f13_v1.1_n.bin']
North,2002,10,17,8.26,0, ['/ecs/DP1/PM/NSIDC-0051.001/2002.10.17/nt_20021017_f13_v1.1_n.bin']
North,2002,10,18,8.358,0, ['/ecs/DP1/PM/NSIDC-0051.001/2002.10.18/nt_20021018_f13_v1.1_n.bin']
North,2002,10,19,8.452,0, ['/ecs/DP1/PM/NSIDC-0051.001/2002.10.19/nt_20021019_f13_v1.1_n.bin']
North,2002,10,20,8.583,0, ['/ecs/DP1/PM/NSIDC-0051.001/2002.10.20/nt_20021020_f13_v1.1_n.bin']
North,2002,10,21,8.644,0, ['/ecs/DP1/PM/NSIDC-0051.001/2002.10.21/nt_20021021_f13_v1.1_n.bin']
North,2002,10,22,8.777,0, ['/ecs/DP1/PM/NSIDC-0051.001/2002.10.22/nt_20021022_f13_v1.1_n.bin']
North,2002,10,23,8.89,0, ['/ecs/DP1/PM/NSIDC-0051.001/2002.10.23/nt_20021023_f13_v1.1_n.bin']
North,2002,10,24,8.919,0, ['/ecs/DP1/PM/NSIDC-0051.001/2002.10.24/nt_20021024_f13_v1.1_n.bin']
North,2002,10,25,8.976,0, ['/ecs/DP1/PM/NSIDC-0051.001/2002.10.25/nt_20021025_f13_v1.1_n.bin']
North,2002,10,26,9.062,0, ['/ecs/DP1/PM/NSIDC-0051.001/2002.10.26/nt_20021026_f13_v1.1_n.bin']
North,2002,10,27,9.079,0, ['/ecs/DP1/PM/NSIDC-0051.001/2002.10.27/nt_20021027_f13_v1.1_n.bin']
North,2002,10,28,9.132,0, ['/ecs/DP1/PM/NSIDC-0051.001/2002.10.28/nt_20021028_f13_v1.1_n.bin']
North,2002,10,29,9.179,0, ['/ecs/DP1/PM/NSIDC-0051.001/2002.10.29/nt_20021029_f13_v1.1_n.bin']
North,2002,10,30,9.177,0, ['/ecs/DP1/PM/NSIDC-0051.001/2002.10.30/nt_20021030_f13_v1.1_n.bin']
North,2002,10,31,9.169,0, ['/ecs/DP1/PM/NSIDC-0051.001/2002.10.31/nt_20021031_f13_v1.1_n.bin']
North,2002,11,1,9.299,0, ['/ecs/DP1/PM/NSIDC-0051.001/2002.11.01/nt_20021101_f13_v1.1_n.bin']
North,2002,11,2,9.424,0, ['/ecs/DP1/PM/NSIDC-0051.001/2002.11.02/nt_20021102_f13_v1.1_n.bin']
North,2002,11,3,9.511,0, ['/ecs/DP1/PM/NSIDC-0051.001/2002.11.03/nt_20021103_f13_v1.1_n.bin']
North,2002,11,4,9.573,0, ['/ecs/DP1/PM/NSIDC-0051.001/2002.11.04/nt_20021104_f13_v1.1_n.bin']
North,2002,11,5,9.576,0, ['/ecs/DP1/PM/NSIDC-0051.001/2002.11.05/nt_20021105_f13_v1.1_n.bin']
North,2002,11,6,9.611,0, ['/ecs/DP1/PM/NSIDC-0051.001/2002.11.06/nt_20021106_f13_v1.1_n.bin']
North,2002,11,7,9.587,0, ['/ecs/DP1/PM/NSIDC-0051.001/2002.11.07/nt_20021107_f13_v1.1_n.bin']
North,2002,11,8,9.629,0, ['/ecs/DP1/PM/NSIDC-0051.001/2002.11.08/nt_20021108_f13_v1.1_n.bin']
North,2002,11,9,9.743,0, ['/ecs/DP1/PM/NSIDC-0051.001/2002.11.09/nt_20021109_f13_v1.1_n.bin']
North,2002,11,10,9.852,0, ['/ecs/DP1/PM/NSIDC-0051.001/2002.11.10/nt_20021110_f13_v1.1_n.bin']
North,2002,11,11,9.874,0, ['/ecs/DP1/PM/NSIDC-0051.001/2002.11.11/nt_20021111_f13_v1.1_n.bin']
North,2002,11,12,9.967,0, ['/ecs/DP1/PM/NSIDC-0051.001/2002.11.12/nt_20021112_f13_v1.1_n.bin']
North,2002,11,13,10.048,0, ['/ecs/DP1/PM/NSIDC-0051.001/2002.11.13/nt_20021113_f13_v1.1_n.bin']
North,2002,11,14,10.096,0, ['/ecs/DP1/PM/NSIDC-0051.001/2002.11.14/nt_20021114_f13_v1.1_n.bin']
North,2002,11,15,10.19,0, ['/ecs/DP1/PM/NSIDC-0051.001/2002.11.15/nt_20021115_f13_v1.1_n.bin']
North,2002,11,16,10.364,0, ['/ecs/DP1/PM/NSIDC-0051.001/2002.11.16/nt_20021116_f13_v1.1_n.bin']
North,2002,11,17,10.587,0, ['/ecs/DP1/PM/NSIDC-0051.001/2002.11.17/nt_20021117_f13_v1.1_n.bin']
North,2002,11,18,10.594,0, ['/ecs/DP1/PM/NSIDC-0051.001/2002.11.18/nt_20021118_f13_v1.1_n.bin']
North,2002,11,19,10.585,0, ['/ecs/DP1/PM/NSIDC-0051.001/2002.11.19/nt_20021119_f13_v1.1_n.bin']
North,2002,11,20,10.593,0, ['/ecs/DP1/PM/NSIDC-0051.001/2002.11.20/nt_20021120_f13_v1.1_n.bin']
North,2002,11,21,10.687,0, ['/ecs/DP1/PM/NSIDC-0051.001/2002.11.21/nt_20021121_f13_v1.1_n.bin']
North,2002,11,22,10.805,0, ['/ecs/DP1/PM/NSIDC-0051.001/2002.11.22/nt_20021122_f13_v1.1_n.bin']
North,2002,11,23,10.883,0, ['/ecs/DP1/PM/NSIDC-0051.001/2002.11.23/nt_20021123_f13_v1.1_n.bin']
North,2002,11,24,11.004,0, ['/ecs/DP1/PM/NSIDC-0051.001/2002.11.24/nt_20021124_f13_v1.1_n.bin']
North,2002,11,25,11.06,0, ['/ecs/DP1/PM/NSIDC-0051.001/2002.11.25/nt_20021125_f13_v1.1_n.bin']
North,2002,11,26,11.213,0, ['/ecs/DP1/PM/NSIDC-0051.001/2002.11.26/nt_20021126_f13_v1.1_n.bin']
North,2002,11,27,11.377,0, ['/ecs/DP1/PM/NSIDC-0051.001/2002.11.27/nt_20021127_f13_v1.1_n.bin']
North,2002,11,28,11.476,0, ['/ecs/DP1/PM/NSIDC-0051.001/2002.11.28/nt_20021128_f13_v1.1_n.bin']
North,2002,11,29,11.499,0, ['/ecs/DP1/PM/NSIDC-0051.001/2002.11.29/nt_20021129_f13_v1.1_n.bin']
North,2002,11,30,11.549,0, ['/ecs/DP1/PM/NSIDC-0051.001/2002.11.30/nt_20021130_f13_v1.1_n.bin']
North,2002,12,1,11.728,0, ['/ecs/DP1/PM/NSIDC-0051.001/2002.12.01/nt_20021201_f13_v1.1_n.bin']
North,2002,12,2,11.785,0, ['/ecs/DP1/PM/NSIDC-0051.001/2002.12.02/nt_20021202_f13_v1.1_n.bin']
North,2002,12,3,11.874,0, ['/ecs/DP1/PM/NSIDC-0051.001/2002.12.03/nt_20021203_f13_v1.1_n.bin']
North,2002,12,4,11.909,0, ['/ecs/DP1/PM/NSIDC-0051.001/2002.12.04/nt_20021204_f13_v1.1_n.bin']
North,2002,12,5,11.978,0, ['/ecs/DP1/PM/NSIDC-0051.001/2002.12.05/nt_20021205_f13_v1.1_n.bin']
North,2002,12,6,11.981,0, ['/ecs/DP1/PM/NSIDC-0051.001/2002.12.06/nt_20021206_f13_v1.1_n.bin']
North,2002,12,7,11.966,0, ['/ecs/DP1/PM/NSIDC-0051.001/2002.12.07/nt_20021207_f13_v1.1_n.bin']
North,2002,12,8,11.972,0, ['/ecs/DP1/PM/NSIDC-0051.001/2002.12.08/nt_20021208_f13_v1.1_n.bin']
North,2002,12,9,12.118,0, ['/ecs/DP1/PM/NSIDC-0051.001/2002.12.09/nt_20021209_f13_v1.1_n.bin']
North,2002,12,10,12.188,0, ['/ecs/DP1/PM/NSIDC-0051.001/2002.12.10/nt_20021210_f13_v1.1_n.bin']
North,2002,12,11,12.239,0, ['/ecs/DP1/PM/NSIDC-0051.001/2002.12.11/nt_20021211_f13_v1.1_n.bin']
North,2002,12,12,12.32,0, ['/ecs/DP1/PM/NSIDC-0051.001/2002.12.12/nt_20021212_f13_v1.1_n.bin']
North,2002,12,13,12.38,0, ['/ecs/DP1/PM/NSIDC-0051.001/2002.12.13/nt_20021213_f13_v1.1_n.bin']
North,2002,12,14,12.487,0, ['/ecs/DP1/PM/NSIDC-0051.001/2002.12.14/nt_20021214_f13_v1.1_n.bin']
North,2002,12,15,12.572,0, ['/ecs/DP1/PM/NSIDC-0051.001/2002.12.15/nt_20021215_f13_v1.1_n.bin']
North,2002,12,16,12.666,0, ['/ecs/DP1/PM/NSIDC-0051.001/2002.12.16/nt_20021216_f13_v1.1_n.bin']
North,2002,12,17,12.715,0, ['/ecs/DP1/PM/NSIDC-0051.001/2002.12.17/nt_20021217_f13_v1.1_n.bin']
North,2002,12,18,12.922,0, ['/ecs/DP1/PM/NSIDC-0051.001/2002.12.18/nt_20021218_f13_v1.1_n.bin']
North,2002,12,19,12.925,0, ['/ecs/DP1/PM/NSIDC-0051.001/2002.12.19/nt_20021219_f13_v1.1_n.bin']
North,2002,12,20,12.837,0, ['/ecs/DP1/PM/NSIDC-0051.001/2002.12.20/nt_20021220_f13_v1.1_n.bin']
North,2002,12,21,12.878,0, ['/ecs/DP1/PM/NSIDC-0051.001/2002.12.21/nt_20021221_f13_v1.1_n.bin']
North,2002,12,22,12.909,0, ['/ecs/DP1/PM/NSIDC-0051.001/2002.12.22/nt_20021222_f13_v1.1_n.bin']
North,2002,12,23,12.998,0, ['/ecs/DP1/PM/NSIDC-0051.001/2002.12.23/nt_20021223_f13_v1.1_n.bin']
North,2002,12,24,13.091,0, ['/ecs/DP1/PM/NSIDC-0051.001/2002.12.24/nt_20021224_f13_v1.1_n.bin']
North,2002,12,25,13.112,0, ['/ecs/DP1/PM/NSIDC-0051.001/2002.12.25/nt_20021225_f13_v1.1_n.bin']
North,2002,12,26,13.206,0, ['/ecs/DP1/PM/NSIDC-0051.001/2002.12.26/nt_20021226_f13_v1.1_n.bin']
North,2002,12,27,13.376,0, ['/ecs/DP1/PM/NSIDC-0051.001/2002.12.27/nt_20021227_f13_v1.1_n.bin']
North,2002,12,28,13.366,0, ['/ecs/DP1/PM/NSIDC-0051.001/2002.12.28/nt_20021228_f13_v1.1_n.bin']
North,2002,12,29,13.377,0, ['/ecs/DP1/PM/NSIDC-0051.001/2002.12.29/nt_20021229_f13_v1.1_n.bin']
North,2002,12,30,13.483,0, ['/ecs/DP1/PM/NSIDC-0051.001/2002.12.30/nt_20021230_f13_v1.1_n.bin']
North,2002,12,31,13.504,0, ['/ecs/DP1/PM/NSIDC-0051.001/2002.12.31/nt_20021231_f13_v1.1_n.bin']
North,2003,1,1,13.647,0, ['/ecs/DP1/PM/NSIDC-0051.001/2003.01.01/nt_20030101_f13_v1.1_n.bin']
North,2003,1,2,13.698,0, ['/ecs/DP1/PM/NSIDC-0051.001/2003.01.02/nt_20030102_f13_v1.1_n.bin']
North,2003,1,3,13.876,0, ['/ecs/DP1/PM/NSIDC-0051.001/2003.01.03/nt_20030103_f13_v1.1_n.bin']
North,2003,1,4,13.925,0, ['/ecs/DP1/PM/NSIDC-0051.001/2003.01.04/nt_20030104_f13_v1.1_n.bin']
North,2003,1,5,14.036,0, ['/ecs/DP1/PM/NSIDC-0051.001/2003.01.05/nt_20030105_f13_v1.1_n.bin']
North,2003,1,6,14.075,0, ['/ecs/DP1/PM/NSIDC-0051.001/2003.01.06/nt_20030106_f13_v1.1_n.bin']
North,2003,1,7,14.092,0, ['/ecs/DP1/PM/NSIDC-0051.001/2003.01.07/nt_20030107_f13_v1.1_n.bin']
North,2003,1,8,14.12,0, ['/ecs/DP1/PM/NSIDC-0051.001/2003.01.08/nt_20030108_f13_v1.1_n.bin']
North,2003,1,9,14.094,0, ['/ecs/DP1/PM/NSIDC-0051.001/2003.01.09/nt_20030109_f13_v1.1_n.bin']
North,2003,1,10,14.126,0, ['/ecs/DP1/PM/NSIDC-0051.001/2003.01.10/nt_20030110_f13_v1.1_n.bin']
North,2003,1,11,14.219,0, ['/ecs/DP1/PM/NSIDC-0051.001/2003.01.11/nt_20030111_f13_v1.1_n.bin']
North,2003,1,12,14.278,0, ['/ecs/DP1/PM/NSIDC-0051.001/2003.01.12/nt_20030112_f13_v1.1_n.bin']
North,2003,1,13,14.285,0, ['/ecs/DP1/PM/NSIDC-0051.001/2003.01.13/nt_20030113_f13_v1.1_n.bin']
North,2003,1,14,14.395,0, ['/ecs/DP1/PM/NSIDC-0051.001/2003.01.14/nt_20030114_f13_v1.1_n.bin']
North,2003,1,15,14.424,0, ['/ecs/DP1/PM/NSIDC-0051.001/2003.01.15/nt_20030115_f13_v1.1_n.bin']
North,2003,1,16,14.518,0, ['/ecs/DP1/PM/NSIDC-0051.001/2003.01.16/nt_20030116_f13_v1.1_n.bin']
North,2003,1,17,14.584,0, ['/ecs/DP1/PM/NSIDC-0051.001/2003.01.17/nt_20030117_f13_v1.1_n.bin']
North,2003,1,18,14.638,0, ['/ecs/DP1/PM/NSIDC-0051.001/2003.01.18/nt_20030118_f13_v1.1_n.bin']
North,2003,1,19,14.684,0, ['/ecs/DP1/PM/NSIDC-0051.001/2003.01.19/nt_20030119_f13_v1.1_n.bin']
North,2003,1,20,14.796,0, ['/ecs/DP1/PM/NSIDC-0051.001/2003.01.20/nt_20030120_f13_v1.1_n.bin']
North,2003,1,21,14.739,0, ['/ecs/DP1/PM/NSIDC-0051.001/2003.01.21/nt_20030121_f13_v1.1_n.bin']
North,2003,1,22,14.555,0, ['/ecs/DP1/PM/NSIDC-0051.001/2003.01.22/nt_20030122_f13_v1.1_n.bin']
North,2003,1,23,14.481,0, ['/ecs/DP1/PM/NSIDC-0051.001/2003.01.23/nt_20030123_f13_v1.1_n.bin']
North,2003,1,24,14.528,0, ['/ecs/DP1/PM/NSIDC-0051.001/2003.01.24/nt_20030124_f13_v1.1_n.bin']
North,2003,1,25,14.585,0, ['/ecs/DP1/PM/NSIDC-0051.001/2003.01.25/nt_20030125_f13_v1.1_n.bin']
North,2003,1,26,14.583,0, ['/ecs/DP1/PM/NSIDC-0051.001/2003.01.26/nt_20030126_f13_v1.1_n.bin']
North,2003,1,27,14.791,0, ['/ecs/DP1/PM/NSIDC-0051.001/2003.01.27/nt_20030127_f13_v1.1_n.bin']
North,2003,1,28,14.891,0, ['/ecs/DP1/PM/NSIDC-0051.001/2003.01.28/nt_20030128_f13_v1.1_n.bin']
North,2003,1,29,14.771,0, ['/ecs/DP1/PM/NSIDC-0051.001/2003.01.29/nt_20030129_f13_v1.1_n.bin']
North,2003,1,30,14.811,0, ['/ecs/DP1/PM/NSIDC-0051.001/2003.01.30/nt_20030130_f13_v1.1_n.bin']
North,2003,1,31,14.871,0, ['/ecs/DP1/PM/NSIDC-0051.001/2003.01.31/nt_20030131_f13_v1.1_n.bin']
North,2003,2,1,14.946,0, ['/ecs/DP1/PM/NSIDC-0051.001/2003.02.01/nt_20030201_f13_v1.1_n.bin']
North,2003,2,2,14.954,0, ['/ecs/DP1/PM/NSIDC-0051.001/2003.02.02/nt_20030202_f13_v1.1_n.bin']
North,2003,2,3,14.889,0, ['/ecs/DP1/PM/NSIDC-0051.001/2003.02.03/nt_20030203_f13_v1.1_n.bin']
North,2003,2,4,14.876,0, ['/ecs/DP1/PM/NSIDC-0051.001/2003.02.04/nt_20030204_f13_v1.1_n.bin']
North,2003,2,5,14.905,0, ['/ecs/DP1/PM/NSIDC-0051.001/2003.02.05/nt_20030205_f13_v1.1_n.bin']
North,2003,2,6,14.834,0, ['/ecs/DP1/PM/NSIDC-0051.001/2003.02.06/nt_20030206_f13_v1.1_n.bin']
North,2003,2,7,14.942,0, ['/ecs/DP1/PM/NSIDC-0051.001/2003.02.07/nt_20030207_f13_v1.1_n.bin']
North,2003,2,8,14.975,0, ['/ecs/DP1/PM/NSIDC-0051.001/2003.02.08/nt_20030208_f13_v1.1_n.bin']
North,2003,2,9,14.996,0, ['/ecs/DP1/PM/NSIDC-0051.001/2003.02.09/nt_20030209_f13_v1.1_n.bin']
North,2003,2,10,15.003,0, ['/ecs/DP1/PM/NSIDC-0051.001/2003.02.10/nt_20030210_f13_v1.1_n.bin']
North,2003,2,11,15.057,0, ['/ecs/DP1/PM/NSIDC-0051.001/2003.02.11/nt_20030211_f13_v1.1_n.bin']
North,2003,2,12,15.078,0, ['/ecs/DP1/PM/NSIDC-0051.001/2003.02.12/nt_20030212_f13_v1.1_n.bin']
North,2003,2,13,15.142,0, ['/ecs/DP1/PM/NSIDC-0051.001/2003.02.13/nt_20030213_f13_v1.1_n.bin']
North,2003,2,14,15.139,0, ['/ecs/DP1/PM/NSIDC-0051.001/2003.02.14/nt_20030214_f13_v1.1_n.bin']
North,2003,2,15,15.212,0, ['/ecs/DP1/PM/NSIDC-0051.001/2003.02.15/nt_20030215_f13_v1.1_n.bin']
North,2003,2,16,15.306,0, ['/ecs/DP1/PM/NSIDC-0051.001/2003.02.16/nt_20030216_f13_v1.1_n.bin']
North,2003,2,17,15.345,0, ['/ecs/DP1/PM/NSIDC-0051.001/2003.02.17/nt_20030217_f13_v1.1_n.bin']
North,2003,2,18,15.354,0, ['/ecs/DP1/PM/NSIDC-0051.001/2003.02.18/nt_20030218_f13_v1.1_n.bin']
North,2003,2,19,15.359,0, ['/ecs/DP1/PM/NSIDC-0051.001/2003.02.19/nt_20030219_f13_v1.1_n.bin']
North,2003,2,20,15.386,0, ['/ecs/DP1/PM/NSIDC-0051.001/2003.02.20/nt_20030220_f13_v1.1_n.bin']
North,2003,2,21,15.461,0, ['/ecs/DP1/PM/NSIDC-0051.001/2003.02.21/nt_20030221_f13_v1.1_n.bin']
North,2003,2,22,15.443,0, ['/ecs/DP1/PM/NSIDC-0051.001/2003.02.22/nt_20030222_f13_v1.1_n.bin']
North,2003,2,23,15.438,0, ['/ecs/DP1/PM/NSIDC-0051.001/2003.02.23/nt_20030223_f13_v1.1_n.bin']
North,2003,2,24,15.439,0, ['/ecs/DP1/PM/NSIDC-0051.001/2003.02.24/nt_20030224_f13_v1.1_n.bin']
North,2003,2,25,15.41,0, ['/ecs/DP1/PM/NSIDC-0051.001/2003.02.25/nt_20030225_f13_v1.1_n.bin']
North,2003,2,26,15.506,0, ['/ecs/DP1/PM/NSIDC-0051.001/2003.02.26/nt_20030226_f13_v1.1_n.bin']
North,2003,2,27,15.495,0, ['/ecs/DP1/PM/NSIDC-0051.001/2003.02.27/nt_20030227_f13_v1.1_n.bin']
North,2003,2,28,15.518,0, ['/ecs/DP1/PM/NSIDC-0051.001/2003.02.28/nt_20030228_f13_v1.1_n.bin']
North,2003,3,1,15.555,0, ['/ecs/DP1/PM/NSIDC-0051.001/2003.03.01/nt_20030301_f13_v1.1_n.bin']
North,2003,3,2,15.61,0, ['/ecs/DP1/PM/NSIDC-0051.001/2003.03.02/nt_20030302_f13_v1.1_n.bin']
North,2003,3,3,15.616,0, ['/ecs/DP1/PM/NSIDC-0051.001/2003.03.03/nt_20030303_f13_v1.1_n.bin']
North,2003,3,4,15.524,0, ['/ecs/DP1/PM/NSIDC-0051.001/2003.03.04/nt_20030304_f13_v1.1_n.bin']
North,2003,3,5,15.472,0, ['/ecs/DP1/PM/NSIDC-0051.001/2003.03.05/nt_20030305_f13_v1.1_n.bin']
North,2003,3,6,15.44,0, ['/ecs/DP1/PM/NSIDC-0051.001/2003.03.06/nt_20030306_f13_v1.1_n.bin']
North,2003,3,7,15.443,0, ['/ecs/DP1/PM/NSIDC-0051.001/2003.03.07/nt_20030307_f13_v1.1_n.bin']
North,2003,3,8,15.438,0, ['/ecs/DP1/PM/NSIDC-0051.001/2003.03.08/nt_20030308_f13_v1.1_n.bin']
North,2003,3,9,15.381,0, ['/ecs/DP1/PM/NSIDC-0051.001/2003.03.09/nt_20030309_f13_v1.1_n.bin']
North,2003,3,10,15.326,0, ['/ecs/DP1/PM/NSIDC-0051.001/2003.03.10/nt_20030310_f13_v1.1_n.bin']
North,2003,3,11,15.347,0, ['/ecs/DP1/PM/NSIDC-0051.001/2003.03.11/nt_20030311_f13_v1.1_n.bin']
North,2003,3,12,15.32,0, ['/ecs/DP1/PM/NSIDC-0051.001/2003.03.12/nt_20030312_f13_v1.1_n.bin']
North,2003,3,13,15.278,0, ['/ecs/DP1/PM/NSIDC-0051.001/2003.03.13/nt_20030313_f13_v1.1_n.bin']
North,2003,3,14,15.331,0, ['/ecs/DP1/PM/NSIDC-0051.001/2003.03.14/nt_20030314_f13_v1.1_n.bin']
North,2003,3,15,15.4,0, ['/ecs/DP1/PM/NSIDC-0051.001/2003.03.15/nt_20030315_f13_v1.1_n.bin']
North,2003,3,16,15.433,0, ['/ecs/DP1/PM/NSIDC-0051.001/2003.03.16/nt_20030316_f13_v1.1_n.bin']
North,2003,3,17,15.485,0, ['/ecs/DP1/PM/NSIDC-0051.001/2003.03.17/nt_20030317_f13_v1.1_n.bin']
North,2003,3,18,15.561,0, ['/ecs/DP1/PM/NSIDC-0051.001/2003.03.18/nt_20030318_f13_v1.1_n.bin']
North,2003,3,19,15.56,0, ['/ecs/DP1/PM/NSIDC-0051.001/2003.03.19/nt_20030319_f13_v1.1_n.bin']
North,2003,3,20,15.629,0, ['/ecs/DP1/PM/NSIDC-0051.001/2003.03.20/nt_20030320_f13_v1.1_n.bin']
North,2003,3,21,15.627,0, ['/ecs/DP1/PM/NSIDC-0051.001/2003.03.21/nt_20030321_f13_v1.1_n.bin']
North,2003,3,22,15.599,0, ['/ecs/DP1/PM/NSIDC-0051.001/2003.03.22/nt_20030322_f13_v1.1_n.bin']
North,2003,3,23,15.511,0, ['/ecs/DP1/PM/NSIDC-0051.001/2003.03.23/nt_20030323_f13_v1.1_n.bin']
North,2003,3,24,15.603,0, ['/ecs/DP1/PM/NSIDC-0051.001/2003.03.24/nt_20030324_f13_v1.1_n.bin']
North,2003,3,25,15.587,0, ['/ecs/DP1/PM/NSIDC-0051.001/2003.03.25/nt_20030325_f13_v1.1_n.bin']
North,2003,3,26,15.604,0, ['/ecs/DP1/PM/NSIDC-0051.001/2003.03.26/nt_20030326_f13_v1.1_n.bin']
North,2003,3,27,15.578,0, ['/ecs/DP1/PM/NSIDC-0051.001/2003.03.27/nt_20030327_f13_v1.1_n.bin']
North,2003,3,28,15.499,0, ['/ecs/DP1/PM/NSIDC-0051.001/2003.03.28/nt_20030328_f13_v1.1_n.bin']
North,2003,3,29,15.474,0, ['/ecs/DP1/PM/NSIDC-0051.001/2003.03.29/nt_20030329_f13_v1.1_n.bin']
North,2003,3,30,15.426,0, ['/ecs/DP1/PM/NSIDC-0051.001/2003.03.30/nt_20030330_f13_v1.1_n.bin']
North,2003,3,31,15.375,0, ['/ecs/DP1/PM/NSIDC-0051.001/2003.03.31/nt_20030331_f13_v1.1_n.bin']
North,2003,4,1,15.232,0, ['/ecs/DP1/PM/NSIDC-0051.001/2003.04.01/nt_20030401_f13_v1.1_n.bin']
North,2003,4,2,15.081,0, ['/ecs/DP1/PM/NSIDC-0051.001/2003.04.02/nt_20030402_f13_v1.1_n.bin']
North,2003,4,3,15.019,0, ['/ecs/DP1/PM/NSIDC-0051.001/2003.04.03/nt_20030403_f13_v1.1_n.bin']
North,2003,4,4,15.045,0, ['/ecs/DP1/PM/NSIDC-0051.001/2003.04.04/nt_20030404_f13_v1.1_n.bin']
North,2003,4,5,14.965,0, ['/ecs/DP1/PM/NSIDC-0051.001/2003.04.05/nt_20030405_f13_v1.1_n.bin']
North,2003,4,6,15.021,0, ['/ecs/DP1/PM/NSIDC-0051.001/2003.04.06/nt_20030406_f13_v1.1_n.bin']
North,2003,4,7,14.868,0, ['/ecs/DP1/PM/NSIDC-0051.001/2003.04.07/nt_20030407_f13_v1.1_n.bin']
North,2003,4,8,14.889,0, ['/ecs/DP1/PM/NSIDC-0051.001/2003.04.08/nt_20030408_f13_v1.1_n.bin']
North,2003,4,9,14.817,0, ['/ecs/DP1/PM/NSIDC-0051.001/2003.04.09/nt_20030409_f13_v1.1_n.bin']
North,2003,4,10,14.784,0, ['/ecs/DP1/PM/NSIDC-0051.001/2003.04.10/nt_20030410_f13_v1.1_n.bin']
North,2003,4,11,14.726,0, ['/ecs/DP1/PM/NSIDC-0051.001/2003.04.11/nt_20030411_f13_v1.1_n.bin']
North,2003,4,12,14.695,0, ['/ecs/DP1/PM/NSIDC-0051.001/2003.04.12/nt_20030412_f13_v1.1_n.bin']
North,2003,4,13,14.635,0, ['/ecs/DP1/PM/NSIDC-0051.001/2003.04.13/nt_20030413_f13_v1.1_n.bin']
North,2003,4,14,14.523,0, ['/ecs/DP1/PM/NSIDC-0051.001/2003.04.14/nt_20030414_f13_v1.1_n.bin']
North,2003,4,15,14.531,0, ['/ecs/DP1/PM/NSIDC-0051.001/2003.04.15/nt_20030415_f13_v1.1_n.bin']
North,2003,4,16,14.565,0, ['/ecs/DP1/PM/NSIDC-0051.001/2003.04.16/nt_20030416_f13_v1.1_n.bin']
North,2003,4,17,14.475,0, ['/ecs/DP1/PM/NSIDC-0051.001/2003.04.17/nt_20030417_f13_v1.1_n.bin']
North,2003,4,18,14.345,0, ['/ecs/DP1/PM/NSIDC-0051.001/2003.04.18/nt_20030418_f13_v1.1_n.bin']
North,2003,4,19,14.332,0, ['/ecs/DP1/PM/NSIDC-0051.001/2003.04.19/nt_20030419_f13_v1.1_n.bin']
North,2003,4,20,14.276,0, ['/ecs/DP1/PM/NSIDC-0051.001/2003.04.20/nt_20030420_f13_v1.1_n.bin']
North,2003,4,21,14.232,0, ['/ecs/DP1/PM/NSIDC-0051.001/2003.04.21/nt_20030421_f13_v1.1_n.bin']
North,2003,4,22,14.235,0, ['/ecs/DP1/PM/NSIDC-0051.001/2003.04.22/nt_20030422_f13_v1.1_n.bin']
North,2003,4,23,14.292,0, ['/ecs/DP1/PM/NSIDC-0051.001/2003.04.23/nt_20030423_f13_v1.1_n.bin']
North,2003,4,24,14.15,0, ['/ecs/DP1/PM/NSIDC-0051.001/2003.04.24/nt_20030424_f13_v1.1_n.bin']
North,2003,4,25,14.122,0, ['/ecs/DP1/PM/NSIDC-0051.001/2003.04.25/nt_20030425_f13_v1.1_n.bin']
North,2003,4,26,13.969,0, ['/ecs/DP1/PM/NSIDC-0051.001/2003.04.26/nt_20030426_f13_v1.1_n.bin']
North,2003,4,27,13.994,0, ['/ecs/DP1/PM/NSIDC-0051.001/2003.04.27/nt_20030427_f13_v1.1_n.bin']
North,2003,4,28,13.919,0, ['/ecs/DP1/PM/NSIDC-0051.001/2003.04.28/nt_20030428_f13_v1.1_n.bin']
North,2003,4,29,13.827,0, ['/ecs/DP1/PM/NSIDC-0051.001/2003.04.29/nt_20030429_f13_v1.1_n.bin']
North,2003,4,30,13.798,0, ['/ecs/DP1/PM/NSIDC-0051.001/2003.04.30/nt_20030430_f13_v1.1_n.bin']
North,2003,5,1,13.71,0, ['/ecs/DP1/PM/NSIDC-0051.001/2003.05.01/nt_20030501_f13_v1.1_n.bin']
North,2003,5,2,13.549,0, ['/ecs/DP1/PM/NSIDC-0051.001/2003.05.02/nt_20030502_f13_v1.1_n.bin']
North,2003,5,3,13.551,0, ['/ecs/DP1/PM/NSIDC-0051.001/2003.05.03/nt_20030503_f13_v1.1_n.bin']
North,2003,5,4,13.481,0, ['/ecs/DP1/PM/NSIDC-0051.001/2003.05.04/nt_20030504_f13_v1.1_n.bin']
North,2003,5,5,13.412,0, ['/ecs/DP1/PM/NSIDC-0051.001/2003.05.05/nt_20030505_f13_v1.1_n.bin']
North,2003,5,6,13.358,0, ['/ecs/DP1/PM/NSIDC-0051.001/2003.05.06/nt_20030506_f13_v1.1_n.bin']
North,2003,5,7,13.306,0, ['/ecs/DP1/PM/NSIDC-0051.001/2003.05.07/nt_20030507_f13_v1.1_n.bin']
North,2003,5,8,13.265,0, ['/ecs/DP1/PM/NSIDC-0051.001/2003.05.08/nt_20030508_f13_v1.1_n.bin']
North,2003,5,9,13.165,0, ['/ecs/DP1/PM/NSIDC-0051.001/2003.05.09/nt_20030509_f13_v1.1_n.bin']
North,2003,5,10,13.143,0, ['/ecs/DP1/PM/NSIDC-0051.001/2003.05.10/nt_20030510_f13_v1.1_n.bin']
North,2003,5,11,13.056,0, ['/ecs/DP1/PM/NSIDC-0051.001/2003.05.11/nt_20030511_f13_v1.1_n.bin']
North,2003,5,12,13.09,0, ['/ecs/DP1/PM/NSIDC-0051.001/2003.05.12/nt_20030512_f13_v1.1_n.bin']
North,2003,5,13,13.087,0, ['/ecs/DP1/PM/NSIDC-0051.001/2003.05.13/nt_20030513_f13_v1.1_n.bin']
North,2003,5,14,13.086,0, ['/ecs/DP1/PM/NSIDC-0051.001/2003.05.14/nt_20030514_f13_v1.1_n.bin']
North,2003,5,15,13.007,0, ['/ecs/DP1/PM/NSIDC-0051.001/2003.05.15/nt_20030515_f13_v1.1_n.bin']
North,2003,5,16,12.955,0, ['/ecs/DP1/PM/NSIDC-0051.001/2003.05.16/nt_20030516_f13_v1.1_n.bin']
North,2003,5,17,12.965,0, ['/ecs/DP1/PM/NSIDC-0051.001/2003.05.17/nt_20030517_f13_v1.1_n.bin']
North,2003,5,18,12.952,0, ['/ecs/DP1/PM/NSIDC-0051.001/2003.05.18/nt_20030518_f13_v1.1_n.bin']
North,2003,5,19,12.933,0, ['/ecs/DP1/PM/NSIDC-0051.001/2003.05.19/nt_20030519_f13_v1.1_n.bin']
North,2003,5,20,12.874,0, ['/ecs/DP1/PM/NSIDC-0051.001/2003.05.20/nt_20030520_f13_v1.1_n.bin']
North,2003,5,21,12.854,0, ['/ecs/DP1/PM/NSIDC-0051.001/2003.05.21/nt_20030521_f13_v1.1_n.bin']
North,2003,5,22,12.839,0, ['/ecs/DP1/PM/NSIDC-0051.001/2003.05.22/nt_20030522_f13_v1.1_n.bin']
North,2003,5,23,12.783,0, ['/ecs/DP1/PM/NSIDC-0051.001/2003.05.23/nt_20030523_f13_v1.1_n.bin']
North,2003,5,24,12.786,0, ['/ecs/DP1/PM/NSIDC-0051.001/2003.05.24/nt_20030524_f13_v1.1_n.bin']
North,2003,5,25,12.689,0, ['/ecs/DP1/PM/NSIDC-0051.001/2003.05.25/nt_20030525_f13_v1.1_n.bin']
North,2003,5,26,12.681,0, ['/ecs/DP1/PM/NSIDC-0051.001/2003.05.26/nt_20030526_f13_v1.1_n.bin']
North,2003,5,27,12.689,0, ['/ecs/DP1/PM/NSIDC-0051.001/2003.05.27/nt_20030527_f13_v1.1_n.bin']
North,2003,5,28,12.603,0, ['/ecs/DP1/PM/NSIDC-0051.001/2003.05.28/nt_20030528_f13_v1.1_n.bin']
North,2003,5,29,12.566,0, ['/ecs/DP1/PM/NSIDC-0051.001/2003.05.29/nt_20030529_f13_v1.1_n.bin']
North,2003,5,30,12.58,0, ['/ecs/DP1/PM/NSIDC-0051.001/2003.05.30/nt_20030530_f13_v1.1_n.bin']
North,2003,5,31,12.483,0, ['/ecs/DP1/PM/NSIDC-0051.001/2003.05.31/nt_20030531_f13_v1.1_n.bin']
North,2003,6,1,12.386,0, ['/ecs/DP1/PM/NSIDC-0051.001/2003.06.01/nt_20030601_f13_v1.1_n.bin']
North,2003,6,2,12.409,0, ['/ecs/DP1/PM/NSIDC-0051.001/2003.06.02/nt_20030602_f13_v1.1_n.bin']
North,2003,6,3,12.382,0, ['/ecs/DP1/PM/NSIDC-0051.001/2003.06.03/nt_20030603_f13_v1.1_n.bin']
North,2003,6,4,12.354,0, ['/ecs/DP1/PM/NSIDC-0051.001/2003.06.04/nt_20030604_f13_v1.1_n.bin']
North,2003,6,5,12.228,0, ['/ecs/DP1/PM/NSIDC-0051.001/2003.06.05/nt_20030605_f13_v1.1_n.bin']
North,2003,6,6,12.187,0, ['/ecs/DP1/PM/NSIDC-0051.001/2003.06.06/nt_20030606_f13_v1.1_n.bin']
North,2003,6,7,12.087,0, ['/ecs/DP1/PM/NSIDC-0051.001/2003.06.07/nt_20030607_f13_v1.1_n.bin']
North,2003,6,8,12.024,0, ['/ecs/DP1/PM/NSIDC-0051.001/2003.06.08/nt_20030608_f13_v1.1_n.bin']
North,2003,6,9,12.029,0, ['/ecs/DP1/PM/NSIDC-0051.001/2003.06.09/nt_20030609_f13_v1.1_n.bin']
North,2003,6,10,11.993,0, ['/ecs/DP1/PM/NSIDC-0051.001/2003.06.10/nt_20030610_f13_v1.1_n.bin']
North,2003,6,11,11.977,0, ['/ecs/DP1/PM/NSIDC-0051.001/2003.06.11/nt_20030611_f13_v1.1_n.bin']
North,2003,6,12,11.942,0, ['/ecs/DP1/PM/NSIDC-0051.001/2003.06.12/nt_20030612_f13_v1.1_n.bin']
North,2003,6,13,11.802,0, ['/ecs/DP1/PM/NSIDC-0051.001/2003.06.13/nt_20030613_f13_v1.1_n.bin']
North,2003,6,14,11.755,0, ['/ecs/DP1/PM/NSIDC-0051.001/2003.06.14/nt_20030614_f13_v1.1_n.bin']
North,2003,6,15,11.665,0, ['/ecs/DP1/PM/NSIDC-0051.001/2003.06.15/nt_20030615_f13_v1.1_n.bin']
North,2003,6,16,11.625,0, ['/ecs/DP1/PM/NSIDC-0051.001/2003.06.16/nt_20030616_f13_v1.1_n.bin']
North,2003,6,17,11.505,0, ['/ecs/DP1/PM/NSIDC-0051.001/2003.06.17/nt_20030617_f13_v1.1_n.bin']
North,2003,6,18,11.462,0, ['/ecs/DP1/PM/NSIDC-0051.001/2003.06.18/nt_20030618_f13_v1.1_n.bin']
North,2003,6,19,11.387,0, ['/ecs/DP1/PM/NSIDC-0051.001/2003.06.19/nt_20030619_f13_v1.1_n.bin']
North,2003,6,20,11.351,0, ['/ecs/DP1/PM/NSIDC-0051.001/2003.06.20/nt_20030620_f13_v1.1_n.bin']
North,2003,6,21,11.279,0, ['/ecs/DP1/PM/NSIDC-0051.001/2003.06.21/nt_20030621_f13_v1.1_n.bin']
North,2003,6,22,11.12,0, ['/ecs/DP1/PM/NSIDC-0051.001/2003.06.22/nt_20030622_f13_v1.1_n.bin']
North,2003,6,23,11.064,0, ['/ecs/DP1/PM/NSIDC-0051.001/2003.06.23/nt_20030623_f13_v1.1_n.bin']
North,2003,6,24,11.044,0, ['/ecs/DP1/PM/NSIDC-0051.001/2003.06.24/nt_20030624_f13_v1.1_n.bin']
North,2003,6,25,11.048,0, ['/ecs/DP1/PM/NSIDC-0051.001/2003.06.25/nt_20030625_f13_v1.1_n.bin']
North,2003,6,26,10.903,0, ['/ecs/DP1/PM/NSIDC-0051.001/2003.06.26/nt_20030626_f13_v1.1_n.bin']
North,2003,6,27,10.839,0, ['/ecs/DP1/PM/NSIDC-0051.001/2003.06.27/nt_20030627_f13_v1.1_n.bin']
North,2003,6,28,10.854,0, ['/ecs/DP1/PM/NSIDC-0051.001/2003.06.28/nt_20030628_f13_v1.1_n.bin']
North,2003,6,29,10.796,0, ['/ecs/DP1/PM/NSIDC-0051.001/2003.06.29/nt_20030629_f13_v1.1_n.bin']
North,2003,6,30,10.624,0, ['/ecs/DP1/PM/NSIDC-0051.001/2003.06.30/nt_20030630_f13_v1.1_n.bin']
North,2003,7,1,10.45,0, ['/ecs/DP1/PM/NSIDC-0051.001/2003.07.01/nt_20030701_f13_v1.1_n.bin']
North,2003,7,2,10.344,0, ['/ecs/DP1/PM/NSIDC-0051.001/2003.07.02/nt_20030702_f13_v1.1_n.bin']
North,2003,7,3,10.268,0, ['/ecs/DP1/PM/NSIDC-0051.001/2003.07.03/nt_20030703_f13_v1.1_n.bin']
North,2003,7,4,10.233,0, ['/ecs/DP1/PM/NSIDC-0051.001/2003.07.04/nt_20030704_f13_v1.1_n.bin']
North,2003,7,5,10.18,0, ['/ecs/DP1/PM/NSIDC-0051.001/2003.07.05/nt_20030705_f13_v1.1_n.bin']
North,2003,7,6,10.1,0, ['/ecs/DP1/PM/NSIDC-0051.001/2003.07.06/nt_20030706_f13_v1.1_n.bin']
North,2003,7,7,10.02,0, ['/ecs/DP1/PM/NSIDC-0051.001/2003.07.07/nt_20030707_f13_v1.1_n.bin']
North,2003,7,8,9.947,0, ['/ecs/DP1/PM/NSIDC-0051.001/2003.07.08/nt_20030708_f13_v1.1_n.bin']
North,2003,7,9,9.856,0, ['/ecs/DP1/PM/NSIDC-0051.001/2003.07.09/nt_20030709_f13_v1.1_n.bin']
North,2003,7,10,9.824,0, ['/ecs/DP1/PM/NSIDC-0051.001/2003.07.10/nt_20030710_f13_v1.1_n.bin']
North,2003,7,11,9.763,0, ['/ecs/DP1/PM/NSIDC-0051.001/2003.07.11/nt_20030711_f13_v1.1_n.bin']
North,2003,7,12,9.643,0, ['/ecs/DP1/PM/NSIDC-0051.001/2003.07.12/nt_20030712_f13_v1.1_n.bin']
North,2003,7,13,9.434,0, ['/ecs/DP1/PM/NSIDC-0051.001/2003.07.13/nt_20030713_f13_v1.1_n.bin']
North,2003,7,14,9.443,0, ['/ecs/DP1/PM/NSIDC-0051.001/2003.07.14/nt_20030714_f13_v1.1_n.bin']
North,2003,7,15,9.366,0, ['/ecs/DP1/PM/NSIDC-0051.001/2003.07.15/nt_20030715_f13_v1.1_n.bin']
North,2003,7,16,9.237,0, ['/ecs/DP1/PM/NSIDC-0051.001/2003.07.16/nt_20030716_f13_v1.1_n.bin']
North,2003,7,17,9.11,0, ['/ecs/DP1/PM/NSIDC-0051.001/2003.07.17/nt_20030717_f13_v1.1_n.bin']
North,2003,7,18,9.007,0, ['/ecs/DP1/PM/NSIDC-0051.001/2003.07.18/nt_20030718_f13_v1.1_n.bin']
North,2003,7,19,8.951,0, ['/ecs/DP1/PM/NSIDC-0051.001/2003.07.19/nt_20030719_f13_v1.1_n.bin']
North,2003,7,20,8.862,0, ['/ecs/DP1/PM/NSIDC-0051.001/2003.07.20/nt_20030720_f13_v1.1_n.bin']
North,2003,7,21,8.751,0, ['/ecs/DP1/PM/NSIDC-0051.001/2003.07.21/nt_20030721_f13_v1.1_n.bin']
North,2003,7,22,8.646,0, ['/ecs/DP1/PM/NSIDC-0051.001/2003.07.22/nt_20030722_f13_v1.1_n.bin']
North,2003,7,23,8.53,0, ['/ecs/DP1/PM/NSIDC-0051.001/2003.07.23/nt_20030723_f13_v1.1_n.bin']
North,2003,7,24,8.408,0, ['/ecs/DP1/PM/NSIDC-0051.001/2003.07.24/nt_20030724_f13_v1.1_n.bin']
North,2003,7,25,8.298,0, ['/ecs/DP1/PM/NSIDC-0051.001/2003.07.25/nt_20030725_f13_v1.1_n.bin']
North,2003,7,26,8.305,0, ['/ecs/DP1/PM/NSIDC-0051.001/2003.07.26/nt_20030726_f13_v1.1_n.bin']
North,2003,7,27,8.294,0, ['/ecs/DP1/PM/NSIDC-0051.001/2003.07.27/nt_20030727_f13_v1.1_n.bin']
North,2003,7,28,8.234,0, ['/ecs/DP1/PM/NSIDC-0051.001/2003.07.28/nt_20030728_f13_v1.1_n.bin']
North,2003,7,29,8.148,0, ['/ecs/DP1/PM/NSIDC-0051.001/2003.07.29/nt_20030729_f13_v1.1_n.bin']
North,2003,7,30,8.059,0, ['/ecs/DP1/PM/NSIDC-0051.001/2003.07.30/nt_20030730_f13_v1.1_n.bin']
North,2003,7,31,7.947,0, ['/ecs/DP1/PM/NSIDC-0051.001/2003.07.31/nt_20030731_f13_v1.1_n.bin']
North,2003,8,1,7.788,0, ['/ecs/DP1/PM/NSIDC-0051.001/2003.08.01/nt_20030801_f13_v1.1_n.bin']
North,2003,8,2,7.722,0, ['/ecs/DP1/PM/NSIDC-0051.001/2003.08.02/nt_20030802_f13_v1.1_n.bin']
North,2003,8,3,7.555,0, ['/ecs/DP1/PM/NSIDC-0051.001/2003.08.03/nt_20030803_f13_v1.1_n.bin']
North,2003,8,4,7.601,0, ['/ecs/DP1/PM/NSIDC-0051.001/2003.08.04/nt_20030804_f13_v1.1_n.bin']
North,2003,8,5,7.538,0, ['/ecs/DP1/PM/NSIDC-0051.001/2003.08.05/nt_20030805_f13_v1.1_n.bin']
North,2003,8,6,7.51,0, ['/ecs/DP1/PM/NSIDC-0051.001/2003.08.06/nt_20030806_f13_v1.1_n.bin']
North,2003,8,7,7.299,0, ['/ecs/DP1/PM/NSIDC-0051.001/2003.08.07/nt_20030807_f13_v1.1_n.bin']
North,2003,8,8,7.202,0, ['/ecs/DP1/PM/NSIDC-0051.001/2003.08.08/nt_20030808_f13_v1.1_n.bin']
North,2003,8,9,7.17,0, ['/ecs/DP1/PM/NSIDC-0051.001/2003.08.09/nt_20030809_f13_v1.1_n.bin']
North,2003,8,10,7.109,0, ['/ecs/DP1/PM/NSIDC-0051.001/2003.08.10/nt_20030810_f13_v1.1_n.bin']
North,2003,8,11,7.1,0, ['/ecs/DP1/PM/NSIDC-0051.001/2003.08.11/nt_20030811_f13_v1.1_n.bin']
North,2003,8,12,7.103,0, ['/ecs/DP1/PM/NSIDC-0051.001/2003.08.12/nt_20030812_f13_v1.1_n.bin']
North,2003,8,13,6.968,0, ['/ecs/DP1/PM/NSIDC-0051.001/2003.08.13/nt_20030813_f13_v1.1_n.bin']
North,2003,8,14,6.953,0, ['/ecs/DP1/PM/NSIDC-0051.001/2003.08.14/nt_20030814_f13_v1.1_n.bin']
North,2003,8,15,6.848,0, ['/ecs/DP1/PM/NSIDC-0051.001/2003.08.15/nt_20030815_f13_v1.1_n.bin']
North,2003,8,16,6.817,0, ['/ecs/DP1/PM/NSIDC-0051.001/2003.08.16/nt_20030816_f13_v1.1_n.bin']
North,2003,8,17,6.758,0, ['/ecs/DP1/PM/NSIDC-0051.001/2003.08.17/nt_20030817_f13_v1.1_n.bin']
North,2003,8,18,6.818,0, ['/ecs/DP1/PM/NSIDC-0051.001/2003.08.18/nt_20030818_f13_v1.1_n.bin']
North,2003,8,19,6.7,0, ['/ecs/DP1/PM/NSIDC-0051.001/2003.08.19/nt_20030819_f13_v1.1_n.bin']
North,2003,8,20,6.633,0, ['/ecs/DP1/PM/NSIDC-0051.001/2003.08.20/nt_20030820_f13_v1.1_n.bin']
North,2003,8,21,6.638,0, ['/ecs/DP1/PM/NSIDC-0051.001/2003.08.21/nt_20030821_f13_v1.1_n.bin']
North,2003,8,22,6.615,0, ['/ecs/DP1/PM/NSIDC-0051.001/2003.08.22/nt_20030822_f13_v1.1_n.bin']
North,2003,8,23,6.559,0, ['/ecs/DP1/PM/NSIDC-0051.001/2003.08.23/nt_20030823_f13_v1.1_n.bin']
North,2003,8,24,6.547,0, ['/ecs/DP1/PM/NSIDC-0051.001/2003.08.24/nt_20030824_f13_v1.1_n.bin']
North,2003,8,25,6.54,0, ['/ecs/DP1/PM/NSIDC-0051.001/2003.08.25/nt_20030825_f13_v1.1_n.bin']
North,2003,8,26,6.583,0, ['/ecs/DP1/PM/NSIDC-0051.001/2003.08.26/nt_20030826_f13_v1.1_n.bin']
North,2003,8,27,6.511,0, ['/ecs/DP1/PM/NSIDC-0051.001/2003.08.27/nt_20030827_f13_v1.1_n.bin']
North,2003,8,28,6.495,0, ['/ecs/DP1/PM/NSIDC-0051.001/2003.08.28/nt_20030828_f13_v1.1_n.bin']
North,2003,8,29,6.476,0, ['/ecs/DP1/PM/NSIDC-0051.001/2003.08.29/nt_20030829_f13_v1.1_n.bin']
North,2003,8,30,6.461,0, ['/ecs/DP1/PM/NSIDC-0051.001/2003.08.30/nt_20030830_f13_v1.1_n.bin']
North,2003,8,31,6.395,0, ['/ecs/DP1/PM/NSIDC-0051.001/2003.08.31/nt_20030831_f13_v1.1_n.bin']
North,2003,9,1,6.283,0, ['/ecs/DP1/PM/NSIDC-0051.001/2003.09.01/nt_20030901_f13_v1.1_n.bin']
North,2003,9,2,6.321,0, ['/ecs/DP1/PM/NSIDC-0051.001/2003.09.02/nt_20030902_f13_v1.1_n.bin']
North,2003,9,3,6.252,0, ['/ecs/DP1/PM/NSIDC-0051.001/2003.09.03/nt_20030903_f13_v1.1_n.bin']
North,2003,9,4,6.241,0, ['/ecs/DP1/PM/NSIDC-0051.001/2003.09.04/nt_20030904_f13_v1.1_n.bin']
North,2003,9,5,6.165,0, ['/ecs/DP1/PM/NSIDC-0051.001/2003.09.05/nt_20030905_f13_v1.1_n.bin']
North,2003,9,6,6.113,0, ['/ecs/DP1/PM/NSIDC-0051.001/2003.09.06/nt_20030906_f13_v1.1_n.bin']
North,2003,9,7,6.093,0, ['/ecs/DP1/PM/NSIDC-0051.001/2003.09.07/nt_20030907_f13_v1.1_n.bin']
North,2003,9,8,6.11,0, ['/ecs/DP1/PM/NSIDC-0051.001/2003.09.08/nt_20030908_f13_v1.1_n.bin']
North,2003,9,9,6.103,0, ['/ecs/DP1/PM/NSIDC-0051.001/2003.09.09/nt_20030909_f13_v1.1_n.bin']
North,2003,9,10,6.065,0, ['/ecs/DP1/PM/NSIDC-0051.001/2003.09.10/nt_20030910_f13_v1.1_n.bin']
North,2003,9,11,6.04,0, ['/ecs/DP1/PM/NSIDC-0051.001/2003.09.11/nt_20030911_f13_v1.1_n.bin']
North,2003,9,12,6.055,0, ['/ecs/DP1/PM/NSIDC-0051.001/2003.09.12/nt_20030912_f13_v1.1_n.bin']
North,2003,9,13,6.103,0, ['/ecs/DP1/PM/NSIDC-0051.001/2003.09.13/nt_20030913_f13_v1.1_n.bin']
North,2003,9,14,6.023,0, ['/ecs/DP1/PM/NSIDC-0051.001/2003.09.14/nt_20030914_f13_v1.1_n.bin']
North,2003,9,15,6.032,0, ['/ecs/DP1/PM/NSIDC-0051.001/2003.09.15/nt_20030915_f13_v1.1_n.bin']
North,2003,9,16,6.037,0, ['/ecs/DP1/PM/NSIDC-0051.001/2003.09.16/nt_20030916_f13_v1.1_n.bin']
North,2003,9,17,5.969,0, ['/ecs/DP1/PM/NSIDC-0051.001/2003.09.17/nt_20030917_f13_v1.1_n.bin']
North,2003,9,18,5.975,0, ['/ecs/DP1/PM/NSIDC-0051.001/2003.09.18/nt_20030918_f13_v1.1_n.bin']
North,2003,9,19,6.095,0, ['/ecs/DP1/PM/NSIDC-0051.001/2003.09.19/nt_20030919_f13_v1.1_n.bin']
North,2003,9,20,6.16,0, ['/ecs/DP1/PM/NSIDC-0051.001/2003.09.20/nt_20030920_f13_v1.1_n.bin']
North,2003,9,21,6.093,0, ['/ecs/DP1/PM/NSIDC-0051.001/2003.09.21/nt_20030921_f13_v1.1_n.bin']
North,2003,9,22,5.998,0, ['/ecs/DP1/PM/NSIDC-0051.001/2003.09.22/nt_20030922_f13_v1.1_n.bin']
North,2003,9,23,6.033,0, ['/ecs/DP1/PM/NSIDC-0051.001/2003.09.23/nt_20030923_f13_v1.1_n.bin']
North,2003,9,24,6.051,0, ['/ecs/DP1/PM/NSIDC-0051.001/2003.09.24/nt_20030924_f13_v1.1_n.bin']
North,2003,9,25,6.149,0, ['/ecs/DP1/PM/NSIDC-0051.001/2003.09.25/nt_20030925_f13_v1.1_n.bin']
North,2003,9,26,6.133,0, ['/ecs/DP1/PM/NSIDC-0051.001/2003.09.26/nt_20030926_f13_v1.1_n.bin']
North,2003,9,27,6.125,0, ['/ecs/DP1/PM/NSIDC-0051.001/2003.09.27/nt_20030927_f13_v1.1_n.bin']
North,2003,9,28,6.169,0, ['/ecs/DP1/PM/NSIDC-0051.001/2003.09.28/nt_20030928_f13_v1.1_n.bin']
North,2003,9,29,6.201,0, ['/ecs/DP1/PM/NSIDC-0051.001/2003.09.29/nt_20030929_f13_v1.1_n.bin']
North,2003,9,30,6.296,0, ['/ecs/DP1/PM/NSIDC-0051.001/2003.09.30/nt_20030930_f13_v1.1_n.bin']
North,2003,10,1,6.441,0, ['/ecs/DP1/PM/NSIDC-0051.001/2003.10.01/nt_20031001_f13_v1.1_n.bin']
North,2003,10,2,6.484,0, ['/ecs/DP1/PM/NSIDC-0051.001/2003.10.02/nt_20031002_f13_v1.1_n.bin']
North,2003,10,3,6.572,0, ['/ecs/DP1/PM/NSIDC-0051.001/2003.10.03/nt_20031003_f13_v1.1_n.bin']
North,2003,10,4,6.643,0, ['/ecs/DP1/PM/NSIDC-0051.001/2003.10.04/nt_20031004_f13_v1.1_n.bin']
North,2003,10,5,6.764,0, ['/ecs/DP1/PM/NSIDC-0051.001/2003.10.05/nt_20031005_f13_v1.1_n.bin']
North,2003,10,6,6.829,0, ['/ecs/DP1/PM/NSIDC-0051.001/2003.10.06/nt_20031006_f13_v1.1_n.bin']
North,2003,10,7,6.911,0, ['/ecs/DP1/PM/NSIDC-0051.001/2003.10.07/nt_20031007_f13_v1.1_n.bin']
North,2003,10,8,6.985,0, ['/ecs/DP1/PM/NSIDC-0051.001/2003.10.08/nt_20031008_f13_v1.1_n.bin']
North,2003,10,9,6.958,0, ['/ecs/DP1/PM/NSIDC-0051.001/2003.10.09/nt_20031009_f13_v1.1_n.bin']
North,2003,10,10,7.003,0, ['/ecs/DP1/PM/NSIDC-0051.001/2003.10.10/nt_20031010_f13_v1.1_n.bin']
North,2003,10,11,7.076,0, ['/ecs/DP1/PM/NSIDC-0051.001/2003.10.11/nt_20031011_f13_v1.1_n.bin']
North,2003,10,12,7.144,0, ['/ecs/DP1/PM/NSIDC-0051.001/2003.10.12/nt_20031012_f13_v1.1_n.bin']
North,2003,10,13,7.36,0, ['/ecs/DP1/PM/NSIDC-0051.001/2003.10.13/nt_20031013_f13_v1.1_n.bin']
North,2003,10,14,7.582,0, ['/ecs/DP1/PM/NSIDC-0051.001/2003.10.14/nt_20031014_f13_v1.1_n.bin']
North,2003,10,15,7.688,0, ['/ecs/DP1/PM/NSIDC-0051.001/2003.10.15/nt_20031015_f13_v1.1_n.bin']
North,2003,10,16,7.813,0, ['/ecs/DP1/PM/NSIDC-0051.001/2003.10.16/nt_20031016_f13_v1.1_n.bin']
North,2003,10,17,7.937,0, ['/ecs/DP1/PM/NSIDC-0051.001/2003.10.17/nt_20031017_f13_v1.1_n.bin']
North,2003,10,18,8.111,0, ['/ecs/DP1/PM/NSIDC-0051.001/2003.10.18/nt_20031018_f13_v1.1_n.bin']
North,2003,10,19,8.275,0, ['/ecs/DP1/PM/NSIDC-0051.001/2003.10.19/nt_20031019_f13_v1.1_n.bin']
North,2003,10,20,8.431,0, ['/ecs/DP1/PM/NSIDC-0051.001/2003.10.20/nt_20031020_f13_v1.1_n.bin']
North,2003,10,21,8.575,0, ['/ecs/DP1/PM/NSIDC-0051.001/2003.10.21/nt_20031021_f13_v1.1_n.bin']
North,2003,10,22,8.672,0, ['/ecs/DP1/PM/NSIDC-0051.001/2003.10.22/nt_20031022_f13_v1.1_n.bin']
North,2003,10,23,8.822,0, ['/ecs/DP1/PM/NSIDC-0051.001/2003.10.23/nt_20031023_f13_v1.1_n.bin']
North,2003,10,24,8.923,0, ['/ecs/DP1/PM/NSIDC-0051.001/2003.10.24/nt_20031024_f13_v1.1_n.bin']
North,2003,10,25,8.919,0, ['/ecs/DP1/PM/NSIDC-0051.001/2003.10.25/nt_20031025_f13_v1.1_n.bin']
North,2003,10,26,8.945,0, ['/ecs/DP1/PM/NSIDC-0051.001/2003.10.26/nt_20031026_f13_v1.1_n.bin']
North,2003,10,27,9.009,0, ['/ecs/DP1/PM/NSIDC-0051.001/2003.10.27/nt_20031027_f13_v1.1_n.bin']
North,2003,10,28,9.044,0, ['/ecs/DP1/PM/NSIDC-0051.001/2003.10.28/nt_20031028_f13_v1.1_n.bin']
North,2003,10,29,9.075,0, ['/ecs/DP1/PM/NSIDC-0051.001/2003.10.29/nt_20031029_f13_v1.1_n.bin']
North,2003,10,30,9.113,0, ['/ecs/DP1/PM/NSIDC-0051.001/2003.10.30/nt_20031030_f13_v1.1_n.bin']
North,2003,10,31,9.193,0, ['/ecs/DP1/PM/NSIDC-0051.001/2003.10.31/nt_20031031_f13_v1.1_n.bin']
North,2003,11,1,9.367,0, ['/ecs/DP1/PM/NSIDC-0051.001/2003.11.01/nt_20031101_f13_v1.1_n.bin']
North,2003,11,2,9.473,0, ['/ecs/DP1/PM/NSIDC-0051.001/2003.11.02/nt_20031102_f13_v1.1_n.bin']
North,2003,11,3,9.438,0, ['/ecs/DP1/PM/NSIDC-0051.001/2003.11.03/nt_20031103_f13_v1.1_n.bin']
North,2003,11,4,9.481,0, ['/ecs/DP1/PM/NSIDC-0051.001/2003.11.04/nt_20031104_f13_v1.1_n.bin']
North,2003,11,5,9.435,0, ['/ecs/DP1/PM/NSIDC-0051.001/2003.11.05/nt_20031105_f13_v1.1_n.bin']
North,2003,11,6,9.441,0, ['/ecs/DP1/PM/NSIDC-0051.001/2003.11.06/nt_20031106_f13_v1.1_n.bin']
North,2003,11,7,9.5,0, ['/ecs/DP1/PM/NSIDC-0051.001/2003.11.07/nt_20031107_f13_v1.1_n.bin']
North,2003,11,8,9.602,0, ['/ecs/DP1/PM/NSIDC-0051.001/2003.11.08/nt_20031108_f13_v1.1_n.bin']
North,2003,11,9,9.607,0, ['/ecs/DP1/PM/NSIDC-0051.001/2003.11.09/nt_20031109_f13_v1.1_n.bin']
North,2003,11,10,9.685,0, ['/ecs/DP1/PM/NSIDC-0051.001/2003.11.10/nt_20031110_f13_v1.1_n.bin']
North,2003,11,11,9.748,0, ['/ecs/DP1/PM/NSIDC-0051.001/2003.11.11/nt_20031111_f13_v1.1_n.bin']
North,2003,11,12,9.81,0, ['/ecs/DP1/PM/NSIDC-0051.001/2003.11.12/nt_20031112_f13_v1.1_n.bin']
North,2003,11,13,9.903,0, ['/ecs/DP1/PM/NSIDC-0051.001/2003.11.13/nt_20031113_f13_v1.1_n.bin']
North,2003,11,14,9.986,0, ['/ecs/DP1/PM/NSIDC-0051.001/2003.11.14/nt_20031114_f13_v1.1_n.bin']
North,2003,11,15,10.063,0, ['/ecs/DP1/PM/NSIDC-0051.001/2003.11.15/nt_20031115_f13_v1.1_n.bin']
North,2003,11,16,10.173,0, ['/ecs/DP1/PM/NSIDC-0051.001/2003.11.16/nt_20031116_f13_v1.1_n.bin']
North,2003,11,17,10.274,0, ['/ecs/DP1/PM/NSIDC-0051.001/2003.11.17/nt_20031117_f13_v1.1_n.bin']
North,2003,11,18,10.335,0, ['/ecs/DP1/PM/NSIDC-0051.001/2003.11.18/nt_20031118_f13_v1.1_n.bin']
North,2003,11,19,10.35,0, ['/ecs/DP1/PM/NSIDC-0051.001/2003.11.19/nt_20031119_f13_v1.1_n.bin']
North,2003,11,20,10.388,0, ['/ecs/DP1/PM/NSIDC-0051.001/2003.11.20/nt_20031120_f13_v1.1_n.bin']
North,2003,11,21,10.397,0, ['/ecs/DP1/PM/NSIDC-0051.001/2003.11.21/nt_20031121_f13_v1.1_n.bin']
North,2003,11,22,10.45,0, ['/ecs/DP1/PM/NSIDC-0051.001/2003.11.22/nt_20031122_f13_v1.1_n.bin']
North,2003,11,23,10.5,0, ['/ecs/DP1/PM/NSIDC-0051.001/2003.11.23/nt_20031123_f13_v1.1_n.bin']
North,2003,11,24,10.585,0, ['/ecs/DP1/PM/NSIDC-0051.001/2003.11.24/nt_20031124_f13_v1.1_n.bin']
North,2003,11,25,10.702,0, ['/ecs/DP1/PM/NSIDC-0051.001/2003.11.25/nt_20031125_f13_v1.1_n.bin']
North,2003,11,26,10.833,0, ['/ecs/DP1/PM/NSIDC-0051.001/2003.11.26/nt_20031126_f13_v1.1_n.bin']
North,2003,11,27,10.918,0, ['/ecs/DP1/PM/NSIDC-0051.001/2003.11.27/nt_20031127_f13_v1.1_n.bin']
North,2003,11,28,11.004,0, ['/ecs/DP1/PM/NSIDC-0051.001/2003.11.28/nt_20031128_f13_v1.1_n.bin']
North,2003,11,29,11.141,0, ['/ecs/DP1/PM/NSIDC-0051.001/2003.11.29/nt_20031129_f13_v1.1_n.bin']
North,2003,11,30,11.171,0, ['/ecs/DP1/PM/NSIDC-0051.001/2003.11.30/nt_20031130_f13_v1.1_n.bin']
North,2003,12,1,11.327,0, ['/ecs/DP1/PM/NSIDC-0051.001/2003.12.01/nt_20031201_f13_v1.1_n.bin']
North,2003,12,2,11.402,0, ['/ecs/DP1/PM/NSIDC-0051.001/2003.12.02/nt_20031202_f13_v1.1_n.bin']
North,2003,12,3,11.581,0, ['/ecs/DP1/PM/NSIDC-0051.001/2003.12.03/nt_20031203_f13_v1.1_n.bin']
North,2003,12,4,11.736,0, ['/ecs/DP1/PM/NSIDC-0051.001/2003.12.04/nt_20031204_f13_v1.1_n.bin']
North,2003,12,5,11.73,0, ['/ecs/DP1/PM/NSIDC-0051.001/2003.12.05/nt_20031205_f13_v1.1_n.bin']
North,2003,12,6,11.749,0, ['/ecs/DP1/PM/NSIDC-0051.001/2003.12.06/nt_20031206_f13_v1.1_n.bin']
North,2003,12,7,11.896,0, ['/ecs/DP1/PM/NSIDC-0051.001/2003.12.07/nt_20031207_f13_v1.1_n.bin']
North,2003,12,8,11.987,0, ['/ecs/DP1/PM/NSIDC-0051.001/2003.12.08/nt_20031208_f13_v1.1_n.bin']
North,2003,12,9,12.063,0, ['/ecs/DP1/PM/NSIDC-0051.001/2003.12.09/nt_20031209_f13_v1.1_n.bin']
North,2003,12,10,12.129,0, ['/ecs/DP1/PM/NSIDC-0051.001/2003.12.10/nt_20031210_f13_v1.1_n.bin']
North,2003,12,11,12.26,0, ['/ecs/DP1/PM/NSIDC-0051.001/2003.12.11/nt_20031211_f13_v1.1_n.bin']
North,2003,12,12,12.397,0, ['/ecs/DP1/PM/NSIDC-0051.001/2003.12.12/nt_20031212_f13_v1.1_n.bin']
North,2003,12,13,12.436,0, ['/ecs/DP1/PM/NSIDC-0051.001/2003.12.13/nt_20031213_f13_v1.1_n.bin']
North,2003,12,14,12.503,0, ['/ecs/DP1/PM/NSIDC-0051.001/2003.12.14/nt_20031214_f13_v1.1_n.bin']
North,2003,12,15,12.625,0, ['/ecs/DP1/PM/NSIDC-0051.001/2003.12.15/nt_20031215_f13_v1.1_n.bin']
North,2003,12,16,12.752,0, ['/ecs/DP1/PM/NSIDC-0051.001/2003.12.16/nt_20031216_f13_v1.1_n.bin']
North,2003,12,17,12.881,0, ['/ecs/DP1/PM/NSIDC-0051.001/2003.12.17/nt_20031217_f13_v1.1_n.bin']
North,2003,12,18,12.918,0, ['/ecs/DP1/PM/NSIDC-0051.001/2003.12.18/nt_20031218_f13_v1.1_n.bin']
North,2003,12,19,12.97,0, ['/ecs/DP1/PM/NSIDC-0051.001/2003.12.19/nt_20031219_f13_v1.1_n.bin']
North,2003,12,20,12.88,0, ['/ecs/DP1/PM/NSIDC-0051.001/2003.12.20/nt_20031220_f13_v1.1_n.bin']
North,2003,12,21,13.034,0, ['/ecs/DP1/PM/NSIDC-0051.001/2003.12.21/nt_20031221_f13_v1.1_n.bin']
North,2003,12,22,13.14,0, ['/ecs/DP1/PM/NSIDC-0051.001/2003.12.22/nt_20031222_f13_v1.1_n.bin']
North,2003,12,23,13.23,0, ['/ecs/DP1/PM/NSIDC-0051.001/2003.12.23/nt_20031223_f13_v1.1_n.bin']
North,2003,12,24,13.306,0, ['/ecs/DP1/PM/NSIDC-0051.001/2003.12.24/nt_20031224_f13_v1.1_n.bin']
North,2003,12,25,13.289,0, ['/ecs/DP1/PM/NSIDC-0051.001/2003.12.25/nt_20031225_f13_v1.1_n.bin']
North,2003,12,26,13.308,0, ['/ecs/DP1/PM/NSIDC-0051.001/2003.12.26/nt_20031226_f13_v1.1_n.bin']
North,2003,12,27,13.272,0, ['/ecs/DP1/PM/NSIDC-0051.001/2003.12.27/nt_20031227_f13_v1.1_n.bin']
North,2003,12,28,13.352,0, ['/ecs/DP1/PM/NSIDC-0051.001/2003.12.28/nt_20031228_f13_v1.1_n.bin']
North,2003,12,29,13.379,0, ['/ecs/DP1/PM/NSIDC-0051.001/2003.12.29/nt_20031229_f13_v1.1_n.bin']
North,2003,12,30,13.32,0, ['/ecs/DP1/PM/NSIDC-0051.001/2003.12.30/nt_20031230_f13_v1.1_n.bin']
North,2003,12,31,13.387,0, ['/ecs/DP1/PM/NSIDC-0051.001/2003.12.31/nt_20031231_f13_v1.1_n.bin']
North,2004,1,1,13.502,0, ['/ecs/DP1/PM/NSIDC-0051.001/2004.01.01/nt_20040101_f13_v1.1_n.bin']
North,2004,1,2,13.538,0, ['/ecs/DP1/PM/NSIDC-0051.001/2004.01.02/nt_20040102_f13_v1.1_n.bin']
North,2004,1,3,13.502,0, ['/ecs/DP1/PM/NSIDC-0051.001/2004.01.03/nt_20040103_f13_v1.1_n.bin']
North,2004,1,4,13.59,0, ['/ecs/DP1/PM/NSIDC-0051.001/2004.01.04/nt_20040104_f13_v1.1_n.bin']
North,2004,1,5,13.617,0, ['/ecs/DP1/PM/NSIDC-0051.001/2004.01.05/nt_20040105_f13_v1.1_n.bin']
North,2004,1,6,13.594,0, ['/ecs/DP1/PM/NSIDC-0051.001/2004.01.06/nt_20040106_f13_v1.1_n.bin']
North,2004,1,7,13.631,0, ['/ecs/DP1/PM/NSIDC-0051.001/2004.01.07/nt_20040107_f13_v1.1_n.bin']
North,2004,1,8,13.749,0, ['/ecs/DP1/PM/NSIDC-0051.001/2004.01.08/nt_20040108_f13_v1.1_n.bin']
North,2004,1,9,13.794,0, ['/ecs/DP1/PM/NSIDC-0051.001/2004.01.09/nt_20040109_f13_v1.1_n.bin']
North,2004,1,10,13.842,0, ['/ecs/DP1/PM/NSIDC-0051.001/2004.01.10/nt_20040110_f13_v1.1_n.bin']
North,2004,1,11,13.917,0, ['/ecs/DP1/PM/NSIDC-0051.001/2004.01.11/nt_20040111_f13_v1.1_n.bin']
North,2004,1,12,13.991,0, ['/ecs/DP1/PM/NSIDC-0051.001/2004.01.12/nt_20040112_f13_v1.1_n.bin']
North,2004,1,13,14.075,0, ['/ecs/DP1/PM/NSIDC-0051.001/2004.01.13/nt_20040113_f13_v1.1_n.bin']
North,2004,1,14,14.148,0, ['/ecs/DP1/PM/NSIDC-0051.001/2004.01.14/nt_20040114_f13_v1.1_n.bin']
North,2004,1,15,14.056,0, ['/ecs/DP1/PM/NSIDC-0051.001/2004.01.15/nt_20040115_f13_v1.1_n.bin']
North,2004,1,16,14.203,0, ['/ecs/DP1/PM/NSIDC-0051.001/2004.01.16/nt_20040116_f13_v1.1_n.bin']
North,2004,1,17,14.077,0, ['/ecs/DP1/PM/NSIDC-0051.001/2004.01.17/nt_20040117_f13_v1.1_n.bin']
North,2004,1,18,14.139,0, ['/ecs/DP1/PM/NSIDC-0051.001/2004.01.18/nt_20040118_f13_v1.1_n.bin']
North,2004,1,19,14.203,0, ['/ecs/DP1/PM/NSIDC-0051.001/2004.01.19/nt_20040119_f13_v1.1_n.bin']
North,2004,1,20,14.28,0, ['/ecs/DP1/PM/NSIDC-0051.001/2004.01.20/nt_20040120_f13_v1.1_n.bin']
North,2004,1,21,14.233,0, ['/ecs/DP1/PM/NSIDC-0051.001/2004.01.21/nt_20040121_f13_v1.1_n.bin']
North,2004,1,22,14.237,0, ['/ecs/DP1/PM/NSIDC-0051.001/2004.01.22/nt_20040122_f13_v1.1_n.bin']
North,2004,1,23,14.32,0, ['/ecs/DP1/PM/NSIDC-0051.001/2004.01.23/nt_20040123_f13_v1.1_n.bin']
North,2004,1,24,14.321,0, ['/ecs/DP1/PM/NSIDC-0051.001/2004.01.24/nt_20040124_f13_v1.1_n.bin']
North,2004,1,25,14.217,0, ['/ecs/DP1/PM/NSIDC-0051.001/2004.01.25/nt_20040125_f13_v1.1_n.bin']
North,2004,1,26,14.321,0, ['/ecs/DP1/PM/NSIDC-0051.001/2004.01.26/nt_20040126_f13_v1.1_n.bin']
North,2004,1,27,14.366,0, ['/ecs/DP1/PM/NSIDC-0051.001/2004.01.27/nt_20040127_f13_v1.1_n.bin']
North,2004,1,28,14.342,0, ['/ecs/DP1/PM/NSIDC-0051.001/2004.01.28/nt_20040128_f13_v1.1_n.bin']
North,2004,1,29,14.337,0, ['/ecs/DP1/PM/NSIDC-0051.001/2004.01.29/nt_20040129_f13_v1.1_n.bin']
North,2004,1,30,14.28,0, ['/ecs/DP1/PM/NSIDC-0051.001/2004.01.30/nt_20040130_f13_v1.1_n.bin']
North,2004,1,31,14.397,0, ['/ecs/DP1/PM/NSIDC-0051.001/2004.01.31/nt_20040131_f13_v1.1_n.bin']
North,2004,2,1,14.36,0, ['/ecs/DP1/PM/NSIDC-0051.001/2004.02.01/nt_20040201_f13_v1.1_n.bin']
North,2004,2,2,14.389,0, ['/ecs/DP1/PM/NSIDC-0051.001/2004.02.02/nt_20040202_f13_v1.1_n.bin']
North,2004,2,3,14.497,0, ['/ecs/DP1/PM/NSIDC-0051.001/2004.02.03/nt_20040203_f13_v1.1_n.bin']
North,2004,2,4,14.515,0, ['/ecs/DP1/PM/NSIDC-0051.001/2004.02.04/nt_20040204_f13_v1.1_n.bin']
North,2004,2,5,14.53,0, ['/ecs/DP1/PM/NSIDC-0051.001/2004.02.05/nt_20040205_f13_v1.1_n.bin']
North,2004,2,6,14.564,0, ['/ecs/DP1/PM/NSIDC-0051.001/2004.02.06/nt_20040206_f13_v1.1_n.bin']
North,2004,2,7,14.691,0, ['/ecs/DP1/PM/NSIDC-0051.001/2004.02.07/nt_20040207_f13_v1.1_n.bin']
North,2004,2,8,14.692,0, ['/ecs/DP1/PM/NSIDC-0051.001/2004.02.08/nt_20040208_f13_v1.1_n.bin']
North,2004,2,9,14.787,0, ['/ecs/DP1/PM/NSIDC-0051.001/2004.02.09/nt_20040209_f13_v1.1_n.bin']
North,2004,2,10,14.827,0, ['/ecs/DP1/PM/NSIDC-0051.001/2004.02.10/nt_20040210_f13_v1.1_n.bin']
North,2004,2,11,14.862,0, ['/ecs/DP1/PM/NSIDC-0051.001/2004.02.11/nt_20040211_f13_v1.1_n.bin']
North,2004,2,12,14.947,0, ['/ecs/DP1/PM/NSIDC-0051.001/2004.02.12/nt_20040212_f13_v1.1_n.bin']
North,2004,2,13,15.021,0, ['/ecs/DP1/PM/NSIDC-0051.001/2004.02.13/nt_20040213_f13_v1.1_n.bin']
North,2004,2,14,15.024,0, ['/ecs/DP1/PM/NSIDC-0051.001/2004.02.14/nt_20040214_f13_v1.1_n.bin']
North,2004,2,15,15.034,0, ['/ecs/DP1/PM/NSIDC-0051.001/2004.02.15/nt_20040215_f13_v1.1_n.bin']
North,2004,2,16,15.029,0, ['/ecs/DP1/PM/NSIDC-0051.001/2004.02.16/nt_20040216_f13_v1.1_n.bin']
North,2004,2,17,15.037,0, ['/ecs/DP1/PM/NSIDC-0051.001/2004.02.17/nt_20040217_f13_v1.1_n.bin']
North,2004,2,18,15.028,0, ['/ecs/DP1/PM/NSIDC-0051.001/2004.02.18/nt_20040218_f13_v1.1_n.bin']
North,2004,2,19,15.088,0, ['/ecs/DP1/PM/NSIDC-0051.001/2004.02.19/nt_20040219_f13_v1.1_n.bin']
North,2004,2,20,15.082,0, ['/ecs/DP1/PM/NSIDC-0051.001/2004.02.20/nt_20040220_f13_v1.1_n.bin']
North,2004,2,21,15.147,0, ['/ecs/DP1/PM/NSIDC-0051.001/2004.02.21/nt_20040221_f13_v1.1_n.bin']
North,2004,2,22,15.165,0, ['/ecs/DP1/PM/NSIDC-0051.001/2004.02.22/nt_20040222_f13_v1.1_n.bin']
North,2004,2,23,15.15,0, ['/ecs/DP1/PM/NSIDC-0051.001/2004.02.23/nt_20040223_f13_v1.1_n.bin']
North,2004,2,24,15.169,0, ['/ecs/DP1/PM/NSIDC-0051.001/2004.02.24/nt_20040224_f13_v1.1_n.bin']
North,2004,2,25,15.144,0, ['/ecs/DP1/PM/NSIDC-0051.001/2004.02.25/nt_20040225_f13_v1.1_n.bin']
North,2004,2,26,15.169,0, ['/ecs/DP1/PM/NSIDC-0051.001/2004.02.26/nt_20040226_f13_v1.1_n.bin']
North,2004,2,27,15.185,0, ['/ecs/DP1/PM/NSIDC-0051.001/2004.02.27/nt_20040227_f13_v1.1_n.bin']
North,2004,2,28,15.187,0, ['/ecs/DP1/PM/NSIDC-0051.001/2004.02.28/nt_20040228_f13_v1.1_n.bin']
North,2004,2,29,15.197,0, ['/ecs/DP1/PM/NSIDC-0051.001/2004.02.29/nt_20040229_f13_v1.1_n.bin']
North,2004,3,1,15.104,0, ['/ecs/DP1/PM/NSIDC-0051.001/2004.03.01/nt_20040301_f13_v1.1_n.bin']
North,2004,3,2,15.068,0, ['/ecs/DP1/PM/NSIDC-0051.001/2004.03.02/nt_20040302_f13_v1.1_n.bin']
North,2004,3,3,15.052,0, ['/ecs/DP1/PM/NSIDC-0051.001/2004.03.03/nt_20040303_f13_v1.1_n.bin']
North,2004,3,4,15.004,0, ['/ecs/DP1/PM/NSIDC-0051.001/2004.03.04/nt_20040304_f13_v1.1_n.bin']
North,2004,3,5,15.04,0, ['/ecs/DP1/PM/NSIDC-0051.001/2004.03.05/nt_20040305_f13_v1.1_n.bin']
North,2004,3,6,15.117,0, ['/ecs/DP1/PM/NSIDC-0051.001/2004.03.06/nt_20040306_f13_v1.1_n.bin']
North,2004,3,7,15.157,0, ['/ecs/DP1/PM/NSIDC-0051.001/2004.03.07/nt_20040307_f13_v1.1_n.bin']
North,2004,3,8,15.161,0, ['/ecs/DP1/PM/NSIDC-0051.001/2004.03.08/nt_20040308_f13_v1.1_n.bin']
North,2004,3,9,15.269,0, ['/ecs/DP1/PM/NSIDC-0051.001/2004.03.09/nt_20040309_f13_v1.1_n.bin']
North,2004,3,10,15.3,0, ['/ecs/DP1/PM/NSIDC-0051.001/2004.03.10/nt_20040310_f13_v1.1_n.bin']
North,2004,3,11,15.191,0, ['/ecs/DP1/PM/NSIDC-0051.001/2004.03.11/nt_20040311_f13_v1.1_n.bin']
North,2004,3,12,15.085,0, ['/ecs/DP1/PM/NSIDC-0051.001/2004.03.12/nt_20040312_f13_v1.1_n.bin']
North,2004,3,13,14.854,0, ['/ecs/DP1/PM/NSIDC-0051.001/2004.03.13/nt_20040313_f13_v1.1_n.bin']
North,2004,3,14,14.89,0, ['/ecs/DP1/PM/NSIDC-0051.001/2004.03.14/nt_20040314_f13_v1.1_n.bin']
North,2004,3,15,14.908,0, ['/ecs/DP1/PM/NSIDC-0051.001/2004.03.15/nt_20040315_f13_v1.1_n.bin']
North,2004,3,16,14.944,0, ['/ecs/DP1/PM/NSIDC-0051.001/2004.03.16/nt_20040316_f13_v1.1_n.bin']
North,2004,3,17,15.013,0, ['/ecs/DP1/PM/NSIDC-0051.001/2004.03.17/nt_20040317_f13_v1.1_n.bin']
North,2004,3,18,14.943,0, ['/ecs/DP1/PM/NSIDC-0051.001/2004.03.18/nt_20040318_f13_v1.1_n.bin']
North,2004,3,19,14.941,0, ['/ecs/DP1/PM/NSIDC-0051.001/2004.03.19/nt_20040319_f13_v1.1_n.bin']
North,2004,3,20,14.955,0, ['/ecs/DP1/PM/NSIDC-0051.001/2004.03.20/nt_20040320_f13_v1.1_n.bin']
North,2004,3,21,14.954,0, ['/ecs/DP1/PM/NSIDC-0051.001/2004.03.21/nt_20040321_f13_v1.1_n.bin']
North,2004,3,22,14.844,0, ['/ecs/DP1/PM/NSIDC-0051.001/2004.03.22/nt_20040322_f13_v1.1_n.bin']
North,2004,3,23,14.824,0, ['/ecs/DP1/PM/NSIDC-0051.001/2004.03.23/nt_20040323_f13_v1.1_n.bin']
North,2004,3,24,14.882,0, ['/ecs/DP1/PM/NSIDC-0051.001/2004.03.24/nt_20040324_f13_v1.1_n.bin']
North,2004,3,25,14.958,0, ['/ecs/DP1/PM/NSIDC-0051.001/2004.03.25/nt_20040325_f13_v1.1_n.bin']
North,2004,3,26,15.048,0, ['/ecs/DP1/PM/NSIDC-0051.001/2004.03.26/nt_20040326_f13_v1.1_n.bin']
North,2004,3,27,15.016,0, ['/ecs/DP1/PM/NSIDC-0051.001/2004.03.27/nt_20040327_f13_v1.1_n.bin']
North,2004,3,28,14.83,0, ['/ecs/DP1/PM/NSIDC-0051.001/2004.03.28/nt_20040328_f13_v1.1_n.bin']
North,2004,3,29,14.793,0, ['/ecs/DP1/PM/NSIDC-0051.001/2004.03.29/nt_20040329_f13_v1.1_n.bin']
North,2004,3,30,14.784,0, ['/ecs/DP1/PM/NSIDC-0051.001/2004.03.30/nt_20040330_f13_v1.1_n.bin']
North,2004,3,31,14.841,0, ['/ecs/DP1/PM/NSIDC-0051.001/2004.03.31/nt_20040331_f13_v1.1_n.bin']
North,2004,4,1,14.742,0, ['/ecs/DP1/PM/NSIDC-0051.001/2004.04.01/nt_20040401_f13_v1.1_n.bin']
North,2004,4,2,14.735,0, ['/ecs/DP1/PM/NSIDC-0051.001/2004.04.02/nt_20040402_f13_v1.1_n.bin']
North,2004,4,3,14.68,0, ['/ecs/DP1/PM/NSIDC-0051.001/2004.04.03/nt_20040403_f13_v1.1_n.bin']
North,2004,4,4,14.682,0, ['/ecs/DP1/PM/NSIDC-0051.001/2004.04.04/nt_20040404_f13_v1.1_n.bin']
North,2004,4,5,14.669,0, ['/ecs/DP1/PM/NSIDC-0051.001/2004.04.05/nt_20040405_f13_v1.1_n.bin']
North,2004,4,6,14.595,0, ['/ecs/DP1/PM/NSIDC-0051.001/2004.04.06/nt_20040406_f13_v1.1_n.bin']
North,2004,4,7,14.504,0, ['/ecs/DP1/PM/NSIDC-0051.001/2004.04.07/nt_20040407_f13_v1.1_n.bin']
North,2004,4,8,14.461,0, ['/ecs/DP1/PM/NSIDC-0051.001/2004.04.08/nt_20040408_f13_v1.1_n.bin']
North,2004,4,9,14.421,0, ['/ecs/DP1/PM/NSIDC-0051.001/2004.04.09/nt_20040409_f13_v1.1_n.bin']
North,2004,4,10,14.325,0, ['/ecs/DP1/PM/NSIDC-0051.001/2004.04.10/nt_20040410_f13_v1.1_n.bin']
North,2004,4,11,14.119,0, ['/ecs/DP1/PM/NSIDC-0051.001/2004.04.11/nt_20040411_f13_v1.1_n.bin']
North,2004,4,12,13.948,0, ['/ecs/DP1/PM/NSIDC-0051.001/2004.04.12/nt_20040412_f13_v1.1_n.bin']
North,2004,4,13,13.883,0, ['/ecs/DP1/PM/NSIDC-0051.001/2004.04.13/nt_20040413_f13_v1.1_n.bin']
North,2004,4,14,13.9,0, ['/ecs/DP1/PM/NSIDC-0051.001/2004.04.14/nt_20040414_f13_v1.1_n.bin']
North,2004,4,15,13.861,0, ['/ecs/DP1/PM/NSIDC-0051.001/2004.04.15/nt_20040415_f13_v1.1_n.bin']
North,2004,4,16,13.821,0, ['/ecs/DP1/PM/NSIDC-0051.001/2004.04.16/nt_20040416_f13_v1.1_n.bin']
North,2004,4,17,13.768,0, ['/ecs/DP1/PM/NSIDC-0051.001/2004.04.17/nt_20040417_f13_v1.1_n.bin']
North,2004,4,18,13.715,0, ['/ecs/DP1/PM/NSIDC-0051.001/2004.04.18/nt_20040418_f13_v1.1_n.bin']
North,2004,4,19,13.778,0, ['/ecs/DP1/PM/NSIDC-0051.001/2004.04.19/nt_20040419_f13_v1.1_n.bin']
North,2004,4,20,13.767,0, ['/ecs/DP1/PM/NSIDC-0051.001/2004.04.20/nt_20040420_f13_v1.1_n.bin']
North,2004,4,21,13.682,0, ['/ecs/DP1/PM/NSIDC-0051.001/2004.04.21/nt_20040421_f13_v1.1_n.bin']
North,2004,4,22,13.649,0, ['/ecs/DP1/PM/NSIDC-0051.001/2004.04.22/nt_20040422_f13_v1.1_n.bin']
North,2004,4,23,13.556,0, ['/ecs/DP1/PM/NSIDC-0051.001/2004.04.23/nt_20040423_f13_v1.1_n.bin']
North,2004,4,24,13.554,0, ['/ecs/DP1/PM/NSIDC-0051.001/2004.04.24/nt_20040424_f13_v1.1_n.bin']
North,2004,4,25,13.577,0, ['/ecs/DP1/PM/NSIDC-0051.001/2004.04.25/nt_20040425_f13_v1.1_n.bin']
North,2004,4,26,13.5,0, ['/ecs/DP1/PM/NSIDC-0051.001/2004.04.26/nt_20040426_f13_v1.1_n.bin']
North,2004,4,27,13.52,0, ['/ecs/DP1/PM/NSIDC-0051.001/2004.04.27/nt_20040427_f13_v1.1_n.bin']
North,2004,4,28,13.443,0, ['/ecs/DP1/PM/NSIDC-0051.001/2004.04.28/nt_20040428_f13_v1.1_n.bin']
North,2004,4,29,13.43,0, ['/ecs/DP1/PM/NSIDC-0051.001/2004.04.29/nt_20040429_f13_v1.1_n.bin']
North,2004,4,30,13.335,0, ['/ecs/DP1/PM/NSIDC-0051.001/2004.04.30/nt_20040430_f13_v1.1_n.bin']
North,2004,5,1,13.203,0, ['/ecs/DP1/PM/NSIDC-0051.001/2004.05.01/nt_20040501_f13_v1.1_n.bin']
North,2004,5,2,13.113,0, ['/ecs/DP1/PM/NSIDC-0051.001/2004.05.02/nt_20040502_f13_v1.1_n.bin']
North,2004,5,3,13.129,0, ['/ecs/DP1/PM/NSIDC-0051.001/2004.05.03/nt_20040503_f13_v1.1_n.bin']
North,2004,5,4,13.128,0, ['/ecs/DP1/PM/NSIDC-0051.001/2004.05.04/nt_20040504_f13_v1.1_n.bin']
North,2004,5,5,13.019,0, ['/ecs/DP1/PM/NSIDC-0051.001/2004.05.05/nt_20040505_f13_v1.1_n.bin']
North,2004,5,6,12.97,0, ['/ecs/DP1/PM/NSIDC-0051.001/2004.05.06/nt_20040506_f13_v1.1_n.bin']
North,2004,5,7,12.901,0, ['/ecs/DP1/PM/NSIDC-0051.001/2004.05.07/nt_20040507_f13_v1.1_n.bin']
North,2004,5,8,12.781,0, ['/ecs/DP1/PM/NSIDC-0051.001/2004.05.08/nt_20040508_f13_v1.1_n.bin']
North,2004,5,9,12.796,0, ['/ecs/DP1/PM/NSIDC-0051.001/2004.05.09/nt_20040509_f13_v1.1_n.bin']
North,2004,5,10,12.706,0, ['/ecs/DP1/PM/NSIDC-0051.001/2004.05.10/nt_20040510_f13_v1.1_n.bin']
North,2004,5,11,12.709,0, ['/ecs/DP1/PM/NSIDC-0051.001/2004.05.11/nt_20040511_f13_v1.1_n.bin']
North,2004,5,12,12.632,0, ['/ecs/DP1/PM/NSIDC-0051.001/2004.05.12/nt_20040512_f13_v1.1_n.bin']
North,2004,5,13,12.563,0, ['/ecs/DP1/PM/NSIDC-0051.001/2004.05.13/nt_20040513_f13_v1.1_n.bin']
North,2004,5,14,12.529,0, ['/ecs/DP1/PM/NSIDC-0051.001/2004.05.14/nt_20040514_f13_v1.1_n.bin']
North,2004,5,15,12.48,0, ['/ecs/DP1/PM/NSIDC-0051.001/2004.05.15/nt_20040515_f13_v1.1_n.bin']
North,2004,5,16,12.476,0, ['/ecs/DP1/PM/NSIDC-0051.001/2004.05.16/nt_20040516_f13_v1.1_n.bin']
North,2004,5,17,12.43,0, ['/ecs/DP1/PM/NSIDC-0051.001/2004.05.17/nt_20040517_f13_v1.1_n.bin']
North,2004,5,18,12.437,0, ['/ecs/DP1/PM/NSIDC-0051.001/2004.05.18/nt_20040518_f13_v1.1_n.bin']
North,2004,5,19,12.394,0, ['/ecs/DP1/PM/NSIDC-0051.001/2004.05.19/nt_20040519_f13_v1.1_n.bin']
North,2004,5,20,12.334,0, ['/ecs/DP1/PM/NSIDC-0051.001/2004.05.20/nt_20040520_f13_v1.1_n.bin']
North,2004,5,21,12.352,0, ['/ecs/DP1/PM/NSIDC-0051.001/2004.05.21/nt_20040521_f13_v1.1_n.bin']
North,2004,5,22,12.292,0, ['/ecs/DP1/PM/NSIDC-0051.001/2004.05.22/nt_20040522_f13_v1.1_n.bin']
North,2004,5,23,12.261,0, ['/ecs/DP1/PM/NSIDC-0051.001/2004.05.23/nt_20040523_f13_v1.1_n.bin']
North,2004,5,24,12.242,0, ['/ecs/DP1/PM/NSIDC-0051.001/2004.05.24/nt_20040524_f13_v1.1_n.bin']
North,2004,5,25,12.215,0, ['/ecs/DP1/PM/NSIDC-0051.001/2004.05.25/nt_20040525_f13_v1.1_n.bin']
North,2004,5,26,12.198,0, ['/ecs/DP1/PM/NSIDC-0051.001/2004.05.26/nt_20040526_f13_v1.1_n.bin']
North,2004,5,27,12.283,0, ['/ecs/DP1/PM/NSIDC-0051.001/2004.05.27/nt_20040527_f13_v1.1_n.bin']
North,2004,5,28,12.209,0, ['/ecs/DP1/PM/NSIDC-0051.001/2004.05.28/nt_20040528_f13_v1.1_n.bin']
North,2004,5,29,12.229,0, ['/ecs/DP1/PM/NSIDC-0051.001/2004.05.29/nt_20040529_f13_v1.1_n.bin']
North,2004,5,30,12.194,0, ['/ecs/DP1/PM/NSIDC-0051.001/2004.05.30/nt_20040530_f13_v1.1_n.bin']
North,2004,5,31,12.106,0, ['/ecs/DP1/PM/NSIDC-0051.001/2004.05.31/nt_20040531_f13_v1.1_n.bin']
North,2004,6,1,11.965,0, ['/ecs/DP1/PM/NSIDC-0051.001/2004.06.01/nt_20040601_f13_v1.1_n.bin']
North,2004,6,2,11.96,0, ['/ecs/DP1/PM/NSIDC-0051.001/2004.06.02/nt_20040602_f13_v1.1_n.bin']
North,2004,6,3,11.923,0, ['/ecs/DP1/PM/NSIDC-0051.001/2004.06.03/nt_20040603_f13_v1.1_n.bin']
North,2004,6,4,11.914,0, ['/ecs/DP1/PM/NSIDC-0051.001/2004.06.04/nt_20040604_f13_v1.1_n.bin']
North,2004,6,5,11.862,0, ['/ecs/DP1/PM/NSIDC-0051.001/2004.06.05/nt_20040605_f13_v1.1_n.bin']
North,2004,6,6,11.851,0, ['/ecs/DP1/PM/NSIDC-0051.001/2004.06.06/nt_20040606_f13_v1.1_n.bin']
North,2004,6,7,11.814,0, ['/ecs/DP1/PM/NSIDC-0051.001/2004.06.07/nt_20040607_f13_v1.1_n.bin']
North,2004,6,8,11.807,0, ['/ecs/DP1/PM/NSIDC-0051.001/2004.06.08/nt_20040608_f13_v1.1_n.bin']
North,2004,6,9,11.769,0, ['/ecs/DP1/PM/NSIDC-0051.001/2004.06.09/nt_20040609_f13_v1.1_n.bin']
North,2004,6,10,11.723,0, ['/ecs/DP1/PM/NSIDC-0051.001/2004.06.10/nt_20040610_f13_v1.1_n.bin']
North,2004,6,11,11.683,0, ['/ecs/DP1/PM/NSIDC-0051.001/2004.06.11/nt_20040611_f13_v1.1_n.bin']
North,2004,6,12,11.688,0, ['/ecs/DP1/PM/NSIDC-0051.001/2004.06.12/nt_20040612_f13_v1.1_n.bin']
North,2004,6,13,11.616,0, ['/ecs/DP1/PM/NSIDC-0051.001/2004.06.13/nt_20040613_f13_v1.1_n.bin']
North,2004,6,14,11.576,0, ['/ecs/DP1/PM/NSIDC-0051.001/2004.06.14/nt_20040614_f13_v1.1_n.bin']
North,2004,6,15,11.558,0, ['/ecs/DP1/PM/NSIDC-0051.001/2004.06.15/nt_20040615_f13_v1.1_n.bin']
North,2004,6,16,11.534,0, ['/ecs/DP1/PM/NSIDC-0051.001/2004.06.16/nt_20040616_f13_v1.1_n.bin']
North,2004,6,17,11.444,0, ['/ecs/DP1/PM/NSIDC-0051.001/2004.06.17/nt_20040617_f13_v1.1_n.bin']
North,2004,6,18,11.363,0, ['/ecs/DP1/PM/NSIDC-0051.001/2004.06.18/nt_20040618_f13_v1.1_n.bin']
North,2004,6,19,11.352,0, ['/ecs/DP1/PM/NSIDC-0051.001/2004.06.19/nt_20040619_f13_v1.1_n.bin']
North,2004,6,20,11.304,0, ['/ecs/DP1/PM/NSIDC-0051.001/2004.06.20/nt_20040620_f13_v1.1_n.bin']
North,2004,6,21,11.234,0, ['/ecs/DP1/PM/NSIDC-0051.001/2004.06.21/nt_20040621_f13_v1.1_n.bin']
North,2004,6,22,11.243,0, ['/ecs/DP1/PM/NSIDC-0051.001/2004.06.22/nt_20040622_f13_v1.1_n.bin']
North,2004,6,23,11.127,0, ['/ecs/DP1/PM/NSIDC-0051.001/2004.06.23/nt_20040623_f13_v1.1_n.bin']
North,2004,6,24,10.974,0, ['/ecs/DP1/PM/NSIDC-0051.001/2004.06.24/nt_20040624_f13_v1.1_n.bin']
North,2004,6,25,10.942,0, ['/ecs/DP1/PM/NSIDC-0051.001/2004.06.25/nt_20040625_f13_v1.1_n.bin']
North,2004,6,26,10.911,0, ['/ecs/DP1/PM/NSIDC-0051.001/2004.06.26/nt_20040626_f13_v1.1_n.bin']
North,2004,6,27,10.849,0, ['/ecs/DP1/PM/NSIDC-0051.001/2004.06.27/nt_20040627_f13_v1.1_n.bin']
North,2004,6,28,10.807,0, ['/ecs/DP1/PM/NSIDC-0051.001/2004.06.28/nt_20040628_f13_v1.1_n.bin']
North,2004,6,29,10.805,0, ['/ecs/DP1/PM/NSIDC-0051.001/2004.06.29/nt_20040629_f13_v1.1_n.bin']
North,2004,6,30,10.814,0, ['/ecs/DP1/PM/NSIDC-0051.001/2004.06.30/nt_20040630_f13_v1.1_n.bin']
North,2004,7,1,10.633,0, ['/ecs/DP1/PM/NSIDC-0051.001/2004.07.01/nt_20040701_f13_v1.1_n.bin']
North,2004,7,2,10.542,0, ['/ecs/DP1/PM/NSIDC-0051.001/2004.07.02/nt_20040702_f13_v1.1_n.bin']
North,2004,7,3,10.402,0, ['/ecs/DP1/PM/NSIDC-0051.001/2004.07.03/nt_20040703_f13_v1.1_n.bin']
North,2004,7,4,10.349,0, ['/ecs/DP1/PM/NSIDC-0051.001/2004.07.04/nt_20040704_f13_v1.1_n.bin']
North,2004,7,5,10.277,0, ['/ecs/DP1/PM/NSIDC-0051.001/2004.07.05/nt_20040705_f13_v1.1_n.bin']
North,2004,7,6,10.288,0, ['/ecs/DP1/PM/NSIDC-0051.001/2004.07.06/nt_20040706_f13_v1.1_n.bin']
North,2004,7,7,10.218,0, ['/ecs/DP1/PM/NSIDC-0051.001/2004.07.07/nt_20040707_f13_v1.1_n.bin']
North,2004,7,8,10.132,0, ['/ecs/DP1/PM/NSIDC-0051.001/2004.07.08/nt_20040708_f13_v1.1_n.bin']
North,2004,7,9,10.039,0, ['/ecs/DP1/PM/NSIDC-0051.001/2004.07.09/nt_20040709_f13_v1.1_n.bin']
North,2004,7,10,9.963,0, ['/ecs/DP1/PM/NSIDC-0051.001/2004.07.10/nt_20040710_f13_v1.1_n.bin']
North,2004,7,11,9.867,0, ['/ecs/DP1/PM/NSIDC-0051.001/2004.07.11/nt_20040711_f13_v1.1_n.bin']
North,2004,7,12,9.799,0, ['/ecs/DP1/PM/NSIDC-0051.001/2004.07.12/nt_20040712_f13_v1.1_n.bin']
North,2004,7,13,9.713,0, ['/ecs/DP1/PM/NSIDC-0051.001/2004.07.13/nt_20040713_f13_v1.1_n.bin']
North,2004,7,14,9.529,0, ['/ecs/DP1/PM/NSIDC-0051.001/2004.07.14/nt_20040714_f13_v1.1_n.bin']
North,2004,7,15,9.518,0, ['/ecs/DP1/PM/NSIDC-0051.001/2004.07.15/nt_20040715_f13_v1.1_n.bin']
North,2004,7,16,9.492,0, ['/ecs/DP1/PM/NSIDC-0051.001/2004.07.16/nt_20040716_f13_v1.1_n.bin']
North,2004,7,17,9.328,0, ['/ecs/DP1/PM/NSIDC-0051.001/2004.07.17/nt_20040717_f13_v1.1_n.bin']
North,2004,7,18,9.185,0, ['/ecs/DP1/PM/NSIDC-0051.001/2004.07.18/nt_20040718_f13_v1.1_n.bin']
North,2004,7,19,9.168,0, ['/ecs/DP1/PM/NSIDC-0051.001/2004.07.19/nt_20040719_f13_v1.1_n.bin']
North,2004,7,20,9.061,0, ['/ecs/DP1/PM/NSIDC-0051.001/2004.07.20/nt_20040720_f13_v1.1_n.bin']
North,2004,7,21,9.028,0, ['/ecs/DP1/PM/NSIDC-0051.001/2004.07.21/nt_20040721_f13_v1.1_n.bin']
North,2004,7,22,8.935,0, ['/ecs/DP1/PM/NSIDC-0051.001/2004.07.22/nt_20040722_f13_v1.1_n.bin']
North,2004,7,23,8.881,0, ['/ecs/DP1/PM/NSIDC-0051.001/2004.07.23/nt_20040723_f13_v1.1_n.bin']
North,2004,7,24,8.82,0, ['/ecs/DP1/PM/NSIDC-0051.001/2004.07.24/nt_20040724_f13_v1.1_n.bin']
North,2004,7,25,8.76,0, ['/ecs/DP1/PM/NSIDC-0051.001/2004.07.25/nt_20040725_f13_v1.1_n.bin']
North,2004,7,26,8.653,0, ['/ecs/DP1/PM/NSIDC-0051.001/2004.07.26/nt_20040726_f13_v1.1_n.bin']
North,2004,7,27,8.466,0, ['/ecs/DP1/PM/NSIDC-0051.001/2004.07.27/nt_20040727_f13_v1.1_n.bin']
North,2004,7,28,8.431,0, ['/ecs/DP1/PM/NSIDC-0051.001/2004.07.28/nt_20040728_f13_v1.1_n.bin']
North,2004,7,29,8.364,0, ['/ecs/DP1/PM/NSIDC-0051.001/2004.07.29/nt_20040729_f13_v1.1_n.bin']
North,2004,7,30,8.311,0, ['/ecs/DP1/PM/NSIDC-0051.001/2004.07.30/nt_20040730_f13_v1.1_n.bin']
North,2004,7,31,8.22,0, ['/ecs/DP1/PM/NSIDC-0051.001/2004.07.31/nt_20040731_f13_v1.1_n.bin']
North,2004,8,1,8.125,0, ['/ecs/DP1/PM/NSIDC-0051.001/2004.08.01/nt_20040801_f13_v1.1_n.bin']
North,2004,8,2,7.954,0, ['/ecs/DP1/PM/NSIDC-0051.001/2004.08.02/nt_20040802_f13_v1.1_n.bin']
North,2004,8,3,7.864,0, ['/ecs/DP1/PM/NSIDC-0051.001/2004.08.03/nt_20040803_f13_v1.1_n.bin']
North,2004,8,4,7.795,0, ['/ecs/DP1/PM/NSIDC-0051.001/2004.08.04/nt_20040804_f13_v1.1_n.bin']
North,2004,8,5,7.74,0, ['/ecs/DP1/PM/NSIDC-0051.001/2004.08.05/nt_20040805_f13_v1.1_n.bin']
North,2004,8,6,7.609,0, ['/ecs/DP1/PM/NSIDC-0051.001/2004.08.06/nt_20040806_f13_v1.1_n.bin']
North,2004,8,7,7.472,0, ['/ecs/DP1/PM/NSIDC-0051.001/2004.08.07/nt_20040807_f13_v1.1_n.bin']
North,2004,8,8,7.388,0, ['/ecs/DP1/PM/NSIDC-0051.001/2004.08.08/nt_20040808_f13_v1.1_n.bin']
North,2004,8,9,7.261,0, ['/ecs/DP1/PM/NSIDC-0051.001/2004.08.09/nt_20040809_f13_v1.1_n.bin']
North,2004,8,10,7.213,0, ['/ecs/DP1/PM/NSIDC-0051.001/2004.08.10/nt_20040810_f13_v1.1_n.bin']
North,2004,8,11,7.15,0, ['/ecs/DP1/PM/NSIDC-0051.001/2004.08.11/nt_20040811_f13_v1.1_n.bin']
North,2004,8,12,7.057,0, ['/ecs/DP1/PM/NSIDC-0051.001/2004.08.12/nt_20040812_f13_v1.1_n.bin']
North,2004,8,13,6.985,0, ['/ecs/DP1/PM/NSIDC-0051.001/2004.08.13/nt_20040813_f13_v1.1_n.bin']
North,2004,8,14,6.865,0, ['/ecs/DP1/PM/NSIDC-0051.001/2004.08.14/nt_20040814_f13_v1.1_n.bin']
North,2004,8,15,6.878,0, ['/ecs/DP1/PM/NSIDC-0051.001/2004.08.15/nt_20040815_f13_v1.1_n.bin']
North,2004,8,16,6.683,0, ['/ecs/DP1/PM/NSIDC-0051.001/2004.08.16/nt_20040816_f13_v1.1_n.bin']
North,2004,8,17,6.68,0, ['/ecs/DP1/PM/NSIDC-0051.001/2004.08.17/nt_20040817_f13_v1.1_n.bin']
North,2004,8,18,6.607,0, ['/ecs/DP1/PM/NSIDC-0051.001/2004.08.18/nt_20040818_f13_v1.1_n.bin']
North,2004,8,19,6.58,0, ['/ecs/DP1/PM/NSIDC-0051.001/2004.08.19/nt_20040819_f13_v1.1_n.bin']
North,2004,8,20,6.492,0, ['/ecs/DP1/PM/NSIDC-0051.001/2004.08.20/nt_20040820_f13_v1.1_n.bin']
North,2004,8,21,6.425,0, ['/ecs/DP1/PM/NSIDC-0051.001/2004.08.21/nt_20040821_f13_v1.1_n.bin']
North,2004,8,22,6.344,0, ['/ecs/DP1/PM/NSIDC-0051.001/2004.08.22/nt_20040822_f13_v1.1_n.bin']
North,2004,8,23,6.302,0, ['/ecs/DP1/PM/NSIDC-0051.001/2004.08.23/nt_20040823_f13_v1.1_n.bin']
North,2004,8,24,6.284,0, ['/ecs/DP1/PM/NSIDC-0051.001/2004.08.24/nt_20040824_f13_v1.1_n.bin']
North,2004,8,25,6.224,0, ['/ecs/DP1/PM/NSIDC-0051.001/2004.08.25/nt_20040825_f13_v1.1_n.bin']
North,2004,8,26,6.215,0, ['/ecs/DP1/PM/NSIDC-0051.001/2004.08.26/nt_20040826_f13_v1.1_n.bin']
North,2004,8,27,6.181,0, ['/ecs/DP1/PM/NSIDC-0051.001/2004.08.27/nt_20040827_f13_v1.1_n.bin']
North,2004,8,28,6.058,0, ['/ecs/DP1/PM/NSIDC-0051.001/2004.08.28/nt_20040828_f13_v1.1_n.bin']
North,2004,8,29,6.033,0, ['/ecs/DP1/PM/NSIDC-0051.001/2004.08.29/nt_20040829_f13_v1.1_n.bin']
North,2004,8,30,6.021,0, ['/ecs/DP1/PM/NSIDC-0051.001/2004.08.30/nt_20040830_f13_v1.1_n.bin']
North,2004,8,31,6.015,0, ['/ecs/DP1/PM/NSIDC-0051.001/2004.08.31/nt_20040831_f13_v1.1_n.bin']
North,2004,9,1,5.93,0, ['/ecs/DP1/PM/NSIDC-0051.001/2004.09.01/nt_20040901_f13_v1.1_n.bin']
North,2004,9,2,5.967,0, ['/ecs/DP1/PM/NSIDC-0051.001/2004.09.02/nt_20040902_f13_v1.1_n.bin']
North,2004,9,3,5.926,0, ['/ecs/DP1/PM/NSIDC-0051.001/2004.09.03/nt_20040903_f13_v1.1_n.bin']
North,2004,9,4,5.946,0, ['/ecs/DP1/PM/NSIDC-0051.001/2004.09.04/nt_20040904_f13_v1.1_n.bin']
North,2004,9,5,5.963,0, ['/ecs/DP1/PM/NSIDC-0051.001/2004.09.05/nt_20040905_f13_v1.1_n.bin']
North,2004,9,6,5.94,0, ['/ecs/DP1/PM/NSIDC-0051.001/2004.09.06/nt_20040906_f13_v1.1_n.bin']
North,2004,9,7,5.902,0, ['/ecs/DP1/PM/NSIDC-0051.001/2004.09.07/nt_20040907_f13_v1.1_n.bin']
North,2004,9,8,5.927,0, ['/ecs/DP1/PM/NSIDC-0051.001/2004.09.08/nt_20040908_f13_v1.1_n.bin']
North,2004,9,9,5.906,0, ['/ecs/DP1/PM/NSIDC-0051.001/2004.09.09/nt_20040909_f13_v1.1_n.bin']
North,2004,9,10,5.83,0, ['/ecs/DP1/PM/NSIDC-0051.001/2004.09.10/nt_20040910_f13_v1.1_n.bin']
North,2004,9,11,5.809,0, ['/ecs/DP1/PM/NSIDC-0051.001/2004.09.11/nt_20040911_f13_v1.1_n.bin']
North,2004,9,12,5.807,0, ['/ecs/DP1/PM/NSIDC-0051.001/2004.09.12/nt_20040912_f13_v1.1_n.bin']
North,2004,9,13,5.84,0, ['/ecs/DP1/PM/NSIDC-0051.001/2004.09.13/nt_20040913_f13_v1.1_n.bin']
North,2004,9,14,5.855,0, ['/ecs/DP1/PM/NSIDC-0051.001/2004.09.14/nt_20040914_f13_v1.1_n.bin']
North,2004,9,15,5.853,0, ['/ecs/DP1/PM/NSIDC-0051.001/2004.09.15/nt_20040915_f13_v1.1_n.bin']
North,2004,9,16,5.803,0, ['/ecs/DP1/PM/NSIDC-0051.001/2004.09.16/nt_20040916_f13_v1.1_n.bin']
North,2004,9,17,5.803,0, ['/ecs/DP1/PM/NSIDC-0051.001/2004.09.17/nt_20040917_f13_v1.1_n.bin']
North,2004,9,18,5.77,0, ['/ecs/DP1/PM/NSIDC-0051.001/2004.09.18/nt_20040918_f13_v1.1_n.bin']
North,2004,9,19,5.771,0, ['/ecs/DP1/PM/NSIDC-0051.001/2004.09.19/nt_20040919_f13_v1.1_n.bin']
North,2004,9,20,5.821,0, ['/ecs/DP1/PM/NSIDC-0051.001/2004.09.20/nt_20040920_f13_v1.1_n.bin']
North,2004,9,21,6.034,0, ['/ecs/DP1/PM/NSIDC-0051.001/2004.09.21/nt_20040921_f13_v1.1_n.bin']
North,2004,9,22,5.97,0, ['/ecs/DP1/PM/NSIDC-0051.001/2004.09.22/nt_20040922_f13_v1.1_n.bin']
North,2004,9,23,6,0, ['/ecs/DP1/PM/NSIDC-0051.001/2004.09.23/nt_20040923_f13_v1.1_n.bin']
North,2004,9,24,6.112,0, ['/ecs/DP1/PM/NSIDC-0051.001/2004.09.24/nt_20040924_f13_v1.1_n.bin']
North,2004,9,25,6.183,0, ['/ecs/DP1/PM/NSIDC-0051.001/2004.09.25/nt_20040925_f13_v1.1_n.bin']
North,2004,9,26,6.247,0, ['/ecs/DP1/PM/NSIDC-0051.001/2004.09.26/nt_20040926_f13_v1.1_n.bin']
North,2004,9,27,6.32,0, ['/ecs/DP1/PM/NSIDC-0051.001/2004.09.27/nt_20040927_f13_v1.1_n.bin']
North,2004,9,28,6.397,0, ['/ecs/DP1/PM/NSIDC-0051.001/2004.09.28/nt_20040928_f13_v1.1_n.bin']
North,2004,9,29,6.442,0, ['/ecs/DP1/PM/NSIDC-0051.001/2004.09.29/nt_20040929_f13_v1.1_n.bin']
North,2004,9,30,6.461,0, ['/ecs/DP1/PM/NSIDC-0051.001/2004.09.30/nt_20040930_f13_v1.1_n.bin']
North,2004,10,1,6.621,0, ['/ecs/DP1/PM/NSIDC-0051.001/2004.10.01/nt_20041001_f13_v1.1_n.bin']
North,2004,10,2,6.713,0, ['/ecs/DP1/PM/NSIDC-0051.001/2004.10.02/nt_20041002_f13_v1.1_n.bin']
North,2004,10,3,6.839,0, ['/ecs/DP1/PM/NSIDC-0051.001/2004.10.03/nt_20041003_f13_v1.1_n.bin']
North,2004,10,4,6.821,0, ['/ecs/DP1/PM/NSIDC-0051.001/2004.10.04/nt_20041004_f13_v1.1_n.bin']
North,2004,10,5,6.899,0, ['/ecs/DP1/PM/NSIDC-0051.001/2004.10.05/nt_20041005_f13_v1.1_n.bin']
North,2004,10,6,7.039,0, ['/ecs/DP1/PM/NSIDC-0051.001/2004.10.06/nt_20041006_f13_v1.1_n.bin']
North,2004,10,7,7.204,0, ['/ecs/DP1/PM/NSIDC-0051.001/2004.10.07/nt_20041007_f13_v1.1_n.bin']
North,2004,10,8,7.289,0, ['/ecs/DP1/PM/NSIDC-0051.001/2004.10.08/nt_20041008_f13_v1.1_n.bin']
North,2004,10,9,7.357,0, ['/ecs/DP1/PM/NSIDC-0051.001/2004.10.09/nt_20041009_f13_v1.1_n.bin']
North,2004,10,10,7.464,0, ['/ecs/DP1/PM/NSIDC-0051.001/2004.10.10/nt_20041010_f13_v1.1_n.bin']
North,2004,10,11,7.607,0, ['/ecs/DP1/PM/NSIDC-0051.001/2004.10.11/nt_20041011_f13_v1.1_n.bin']
North,2004,10,12,7.74,0, ['/ecs/DP1/PM/NSIDC-0051.001/2004.10.12/nt_20041012_f13_v1.1_n.bin']
North,2004,10,13,7.846,0, ['/ecs/DP1/PM/NSIDC-0051.001/2004.10.13/nt_20041013_f13_v1.1_n.bin']
North,2004,10,14,7.894,0, ['/ecs/DP1/PM/NSIDC-0051.001/2004.10.14/nt_20041014_f13_v1.1_n.bin']
North,2004,10,15,7.92,0, ['/ecs/DP1/PM/NSIDC-0051.001/2004.10.15/nt_20041015_f13_v1.1_n.bin']
North,2004,10,16,7.982,0, ['/ecs/DP1/PM/NSIDC-0051.001/2004.10.16/nt_20041016_f13_v1.1_n.bin']
North,2004,10,17,8.11,0, ['/ecs/DP1/PM/NSIDC-0051.001/2004.10.17/nt_20041017_f13_v1.1_n.bin']
North,2004,10,18,8.219,0, ['/ecs/DP1/PM/NSIDC-0051.001/2004.10.18/nt_20041018_f13_v1.1_n.bin']
North,2004,10,19,8.21,0, ['/ecs/DP1/PM/NSIDC-0051.001/2004.10.19/nt_20041019_f13_v1.1_n.bin']
North,2004,10,20,8.169,0, ['/ecs/DP1/PM/NSIDC-0051.001/2004.10.20/nt_20041020_f13_v1.1_n.bin']
North,2004,10,21,8.242,0, ['/ecs/DP1/PM/NSIDC-0051.001/2004.10.21/nt_20041021_f13_v1.1_n.bin']
North,2004,10,22,8.329,0, ['/ecs/DP1/PM/NSIDC-0051.001/2004.10.22/nt_20041022_f13_v1.1_n.bin']
North,2004,10,23,8.432,0, ['/ecs/DP1/PM/NSIDC-0051.001/2004.10.23/nt_20041023_f13_v1.1_n.bin']
North,2004,10,24,8.617,0, ['/ecs/DP1/PM/NSIDC-0051.001/2004.10.24/nt_20041024_f13_v1.1_n.bin']
North,2004,10,25,8.685,0, ['/ecs/DP1/PM/NSIDC-0051.001/2004.10.25/nt_20041025_f13_v1.1_n.bin']
North,2004,10,26,8.742,0, ['/ecs/DP1/PM/NSIDC-0051.001/2004.10.26/nt_20041026_f13_v1.1_n.bin']
North,2004,10,27,8.798,0, ['/ecs/DP1/PM/NSIDC-0051.001/2004.10.27/nt_20041027_f13_v1.1_n.bin']
North,2004,10,28,8.88,0, ['/ecs/DP1/PM/NSIDC-0051.001/2004.10.28/nt_20041028_f13_v1.1_n.bin']
North,2004,10,29,8.987,0, ['/ecs/DP1/PM/NSIDC-0051.001/2004.10.29/nt_20041029_f13_v1.1_n.bin']
North,2004,10,30,8.984,0, ['/ecs/DP1/PM/NSIDC-0051.001/2004.10.30/nt_20041030_f13_v1.1_n.bin']
North,2004,10,31,9.045,0, ['/ecs/DP1/PM/NSIDC-0051.001/2004.10.31/nt_20041031_f13_v1.1_n.bin']
North,2004,11,1,9.16,0, ['/ecs/DP1/PM/NSIDC-0051.001/2004.11.01/nt_20041101_f13_v1.1_n.bin']
North,2004,11,2,9.289,0, ['/ecs/DP1/PM/NSIDC-0051.001/2004.11.02/nt_20041102_f13_v1.1_n.bin']
North,2004,11,3,9.407,0, ['/ecs/DP1/PM/NSIDC-0051.001/2004.11.03/nt_20041103_f13_v1.1_n.bin']
North,2004,11,4,9.54,0, ['/ecs/DP1/PM/NSIDC-0051.001/2004.11.04/nt_20041104_f13_v1.1_n.bin']
North,2004,11,5,9.734,0, ['/ecs/DP1/PM/NSIDC-0051.001/2004.11.05/nt_20041105_f13_v1.1_n.bin']
North,2004,11,6,9.806,0, ['/ecs/DP1/PM/NSIDC-0051.001/2004.11.06/nt_20041106_f13_v1.1_n.bin']
North,2004,11,7,9.809,0, ['/ecs/DP1/PM/NSIDC-0051.001/2004.11.07/nt_20041107_f13_v1.1_n.bin']
North,2004,11,8,9.923,0, ['/ecs/DP1/PM/NSIDC-0051.001/2004.11.08/nt_20041108_f13_v1.1_n.bin']
North,2004,11,9,9.91,0, ['/ecs/DP1/PM/NSIDC-0051.001/2004.11.09/nt_20041109_f13_v1.1_n.bin']
North,2004,11,10,10.052,0, ['/ecs/DP1/PM/NSIDC-0051.001/2004.11.10/nt_20041110_f13_v1.1_n.bin']
North,2004,11,11,10.144,0, ['/ecs/DP1/PM/NSIDC-0051.001/2004.11.11/nt_20041111_f13_v1.1_n.bin']
North,2004,11,12,10.232,0, ['/ecs/DP1/PM/NSIDC-0051.001/2004.11.12/nt_20041112_f13_v1.1_n.bin']
North,2004,11,13,10.224,0, ['/ecs/DP1/PM/NSIDC-0051.001/2004.11.13/nt_20041113_f13_v1.1_n.bin']
North,2004,11,14,10.299,0, ['/ecs/DP1/PM/NSIDC-0051.001/2004.11.14/nt_20041114_f13_v1.1_n.bin']
North,2004,11,15,10.346,0, ['/ecs/DP1/PM/NSIDC-0051.001/2004.11.15/nt_20041115_f13_v1.1_n.bin']
North,2004,11,16,10.419,0, ['/ecs/DP1/PM/NSIDC-0051.001/2004.11.16/nt_20041116_f13_v1.1_n.bin']
North,2004,11,17,10.43,0, ['/ecs/DP1/PM/NSIDC-0051.001/2004.11.17/nt_20041117_f13_v1.1_n.bin']
North,2004,11,18,10.471,0, ['/ecs/DP1/PM/NSIDC-0051.001/2004.11.18/nt_20041118_f13_v1.1_n.bin']
North,2004,11,19,10.501,0, ['/ecs/DP1/PM/NSIDC-0051.001/2004.11.19/nt_20041119_f13_v1.1_n.bin']
North,2004,11,20,10.607,0, ['/ecs/DP1/PM/NSIDC-0051.001/2004.11.20/nt_20041120_f13_v1.1_n.bin']
North,2004,11,21,10.674,0, ['/ecs/DP1/PM/NSIDC-0051.001/2004.11.21/nt_20041121_f13_v1.1_n.bin']
North,2004,11,22,10.683,0, ['/ecs/DP1/PM/NSIDC-0051.001/2004.11.22/nt_20041122_f13_v1.1_n.bin']
North,2004,11,23,10.704,0, ['/ecs/DP1/PM/NSIDC-0051.001/2004.11.23/nt_20041123_f13_v1.1_n.bin']
North,2004,11,24,10.839,0, ['/ecs/DP1/PM/NSIDC-0051.001/2004.11.24/nt_20041124_f13_v1.1_n.bin']
North,2004,11,25,10.97,0, ['/ecs/DP1/PM/NSIDC-0051.001/2004.11.25/nt_20041125_f13_v1.1_n.bin']
North,2004,11,26,11.046,0, ['/ecs/DP1/PM/NSIDC-0051.001/2004.11.26/nt_20041126_f13_v1.1_n.bin']
North,2004,11,27,11.146,0, ['/ecs/DP1/PM/NSIDC-0051.001/2004.11.27/nt_20041127_f13_v1.1_n.bin']
North,2004,11,28,11.243,0, ['/ecs/DP1/PM/NSIDC-0051.001/2004.11.28/nt_20041128_f13_v1.1_n.bin']
North,2004,11,29,11.325,0, ['/ecs/DP1/PM/NSIDC-0051.001/2004.11.29/nt_20041129_f13_v1.1_n.bin']
North,2004,11,30,11.365,0, ['/ecs/DP1/PM/NSIDC-0051.001/2004.11.30/nt_20041130_f13_v1.1_n.bin']
North,2004,12,1,11.629,0, ['/ecs/DP1/PM/NSIDC-0051.001/2004.12.01/nt_20041201_f13_v1.1_n.bin']
North,2004,12,2,11.791,0, ['/ecs/DP1/PM/NSIDC-0051.001/2004.12.02/nt_20041202_f13_v1.1_n.bin']
North,2004,12,3,11.872,0, ['/ecs/DP1/PM/NSIDC-0051.001/2004.12.03/nt_20041203_f13_v1.1_n.bin']
North,2004,12,4,12.06,0, ['/ecs/DP1/PM/NSIDC-0051.001/2004.12.04/nt_20041204_f13_v1.1_n.bin']
North,2004,12,5,12.046,0, ['/ecs/DP1/PM/NSIDC-0051.001/2004.12.05/nt_20041205_f13_v1.1_n.bin']
North,2004,12,6,12.112,0, ['/ecs/DP1/PM/NSIDC-0051.001/2004.12.06/nt_20041206_f13_v1.1_n.bin']
North,2004,12,7,12.132,0, ['/ecs/DP1/PM/NSIDC-0051.001/2004.12.07/nt_20041207_f13_v1.1_n.bin']
North,2004,12,8,12.219,0, ['/ecs/DP1/PM/NSIDC-0051.001/2004.12.08/nt_20041208_f13_v1.1_n.bin']
North,2004,12,9,12.328,0, ['/ecs/DP1/PM/NSIDC-0051.001/2004.12.09/nt_20041209_f13_v1.1_n.bin']
North,2004,12,10,12.32,0, ['/ecs/DP1/PM/NSIDC-0051.001/2004.12.10/nt_20041210_f13_v1.1_n.bin']
North,2004,12,11,12.466,0, ['/ecs/DP1/PM/NSIDC-0051.001/2004.12.11/nt_20041211_f13_v1.1_n.bin']
North,2004,12,12,12.434,0, ['/ecs/DP1/PM/NSIDC-0051.001/2004.12.12/nt_20041212_f13_v1.1_n.bin']
North,2004,12,13,12.524,0, ['/ecs/DP1/PM/NSIDC-0051.001/2004.12.13/nt_20041213_f13_v1.1_n.bin']
North,2004,12,14,12.57,0, ['/ecs/DP1/PM/NSIDC-0051.001/2004.12.14/nt_20041214_f13_v1.1_n.bin']
North,2004,12,15,12.72,0, ['/ecs/DP1/PM/NSIDC-0051.001/2004.12.15/nt_20041215_f13_v1.1_n.bin']
North,2004,12,16,12.629,0, ['/ecs/DP1/PM/NSIDC-0051.001/2004.12.16/nt_20041216_f13_v1.1_n.bin']
North,2004,12,17,12.687,0, ['/ecs/DP1/PM/NSIDC-0051.001/2004.12.17/nt_20041217_f13_v1.1_n.bin']
North,2004,12,18,12.693,0, ['/ecs/DP1/PM/NSIDC-0051.001/2004.12.18/nt_20041218_f13_v1.1_n.bin']
North,2004,12,19,12.705,0, ['/ecs/DP1/PM/NSIDC-0051.001/2004.12.19/nt_20041219_f13_v1.1_n.bin']
North,2004,12,20,12.767,0, ['/ecs/DP1/PM/NSIDC-0051.001/2004.12.20/nt_20041220_f13_v1.1_n.bin']
North,2004,12,21,12.834,0, ['/ecs/DP1/PM/NSIDC-0051.001/2004.12.21/nt_20041221_f13_v1.1_n.bin']
North,2004,12,22,12.965,0, ['/ecs/DP1/PM/NSIDC-0051.001/2004.12.22/nt_20041222_f13_v1.1_n.bin']
North,2004,12,23,12.958,0, ['/ecs/DP1/PM/NSIDC-0051.001/2004.12.23/nt_20041223_f13_v1.1_n.bin']
North,2004,12,24,12.974,0, ['/ecs/DP1/PM/NSIDC-0051.001/2004.12.24/nt_20041224_f13_v1.1_n.bin']
North,2004,12,25,12.827,0, ['/ecs/DP1/PM/NSIDC-0051.001/2004.12.25/nt_20041225_f13_v1.1_n.bin']
North,2004,12,26,12.814,0, ['/ecs/DP1/PM/NSIDC-0051.001/2004.12.26/nt_20041226_f13_v1.1_n.bin']
North,2004,12,27,12.973,0, ['/ecs/DP1/PM/NSIDC-0051.001/2004.12.27/nt_20041227_f13_v1.1_n.bin']
North,2004,12,28,13.046,0, ['/ecs/DP1/PM/NSIDC-0051.001/2004.12.28/nt_20041228_f13_v1.1_n.bin']
North,2004,12,29,12.989,0, ['/ecs/DP1/PM/NSIDC-0051.001/2004.12.29/nt_20041229_f13_v1.1_n.bin']
North,2004,12,30,13.058,0, ['/ecs/DP1/PM/NSIDC-0051.001/2004.12.30/nt_20041230_f13_v1.1_n.bin']
North,2004,12,31,13.019,0, ['/ecs/DP1/PM/NSIDC-0051.001/2004.12.31/nt_20041231_f13_v1.1_n.bin']
North,2005,1,1,13.16,0, ['/ecs/DP1/PM/NSIDC-0051.001/2005.01.01/nt_20050101_f13_v1.1_n.bin']
North,2005,1,2,13.163,0, ['/ecs/DP1/PM/NSIDC-0051.001/2005.01.02/nt_20050102_f13_v1.1_n.bin']
North,2005,1,3,13.293,0, ['/ecs/DP1/PM/NSIDC-0051.001/2005.01.03/nt_20050103_f13_v1.1_n.bin']
North,2005,1,4,13.313,0, ['/ecs/DP1/PM/NSIDC-0051.001/2005.01.04/nt_20050104_f13_v1.1_n.bin']
North,2005,1,5,13.383,0, ['/ecs/DP1/PM/NSIDC-0051.001/2005.01.05/nt_20050105_f13_v1.1_n.bin']
North,2005,1,6,13.324,0, ['/ecs/DP1/PM/NSIDC-0051.001/2005.01.06/nt_20050106_f13_v1.1_n.bin']
North,2005,1,7,13.452,0, ['/ecs/DP1/PM/NSIDC-0051.001/2005.01.07/nt_20050107_f13_v1.1_n.bin']
North,2005,1,8,13.404,0, ['/ecs/DP1/PM/NSIDC-0051.001/2005.01.08/nt_20050108_f13_v1.1_n.bin']
North,2005,1,9,13.431,0, ['/ecs/DP1/PM/NSIDC-0051.001/2005.01.09/nt_20050109_f13_v1.1_n.bin']
North,2005,1,10,13.503,0, ['/ecs/DP1/PM/NSIDC-0051.001/2005.01.10/nt_20050110_f13_v1.1_n.bin']
North,2005,1,11,13.55,0, ['/ecs/DP1/PM/NSIDC-0051.001/2005.01.11/nt_20050111_f13_v1.1_n.bin']
North,2005,1,12,13.516,0, ['/ecs/DP1/PM/NSIDC-0051.001/2005.01.12/nt_20050112_f13_v1.1_n.bin']
North,2005,1,13,13.656,0, ['/ecs/DP1/PM/NSIDC-0051.001/2005.01.13/nt_20050113_f13_v1.1_n.bin']
North,2005,1,14,13.62,0, ['/ecs/DP1/PM/NSIDC-0051.001/2005.01.14/nt_20050114_f13_v1.1_n.bin']
North,2005,1,15,13.604,0, ['/ecs/DP1/PM/NSIDC-0051.001/2005.01.15/nt_20050115_f13_v1.1_n.bin']
North,2005,1,16,13.74,0, ['/ecs/DP1/PM/NSIDC-0051.001/2005.01.16/nt_20050116_f13_v1.1_n.bin']
North,2005,1,17,13.809,0, ['/ecs/DP1/PM/NSIDC-0051.001/2005.01.17/nt_20050117_f13_v1.1_n.bin']
North,2005,1,18,13.711,0, ['/ecs/DP1/PM/NSIDC-0051.001/2005.01.18/nt_20050118_f13_v1.1_n.bin']
North,2005,1,19,13.705,0, ['/ecs/DP1/PM/NSIDC-0051.001/2005.01.19/nt_20050119_f13_v1.1_n.bin']
North,2005,1,20,13.765,0, ['/ecs/DP1/PM/NSIDC-0051.001/2005.01.20/nt_20050120_f13_v1.1_n.bin']
North,2005,1,21,13.705,0, ['/ecs/DP1/PM/NSIDC-0051.001/2005.01.21/nt_20050121_f13_v1.1_n.bin']
North,2005,1,22,13.764,0, ['/ecs/DP1/PM/NSIDC-0051.001/2005.01.22/nt_20050122_f13_v1.1_n.bin']
North,2005,1,23,13.851,0, ['/ecs/DP1/PM/NSIDC-0051.001/2005.01.23/nt_20050123_f13_v1.1_n.bin']
North,2005,1,24,13.963,0, ['/ecs/DP1/PM/NSIDC-0051.001/2005.01.24/nt_20050124_f13_v1.1_n.bin']
North,2005,1,25,13.981,0, ['/ecs/DP1/PM/NSIDC-0051.001/2005.01.25/nt_20050125_f13_v1.1_n.bin']
North,2005,1,26,13.892,0, ['/ecs/DP1/PM/NSIDC-0051.001/2005.01.26/nt_20050126_f13_v1.1_n.bin']
North,2005,1,27,13.931,0, ['/ecs/DP1/PM/NSIDC-0051.001/2005.01.27/nt_20050127_f13_v1.1_n.bin']
North,2005,1,28,14.064,0, ['/ecs/DP1/PM/NSIDC-0051.001/2005.01.28/nt_20050128_f13_v1.1_n.bin']
North,2005,1,29,14.097,0, ['/ecs/DP1/PM/NSIDC-0051.001/2005.01.29/nt_20050129_f13_v1.1_n.bin']
North,2005,1,30,14.136,0, ['/ecs/DP1/PM/NSIDC-0051.001/2005.01.30/nt_20050130_f13_v1.1_n.bin']
North,2005,1,31,14.019,0, ['/ecs/DP1/PM/NSIDC-0051.001/2005.01.31/nt_20050131_f13_v1.1_n.bin']
North,2005,2,1,14.031,0, ['/ecs/DP1/PM/NSIDC-0051.001/2005.02.01/nt_20050201_f13_v1.1_n.bin']
North,2005,2,2,14.071,0, ['/ecs/DP1/PM/NSIDC-0051.001/2005.02.02/nt_20050202_f13_v1.1_n.bin']
North,2005,2,3,14.145,0, ['/ecs/DP1/PM/NSIDC-0051.001/2005.02.03/nt_20050203_f13_v1.1_n.bin']
North,2005,2,4,14.128,0, ['/ecs/DP1/PM/NSIDC-0051.001/2005.02.04/nt_20050204_f13_v1.1_n.bin']
North,2005,2,5,14.107,0, ['/ecs/DP1/PM/NSIDC-0051.001/2005.02.05/nt_20050205_f13_v1.1_n.bin']
North,2005,2,6,14.076,0, ['/ecs/DP1/PM/NSIDC-0051.001/2005.02.06/nt_20050206_f13_v1.1_n.bin']
North,2005,2,7,14.089,0, ['/ecs/DP1/PM/NSIDC-0051.001/2005.02.07/nt_20050207_f13_v1.1_n.bin']
North,2005,2,8,14.171,0, ['/ecs/DP1/PM/NSIDC-0051.001/2005.02.08/nt_20050208_f13_v1.1_n.bin']
North,2005,2,9,14.259,0, ['/ecs/DP1/PM/NSIDC-0051.001/2005.02.09/nt_20050209_f13_v1.1_n.bin']
North,2005,2,10,14.296,0, ['/ecs/DP1/PM/NSIDC-0051.001/2005.02.10/nt_20050210_f13_v1.1_n.bin']
North,2005,2,11,14.278,0, ['/ecs/DP1/PM/NSIDC-0051.001/2005.02.11/nt_20050211_f13_v1.1_n.bin']
North,2005,2,12,14.302,0, ['/ecs/DP1/PM/NSIDC-0051.001/2005.02.12/nt_20050212_f13_v1.1_n.bin']
North,2005,2,13,14.332,0, ['/ecs/DP1/PM/NSIDC-0051.001/2005.02.13/nt_20050213_f13_v1.1_n.bin']
North,2005,2,14,14.405,0, ['/ecs/DP1/PM/NSIDC-0051.001/2005.02.14/nt_20050214_f13_v1.1_n.bin']
North,2005,2,15,14.456,0, ['/ecs/DP1/PM/NSIDC-0051.001/2005.02.15/nt_20050215_f13_v1.1_n.bin']
North,2005,2,16,14.515,0, ['/ecs/DP1/PM/NSIDC-0051.001/2005.02.16/nt_20050216_f13_v1.1_n.bin']
North,2005,2,17,14.467,0, ['/ecs/DP1/PM/NSIDC-0051.001/2005.02.17/nt_20050217_f13_v1.1_n.bin']
North,2005,2,18,14.415,0, ['/ecs/DP1/PM/NSIDC-0051.001/2005.02.18/nt_20050218_f13_v1.1_n.bin']
North,2005,2,19,14.427,0, ['/ecs/DP1/PM/NSIDC-0051.001/2005.02.19/nt_20050219_f13_v1.1_n.bin']
North,2005,2,20,14.469,0, ['/ecs/DP1/PM/NSIDC-0051.001/2005.02.20/nt_20050220_f13_v1.1_n.bin']
North,2005,2,21,14.454,0, ['/ecs/DP1/PM/NSIDC-0051.001/2005.02.21/nt_20050221_f13_v1.1_n.bin']
North,2005,2,22,14.431,0, ['/ecs/DP1/PM/NSIDC-0051.001/2005.02.22/nt_20050222_f13_v1.1_n.bin']
North,2005,2,23,14.541,0, ['/ecs/DP1/PM/NSIDC-0051.001/2005.02.23/nt_20050223_f13_v1.1_n.bin']
North,2005,2,24,14.592,0, ['/ecs/DP1/PM/NSIDC-0051.001/2005.02.24/nt_20050224_f13_v1.1_n.bin']
North,2005,2,25,14.652,0, ['/ecs/DP1/PM/NSIDC-0051.001/2005.02.25/nt_20050225_f13_v1.1_n.bin']
North,2005,2,26,14.737,0, ['/ecs/DP1/PM/NSIDC-0051.001/2005.02.26/nt_20050226_f13_v1.1_n.bin']
North,2005,2,27,14.815,0, ['/ecs/DP1/PM/NSIDC-0051.001/2005.02.27/nt_20050227_f13_v1.1_n.bin']
North,2005,2,28,14.779,0, ['/ecs/DP1/PM/NSIDC-0051.001/2005.02.28/nt_20050228_f13_v1.1_n.bin']
North,2005,3,1,14.874,0, ['/ecs/DP1/PM/NSIDC-0051.001/2005.03.01/nt_20050301_f13_v1.1_n.bin']
North,2005,3,2,14.926,0, ['/ecs/DP1/PM/NSIDC-0051.001/2005.03.02/nt_20050302_f13_v1.1_n.bin']
North,2005,3,3,14.84,0, ['/ecs/DP1/PM/NSIDC-0051.001/2005.03.03/nt_20050303_f13_v1.1_n.bin']
North,2005,3,4,14.851,0, ['/ecs/DP1/PM/NSIDC-0051.001/2005.03.04/nt_20050304_f13_v1.1_n.bin']
North,2005,3,5,14.9,0, ['/ecs/DP1/PM/NSIDC-0051.001/2005.03.05/nt_20050305_f13_v1.1_n.bin']
North,2005,3,6,14.903,0, ['/ecs/DP1/PM/NSIDC-0051.001/2005.03.06/nt_20050306_f13_v1.1_n.bin']
North,2005,3,7,14.906,0, ['/ecs/DP1/PM/NSIDC-0051.001/2005.03.07/nt_20050307_f13_v1.1_n.bin']
North,2005,3,8,14.935,0, ['/ecs/DP1/PM/NSIDC-0051.001/2005.03.08/nt_20050308_f13_v1.1_n.bin']
North,2005,3,9,14.993,0, ['/ecs/DP1/PM/NSIDC-0051.001/2005.03.09/nt_20050309_f13_v1.1_n.bin']
North,2005,3,10,14.891,0, ['/ecs/DP1/PM/NSIDC-0051.001/2005.03.10/nt_20050310_f13_v1.1_n.bin']
North,2005,3,11,14.95,0, ['/ecs/DP1/PM/NSIDC-0051.001/2005.03.11/nt_20050311_f13_v1.1_n.bin']
North,2005,3,12,14.992,0, ['/ecs/DP1/PM/NSIDC-0051.001/2005.03.12/nt_20050312_f13_v1.1_n.bin']
North,2005,3,13,14.893,0, ['/ecs/DP1/PM/NSIDC-0051.001/2005.03.13/nt_20050313_f13_v1.1_n.bin']
North,2005,3,14,14.761,0, ['/ecs/DP1/PM/NSIDC-0051.001/2005.03.14/nt_20050314_f13_v1.1_n.bin']
North,2005,3,15,14.708,0, ['/ecs/DP1/PM/NSIDC-0051.001/2005.03.15/nt_20050315_f13_v1.1_n.bin']
North,2005,3,16,14.712,0, ['/ecs/DP1/PM/NSIDC-0051.001/2005.03.16/nt_20050316_f13_v1.1_n.bin']
North,2005,3,17,14.73,0, ['/ecs/DP1/PM/NSIDC-0051.001/2005.03.17/nt_20050317_f13_v1.1_n.bin']
North,2005,3,18,14.642,0, ['/ecs/DP1/PM/NSIDC-0051.001/2005.03.18/nt_20050318_f13_v1.1_n.bin']
North,2005,3,19,14.556,0, ['/ecs/DP1/PM/NSIDC-0051.001/2005.03.19/nt_20050319_f13_v1.1_n.bin']
North,2005,3,20,14.475,0, ['/ecs/DP1/PM/NSIDC-0051.001/2005.03.20/nt_20050320_f13_v1.1_n.bin']
North,2005,3,21,14.442,0, ['/ecs/DP1/PM/NSIDC-0051.001/2005.03.21/nt_20050321_f13_v1.1_n.bin']
North,2005,3,22,14.435,0, ['/ecs/DP1/PM/NSIDC-0051.001/2005.03.22/nt_20050322_f13_v1.1_n.bin']
North,2005,3,23,14.434,0, ['/ecs/DP1/PM/NSIDC-0051.001/2005.03.23/nt_20050323_f13_v1.1_n.bin']
North,2005,3,24,14.437,0, ['/ecs/DP1/PM/NSIDC-0051.001/2005.03.24/nt_20050324_f13_v1.1_n.bin']
North,2005,3,25,14.432,0, ['/ecs/DP1/PM/NSIDC-0051.001/2005.03.25/nt_20050325_f13_v1.1_n.bin']
North,2005,3,26,14.41,0, ['/ecs/DP1/PM/NSIDC-0051.001/2005.03.26/nt_20050326_f13_v1.1_n.bin']
North,2005,3,27,14.393,0, ['/ecs/DP1/PM/NSIDC-0051.001/2005.03.27/nt_20050327_f13_v1.1_n.bin']
North,2005,3,28,14.422,0, ['/ecs/DP1/PM/NSIDC-0051.001/2005.03.28/nt_20050328_f13_v1.1_n.bin']
North,2005,3,29,14.509,0, ['/ecs/DP1/PM/NSIDC-0051.001/2005.03.29/nt_20050329_f13_v1.1_n.bin']
North,2005,3,30,14.508,0, ['/ecs/DP1/PM/NSIDC-0051.001/2005.03.30/nt_20050330_f13_v1.1_n.bin']
North,2005,3,31,14.425,0, ['/ecs/DP1/PM/NSIDC-0051.001/2005.03.31/nt_20050331_f13_v1.1_n.bin']
North,2005,4,1,14.398,0, ['/ecs/DP1/PM/NSIDC-0051.001/2005.04.01/nt_20050401_f13_v1.1_n.bin']
North,2005,4,2,14.314,0, ['/ecs/DP1/PM/NSIDC-0051.001/2005.04.02/nt_20050402_f13_v1.1_n.bin']
North,2005,4,3,14.414,0, ['/ecs/DP1/PM/NSIDC-0051.001/2005.04.03/nt_20050403_f13_v1.1_n.bin']
North,2005,4,4,14.396,0, ['/ecs/DP1/PM/NSIDC-0051.001/2005.04.04/nt_20050404_f13_v1.1_n.bin']
North,2005,4,5,14.43,0, ['/ecs/DP1/PM/NSIDC-0051.001/2005.04.05/nt_20050405_f13_v1.1_n.bin']
North,2005,4,6,14.369,0, ['/ecs/DP1/PM/NSIDC-0051.001/2005.04.06/nt_20050406_f13_v1.1_n.bin']
North,2005,4,7,14.342,0, ['/ecs/DP1/PM/NSIDC-0051.001/2005.04.07/nt_20050407_f13_v1.1_n.bin']
North,2005,4,8,14.345,0, ['/ecs/DP1/PM/NSIDC-0051.001/2005.04.08/nt_20050408_f13_v1.1_n.bin']
North,2005,4,9,14.279,0, ['/ecs/DP1/PM/NSIDC-0051.001/2005.04.09/nt_20050409_f13_v1.1_n.bin']
North,2005,4,10,14.194,0, ['/ecs/DP1/PM/NSIDC-0051.001/2005.04.10/nt_20050410_f13_v1.1_n.bin']
North,2005,4,11,14.248,0, ['/ecs/DP1/PM/NSIDC-0051.001/2005.04.11/nt_20050411_f13_v1.1_n.bin']
North,2005,4,12,14.206,0, ['/ecs/DP1/PM/NSIDC-0051.001/2005.04.12/nt_20050412_f13_v1.1_n.bin']
North,2005,4,13,14.142,0, ['/ecs/DP1/PM/NSIDC-0051.001/2005.04.13/nt_20050413_f13_v1.1_n.bin']
North,2005,4,14,14.142,0, ['/ecs/DP1/PM/NSIDC-0051.001/2005.04.14/nt_20050414_f13_v1.1_n.bin']
North,2005,4,15,14.038,0, ['/ecs/DP1/PM/NSIDC-0051.001/2005.04.15/nt_20050415_f13_v1.1_n.bin']
North,2005,4,16,14.009,0, ['/ecs/DP1/PM/NSIDC-0051.001/2005.04.16/nt_20050416_f13_v1.1_n.bin']
North,2005,4,17,14.013,0, ['/ecs/DP1/PM/NSIDC-0051.001/2005.04.17/nt_20050417_f13_v1.1_n.bin']
North,2005,4,18,14.003,0, ['/ecs/DP1/PM/NSIDC-0051.001/2005.04.18/nt_20050418_f13_v1.1_n.bin']
North,2005,4,19,13.965,0, ['/ecs/DP1/PM/NSIDC-0051.001/2005.04.19/nt_20050419_f13_v1.1_n.bin']
North,2005,4,20,14.023,0, ['/ecs/DP1/PM/NSIDC-0051.001/2005.04.20/nt_20050420_f13_v1.1_n.bin']
North,2005,4,21,14.016,0, ['/ecs/DP1/PM/NSIDC-0051.001/2005.04.21/nt_20050421_f13_v1.1_n.bin']
North,2005,4,22,13.954,0, ['/ecs/DP1/PM/NSIDC-0051.001/2005.04.22/nt_20050422_f13_v1.1_n.bin']
North,2005,4,23,13.88,0, ['/ecs/DP1/PM/NSIDC-0051.001/2005.04.23/nt_20050423_f13_v1.1_n.bin']
North,2005,4,24,13.927,0, ['/ecs/DP1/PM/NSIDC-0051.001/2005.04.24/nt_20050424_f13_v1.1_n.bin']
North,2005,4,25,13.908,0, ['/ecs/DP1/PM/NSIDC-0051.001/2005.04.25/nt_20050425_f13_v1.1_n.bin']
North,2005,4,26,13.795,0, ['/ecs/DP1/PM/NSIDC-0051.001/2005.04.26/nt_20050426_f13_v1.1_n.bin']
North,2005,4,27,13.782,0, ['/ecs/DP1/PM/NSIDC-0051.001/2005.04.27/nt_20050427_f13_v1.1_n.bin']
North,2005,4,28,13.737,0, ['/ecs/DP1/PM/NSIDC-0051.001/2005.04.28/nt_20050428_f13_v1.1_n.bin']
North,2005,4,29,13.725,0, ['/ecs/DP1/PM/NSIDC-0051.001/2005.04.29/nt_20050429_f13_v1.1_n.bin']
North,2005,4,30,13.701,0, ['/ecs/DP1/PM/NSIDC-0051.001/2005.04.30/nt_20050430_f13_v1.1_n.bin']
North,2005,5,1,13.581,0, ['/ecs/DP1/PM/NSIDC-0051.001/2005.05.01/nt_20050501_f13_v1.1_n.bin']
North,2005,5,2,13.464,0, ['/ecs/DP1/PM/NSIDC-0051.001/2005.05.02/nt_20050502_f13_v1.1_n.bin']
North,2005,5,3,13.397,0, ['/ecs/DP1/PM/NSIDC-0051.001/2005.05.03/nt_20050503_f13_v1.1_n.bin']
North,2005,5,4,13.314,0, ['/ecs/DP1/PM/NSIDC-0051.001/2005.05.04/nt_20050504_f13_v1.1_n.bin']
North,2005,5,5,13.264,0, ['/ecs/DP1/PM/NSIDC-0051.001/2005.05.05/nt_20050505_f13_v1.1_n.bin']
North,2005,5,6,13.247,0, ['/ecs/DP1/PM/NSIDC-0051.001/2005.05.06/nt_20050506_f13_v1.1_n.bin']
North,2005,5,7,13.211,0, ['/ecs/DP1/PM/NSIDC-0051.001/2005.05.07/nt_20050507_f13_v1.1_n.bin']
North,2005,5,8,13.205,0, ['/ecs/DP1/PM/NSIDC-0051.001/2005.05.08/nt_20050508_f13_v1.1_n.bin']
North,2005,5,9,13.215,0, ['/ecs/DP1/PM/NSIDC-0051.001/2005.05.09/nt_20050509_f13_v1.1_n.bin']
North,2005,5,10,13.227,0, ['/ecs/DP1/PM/NSIDC-0051.001/2005.05.10/nt_20050510_f13_v1.1_n.bin']
North,2005,5,11,13.119,0, ['/ecs/DP1/PM/NSIDC-0051.001/2005.05.11/nt_20050511_f13_v1.1_n.bin']
North,2005,5,12,13.109,0, ['/ecs/DP1/PM/NSIDC-0051.001/2005.05.12/nt_20050512_f13_v1.1_n.bin']
North,2005,5,13,13.108,0, ['/ecs/DP1/PM/NSIDC-0051.001/2005.05.13/nt_20050513_f13_v1.1_n.bin']
North,2005,5,14,13.083,0, ['/ecs/DP1/PM/NSIDC-0051.001/2005.05.14/nt_20050514_f13_v1.1_n.bin']
North,2005,5,15,13.025,0, ['/ecs/DP1/PM/NSIDC-0051.001/2005.05.15/nt_20050515_f13_v1.1_n.bin']
North,2005,5,16,12.945,0, ['/ecs/DP1/PM/NSIDC-0051.001/2005.05.16/nt_20050516_f13_v1.1_n.bin']
North,2005,5,17,12.906,0, ['/ecs/DP1/PM/NSIDC-0051.001/2005.05.17/nt_20050517_f13_v1.1_n.bin']
North,2005,5,18,12.911,0, ['/ecs/DP1/PM/NSIDC-0051.001/2005.05.18/nt_20050518_f13_v1.1_n.bin']
North,2005,5,19,12.87,0, ['/ecs/DP1/PM/NSIDC-0051.001/2005.05.19/nt_20050519_f13_v1.1_n.bin']
North,2005,5,20,12.861,0, ['/ecs/DP1/PM/NSIDC-0051.001/2005.05.20/nt_20050520_f13_v1.1_n.bin']
North,2005,5,21,12.795,0, ['/ecs/DP1/PM/NSIDC-0051.001/2005.05.21/nt_20050521_f13_v1.1_n.bin']
North,2005,5,22,12.688,0, ['/ecs/DP1/PM/NSIDC-0051.001/2005.05.22/nt_20050522_f13_v1.1_n.bin']
North,2005,5,23,12.615,0, ['/ecs/DP1/PM/NSIDC-0051.001/2005.05.23/nt_20050523_f13_v1.1_n.bin']
North,2005,5,24,12.552,0, ['/ecs/DP1/PM/NSIDC-0051.001/2005.05.24/nt_20050524_f13_v1.1_n.bin']
North,2005,5,25,12.548,0, ['/ecs/DP1/PM/NSIDC-0051.001/2005.05.25/nt_20050525_f13_v1.1_n.bin']
North,2005,5,26,12.429,0, ['/ecs/DP1/PM/NSIDC-0051.001/2005.05.26/nt_20050526_f13_v1.1_n.bin']
North,2005,5,27,12.402,0, ['/ecs/DP1/PM/NSIDC-0051.001/2005.05.27/nt_20050527_f13_v1.1_n.bin']
North,2005,5,28,12.365,0, ['/ecs/DP1/PM/NSIDC-0051.001/2005.05.28/nt_20050528_f13_v1.1_n.bin']
North,2005,5,29,12.352,0, ['/ecs/DP1/PM/NSIDC-0051.001/2005.05.29/nt_20050529_f13_v1.1_n.bin']
North,2005,5,30,12.267,0, ['/ecs/DP1/PM/NSIDC-0051.001/2005.05.30/nt_20050530_f13_v1.1_n.bin']
North,2005,5,31,12.169,0, ['/ecs/DP1/PM/NSIDC-0051.001/2005.05.31/nt_20050531_f13_v1.1_n.bin']
North,2005,6,1,12.019,0, ['/ecs/DP1/PM/NSIDC-0051.001/2005.06.01/nt_20050601_f13_v1.1_n.bin']
North,2005,6,2,11.899,0, ['/ecs/DP1/PM/NSIDC-0051.001/2005.06.02/nt_20050602_f13_v1.1_n.bin']
North,2005,6,3,11.785,0, ['/ecs/DP1/PM/NSIDC-0051.001/2005.06.03/nt_20050603_f13_v1.1_n.bin']
North,2005,6,4,11.736,0, ['/ecs/DP1/PM/NSIDC-0051.001/2005.06.04/nt_20050604_f13_v1.1_n.bin']
North,2005,6,5,11.705,0, ['/ecs/DP1/PM/NSIDC-0051.001/2005.06.05/nt_20050605_f13_v1.1_n.bin']
North,2005,6,6,11.637,0, ['/ecs/DP1/PM/NSIDC-0051.001/2005.06.06/nt_20050606_f13_v1.1_n.bin']
North,2005,6,7,11.625,0, ['/ecs/DP1/PM/NSIDC-0051.001/2005.06.07/nt_20050607_f13_v1.1_n.bin']
North,2005,6,8,11.53,0, ['/ecs/DP1/PM/NSIDC-0051.001/2005.06.08/nt_20050608_f13_v1.1_n.bin']
North,2005,6,9,11.53,0, ['/ecs/DP1/PM/NSIDC-0051.001/2005.06.09/nt_20050609_f13_v1.1_n.bin']
North,2005,6,10,11.477,0, ['/ecs/DP1/PM/NSIDC-0051.001/2005.06.10/nt_20050610_f13_v1.1_n.bin']
North,2005,6,11,11.468,0, ['/ecs/DP1/PM/NSIDC-0051.001/2005.06.11/nt_20050611_f13_v1.1_n.bin']
North,2005,6,12,11.456,0, ['/ecs/DP1/PM/NSIDC-0051.001/2005.06.12/nt_20050612_f13_v1.1_n.bin']
North,2005,6,13,11.369,0, ['/ecs/DP1/PM/NSIDC-0051.001/2005.06.13/nt_20050613_f13_v1.1_n.bin']
North,2005,6,14,11.338,0, ['/ecs/DP1/PM/NSIDC-0051.001/2005.06.14/nt_20050614_f13_v1.1_n.bin']
North,2005,6,15,11.261,0, ['/ecs/DP1/PM/NSIDC-0051.001/2005.06.15/nt_20050615_f13_v1.1_n.bin']
North,2005,6,16,11.184,0, ['/ecs/DP1/PM/NSIDC-0051.001/2005.06.16/nt_20050616_f13_v1.1_n.bin']
North,2005,6,17,11.145,0, ['/ecs/DP1/PM/NSIDC-0051.001/2005.06.17/nt_20050617_f13_v1.1_n.bin']
North,2005,6,18,11.12,0, ['/ecs/DP1/PM/NSIDC-0051.001/2005.06.18/nt_20050618_f13_v1.1_n.bin']
North,2005,6,19,11.056,0, ['/ecs/DP1/PM/NSIDC-0051.001/2005.06.19/nt_20050619_f13_v1.1_n.bin']
North,2005,6,20,10.965,0, ['/ecs/DP1/PM/NSIDC-0051.001/2005.06.20/nt_20050620_f13_v1.1_n.bin']
North,2005,6,21,10.913,0, ['/ecs/DP1/PM/NSIDC-0051.001/2005.06.21/nt_20050621_f13_v1.1_n.bin']
North,2005,6,22,10.853,0, ['/ecs/DP1/PM/NSIDC-0051.001/2005.06.22/nt_20050622_f13_v1.1_n.bin']
North,2005,6,23,10.794,0, ['/ecs/DP1/PM/NSIDC-0051.001/2005.06.23/nt_20050623_f13_v1.1_n.bin']
North,2005,6,24,10.702,0, ['/ecs/DP1/PM/NSIDC-0051.001/2005.06.24/nt_20050624_f13_v1.1_n.bin']
North,2005,6,25,10.627,0, ['/ecs/DP1/PM/NSIDC-0051.001/2005.06.25/nt_20050625_f13_v1.1_n.bin']
North,2005,6,26,10.56,0, ['/ecs/DP1/PM/NSIDC-0051.001/2005.06.26/nt_20050626_f13_v1.1_n.bin']
North,2005,6,27,10.397,0, ['/ecs/DP1/PM/NSIDC-0051.001/2005.06.27/nt_20050627_f13_v1.1_n.bin']
North,2005,6,28,10.265,0, ['/ecs/DP1/PM/NSIDC-0051.001/2005.06.28/nt_20050628_f13_v1.1_n.bin']
North,2005,6,29,10.234,0, ['/ecs/DP1/PM/NSIDC-0051.001/2005.06.29/nt_20050629_f13_v1.1_n.bin']
North,2005,6,30,10.211,0, ['/ecs/DP1/PM/NSIDC-0051.001/2005.06.30/nt_20050630_f13_v1.1_n.bin']
North,2005,7,1,9.971,0, ['/ecs/DP1/PM/NSIDC-0051.001/2005.07.01/nt_20050701_f13_v1.1_n.bin']
North,2005,7,2,9.878,0, ['/ecs/DP1/PM/NSIDC-0051.001/2005.07.02/nt_20050702_f13_v1.1_n.bin']
North,2005,7,3,9.823,0, ['/ecs/DP1/PM/NSIDC-0051.001/2005.07.03/nt_20050703_f13_v1.1_n.bin']
North,2005,7,4,9.738,0, ['/ecs/DP1/PM/NSIDC-0051.001/2005.07.04/nt_20050704_f13_v1.1_n.bin']
North,2005,7,5,9.669,0, ['/ecs/DP1/PM/NSIDC-0051.001/2005.07.05/nt_20050705_f13_v1.1_n.bin']
North,2005,7,6,9.508,0, ['/ecs/DP1/PM/NSIDC-0051.001/2005.07.06/nt_20050706_f13_v1.1_n.bin']
North,2005,7,7,9.406,0, ['/ecs/DP1/PM/NSIDC-0051.001/2005.07.07/nt_20050707_f13_v1.1_n.bin']
North,2005,7,8,9.355,0, ['/ecs/DP1/PM/NSIDC-0051.001/2005.07.08/nt_20050708_f13_v1.1_n.bin']
North,2005,7,9,9.265,0, ['/ecs/DP1/PM/NSIDC-0051.001/2005.07.09/nt_20050709_f13_v1.1_n.bin']
North,2005,7,10,9.197,0, ['/ecs/DP1/PM/NSIDC-0051.001/2005.07.10/nt_20050710_f13_v1.1_n.bin']
North,2005,7,11,9.167,0, ['/ecs/DP1/PM/NSIDC-0051.001/2005.07.11/nt_20050711_f13_v1.1_n.bin']
North,2005,7,12,9.168,0, ['/ecs/DP1/PM/NSIDC-0051.001/2005.07.12/nt_20050712_f13_v1.1_n.bin']
North,2005,7,13,9.068,0, ['/ecs/DP1/PM/NSIDC-0051.001/2005.07.13/nt_20050713_f13_v1.1_n.bin']
North,2005,7,14,9.043,0, ['/ecs/DP1/PM/NSIDC-0051.001/2005.07.14/nt_20050714_f13_v1.1_n.bin']
North,2005,7,15,8.857,0, ['/ecs/DP1/PM/NSIDC-0051.001/2005.07.15/nt_20050715_f13_v1.1_n.bin']
North,2005,7,16,8.755,0, ['/ecs/DP1/PM/NSIDC-0051.001/2005.07.16/nt_20050716_f13_v1.1_n.bin']
North,2005,7,17,8.687,0, ['/ecs/DP1/PM/NSIDC-0051.001/2005.07.17/nt_20050717_f13_v1.1_n.bin']
North,2005,7,18,8.544,0, ['/ecs/DP1/PM/NSIDC-0051.001/2005.07.18/nt_20050718_f13_v1.1_n.bin']
North,2005,7,19,8.559,0, ['/ecs/DP1/PM/NSIDC-0051.001/2005.07.19/nt_20050719_f13_v1.1_n.bin']
North,2005,7,20,8.419,0, ['/ecs/DP1/PM/NSIDC-0051.001/2005.07.20/nt_20050720_f13_v1.1_n.bin']
North,2005,7,21,8.022,0, ['/ecs/DP1/PM/NSIDC-0051.001/2005.07.21/nt_20050721_f13_v1.1_n.bin']
North,2005,7,22,7.961,0, ['/ecs/DP1/PM/NSIDC-0051.001/2005.07.22/nt_20050722_f13_v1.1_n.bin']
North,2005,7,23,7.872,0, ['/ecs/DP1/PM/NSIDC-0051.001/2005.07.23/nt_20050723_f13_v1.1_n.bin']
North,2005,7,24,7.783,0, ['/ecs/DP1/PM/NSIDC-0051.001/2005.07.24/nt_20050724_f13_v1.1_n.bin']
North,2005,7,25,7.772,0, ['/ecs/DP1/PM/NSIDC-0051.001/2005.07.25/nt_20050725_f13_v1.1_n.bin']
North,2005,7,26,7.704,0, ['/ecs/DP1/PM/NSIDC-0051.001/2005.07.26/nt_20050726_f13_v1.1_n.bin']
North,2005,7,27,7.538,0, ['/ecs/DP1/PM/NSIDC-0051.001/2005.07.27/nt_20050727_f13_v1.1_n.bin']
North,2005,7,28,7.495,0, ['/ecs/DP1/PM/NSIDC-0051.001/2005.07.28/nt_20050728_f13_v1.1_n.bin']
North,2005,7,29,7.408,0, ['/ecs/DP1/PM/NSIDC-0051.001/2005.07.29/nt_20050729_f13_v1.1_n.bin']
North,2005,7,30,7.303,0, ['/ecs/DP1/PM/NSIDC-0051.001/2005.07.30/nt_20050730_f13_v1.1_n.bin']
North,2005,7,31,7.176,0, ['/ecs/DP1/PM/NSIDC-0051.001/2005.07.31/nt_20050731_f13_v1.1_n.bin']
North,2005,8,1,7.107,0, ['/ecs/DP1/PM/NSIDC-0051.001/2005.08.01/nt_20050801_f13_v1.1_n.bin']
North,2005,8,2,7.042,0, ['/ecs/DP1/PM/NSIDC-0051.001/2005.08.02/nt_20050802_f13_v1.1_n.bin']
North,2005,8,3,7.014,0, ['/ecs/DP1/PM/NSIDC-0051.001/2005.08.03/nt_20050803_f13_v1.1_n.bin']
North,2005,8,4,7.031,0, ['/ecs/DP1/PM/NSIDC-0051.001/2005.08.04/nt_20050804_f13_v1.1_n.bin']
North,2005,8,5,6.92,0, ['/ecs/DP1/PM/NSIDC-0051.001/2005.08.05/nt_20050805_f13_v1.1_n.bin']
North,2005,8,6,6.771,0, ['/ecs/DP1/PM/NSIDC-0051.001/2005.08.06/nt_20050806_f13_v1.1_n.bin']
North,2005,8,7,6.715,0, ['/ecs/DP1/PM/NSIDC-0051.001/2005.08.07/nt_20050807_f13_v1.1_n.bin']
North,2005,8,8,6.662,0, ['/ecs/DP1/PM/NSIDC-0051.001/2005.08.08/nt_20050808_f13_v1.1_n.bin']
North,2005,8,9,6.577,0, ['/ecs/DP1/PM/NSIDC-0051.001/2005.08.09/nt_20050809_f13_v1.1_n.bin']
North,2005,8,10,6.494,0, ['/ecs/DP1/PM/NSIDC-0051.001/2005.08.10/nt_20050810_f13_v1.1_n.bin']
North,2005,8,11,6.433,0, ['/ecs/DP1/PM/NSIDC-0051.001/2005.08.11/nt_20050811_f13_v1.1_n.bin']
North,2005,8,12,6.384,0, ['/ecs/DP1/PM/NSIDC-0051.001/2005.08.12/nt_20050812_f13_v1.1_n.bin']
North,2005,8,13,6.377,0, ['/ecs/DP1/PM/NSIDC-0051.001/2005.08.13/nt_20050813_f13_v1.1_n.bin']
North,2005,8,14,6.373,0, ['/ecs/DP1/PM/NSIDC-0051.001/2005.08.14/nt_20050814_f13_v1.1_n.bin']
North,2005,8,15,6.301,0, ['/ecs/DP1/PM/NSIDC-0051.001/2005.08.15/nt_20050815_f13_v1.1_n.bin']
North,2005,8,16,6.282,0, ['/ecs/DP1/PM/NSIDC-0051.001/2005.08.16/nt_20050816_f13_v1.1_n.bin']
North,2005,8,17,6.168,0, ['/ecs/DP1/PM/NSIDC-0051.001/2005.08.17/nt_20050817_f13_v1.1_n.bin']
North,2005,8,18,6.122,0, ['/ecs/DP1/PM/NSIDC-0051.001/2005.08.18/nt_20050818_f13_v1.1_n.bin']
North,2005,8,19,6.046,0, ['/ecs/DP1/PM/NSIDC-0051.001/2005.08.19/nt_20050819_f13_v1.1_n.bin']
North,2005,8,20,6.039,0, ['/ecs/DP1/PM/NSIDC-0051.001/2005.08.20/nt_20050820_f13_v1.1_n.bin']
North,2005,8,21,6.017,0, ['/ecs/DP1/PM/NSIDC-0051.001/2005.08.21/nt_20050821_f13_v1.1_n.bin']
North,2005,8,22,6.031,0, ['/ecs/DP1/PM/NSIDC-0051.001/2005.08.22/nt_20050822_f13_v1.1_n.bin']
North,2005,8,23,6.004,0, ['/ecs/DP1/PM/NSIDC-0051.001/2005.08.23/nt_20050823_f13_v1.1_n.bin']
North,2005,8,24,5.951,0, ['/ecs/DP1/PM/NSIDC-0051.001/2005.08.24/nt_20050824_f13_v1.1_n.bin']
North,2005,8,25,5.879,0, ['/ecs/DP1/PM/NSIDC-0051.001/2005.08.25/nt_20050825_f13_v1.1_n.bin']
North,2005,8,26,5.87,0, ['/ecs/DP1/PM/NSIDC-0051.001/2005.08.26/nt_20050826_f13_v1.1_n.bin']
North,2005,8,27,5.839,0, ['/ecs/DP1/PM/NSIDC-0051.001/2005.08.27/nt_20050827_f13_v1.1_n.bin']
North,2005,8,28,5.839,0, ['/ecs/DP1/PM/NSIDC-0051.001/2005.08.28/nt_20050828_f13_v1.1_n.bin']
North,2005,8,29,5.765,0, ['/ecs/DP1/PM/NSIDC-0051.001/2005.08.29/nt_20050829_f13_v1.1_n.bin']
North,2005,8,30,5.642,0, ['/ecs/DP1/PM/NSIDC-0051.001/2005.08.30/nt_20050830_f13_v1.1_n.bin']
North,2005,8,31,5.64,0, ['/ecs/DP1/PM/NSIDC-0051.001/2005.08.31/nt_20050831_f13_v1.1_n.bin']
North,2005,9,1,5.654,0, ['/ecs/DP1/PM/NSIDC-0051.001/2005.09.01/nt_20050901_f13_v1.1_n.bin']
North,2005,9,2,5.615,0, ['/ecs/DP1/PM/NSIDC-0051.001/2005.09.02/nt_20050902_f13_v1.1_n.bin']
North,2005,9,3,5.631,0, ['/ecs/DP1/PM/NSIDC-0051.001/2005.09.03/nt_20050903_f13_v1.1_n.bin']
North,2005,9,4,5.655,0, ['/ecs/DP1/PM/NSIDC-0051.001/2005.09.04/nt_20050904_f13_v1.1_n.bin']
North,2005,9,5,5.655,0, ['/ecs/DP1/PM/NSIDC-0051.001/2005.09.05/nt_20050905_f13_v1.1_n.bin']
North,2005,9,6,5.677,0, ['/ecs/DP1/PM/NSIDC-0051.001/2005.09.06/nt_20050906_f13_v1.1_n.bin']
North,2005,9,7,5.593,0, ['/ecs/DP1/PM/NSIDC-0051.001/2005.09.07/nt_20050907_f13_v1.1_n.bin']
North,2005,9,8,5.614,0, ['/ecs/DP1/PM/NSIDC-0051.001/2005.09.08/nt_20050908_f13_v1.1_n.bin']
North,2005,9,9,5.582,0, ['/ecs/DP1/PM/NSIDC-0051.001/2005.09.09/nt_20050909_f13_v1.1_n.bin']
North,2005,9,10,5.627,0, ['/ecs/DP1/PM/NSIDC-0051.001/2005.09.10/nt_20050910_f13_v1.1_n.bin']
North,2005,9,11,5.601,0, ['/ecs/DP1/PM/NSIDC-0051.001/2005.09.11/nt_20050911_f13_v1.1_n.bin']
North,2005,9,12,5.538,0, ['/ecs/DP1/PM/NSIDC-0051.001/2005.09.12/nt_20050912_f13_v1.1_n.bin']
North,2005,9,13,5.51,0, ['/ecs/DP1/PM/NSIDC-0051.001/2005.09.13/nt_20050913_f13_v1.1_n.bin']
North,2005,9,14,5.493,0, ['/ecs/DP1/PM/NSIDC-0051.001/2005.09.14/nt_20050914_f13_v1.1_n.bin']
North,2005,9,15,5.47,0, ['/ecs/DP1/PM/NSIDC-0051.001/2005.09.15/nt_20050915_f13_v1.1_n.bin']
North,2005,9,16,5.438,0, ['/ecs/DP1/PM/NSIDC-0051.001/2005.09.16/nt_20050916_f13_v1.1_n.bin']
North,2005,9,17,5.382,0, ['/ecs/DP1/PM/NSIDC-0051.001/2005.09.17/nt_20050917_f13_v1.1_n.bin']
North,2005,9,18,5.324,0, ['/ecs/DP1/PM/NSIDC-0051.001/2005.09.18/nt_20050918_f13_v1.1_n.bin']
North,2005,9,19,5.322,0, ['/ecs/DP1/PM/NSIDC-0051.001/2005.09.19/nt_20050919_f13_v1.1_n.bin']
North,2005,9,20,5.314,0, ['/ecs/DP1/PM/NSIDC-0051.001/2005.09.20/nt_20050920_f13_v1.1_n.bin']
North,2005,9,21,5.316,0, ['/ecs/DP1/PM/NSIDC-0051.001/2005.09.21/nt_20050921_f13_v1.1_n.bin']
North,2005,9,22,5.317,0, ['/ecs/DP1/PM/NSIDC-0051.001/2005.09.22/nt_20050922_f13_v1.1_n.bin']
North,2005,9,23,5.333,0, ['/ecs/DP1/PM/NSIDC-0051.001/2005.09.23/nt_20050923_f13_v1.1_n.bin']
North,2005,9,24,5.351,0, ['/ecs/DP1/PM/NSIDC-0051.001/2005.09.24/nt_20050924_f13_v1.1_n.bin']
North,2005,9,25,5.382,0, ['/ecs/DP1/PM/NSIDC-0051.001/2005.09.25/nt_20050925_f13_v1.1_n.bin']
North,2005,9,26,5.427,0, ['/ecs/DP1/PM/NSIDC-0051.001/2005.09.26/nt_20050926_f13_v1.1_n.bin']
North,2005,9,27,5.489,0, ['/ecs/DP1/PM/NSIDC-0051.001/2005.09.27/nt_20050927_f13_v1.1_n.bin']
North,2005,9,28,5.512,0, ['/ecs/DP1/PM/NSIDC-0051.001/2005.09.28/nt_20050928_f13_v1.1_n.bin']
North,2005,9,29,5.599,0, ['/ecs/DP1/PM/NSIDC-0051.001/2005.09.29/nt_20050929_f13_v1.1_n.bin']
North,2005,9,30,5.692,0, ['/ecs/DP1/PM/NSIDC-0051.001/2005.09.30/nt_20050930_f13_v1.1_n.bin']
North,2005,10,1,5.836,0, ['/ecs/DP1/PM/NSIDC-0051.001/2005.10.01/nt_20051001_f13_v1.1_n.bin']
North,2005,10,2,5.88,0, ['/ecs/DP1/PM/NSIDC-0051.001/2005.10.02/nt_20051002_f13_v1.1_n.bin']
North,2005,10,3,5.98,0, ['/ecs/DP1/PM/NSIDC-0051.001/2005.10.03/nt_20051003_f13_v1.1_n.bin']
North,2005,10,4,6.03,0, ['/ecs/DP1/PM/NSIDC-0051.001/2005.10.04/nt_20051004_f13_v1.1_n.bin']
North,2005,10,5,6.044,0, ['/ecs/DP1/PM/NSIDC-0051.001/2005.10.05/nt_20051005_f13_v1.1_n.bin']
North,2005,10,6,6.124,0, ['/ecs/DP1/PM/NSIDC-0051.001/2005.10.06/nt_20051006_f13_v1.1_n.bin']
North,2005,10,7,6.187,0, ['/ecs/DP1/PM/NSIDC-0051.001/2005.10.07/nt_20051007_f13_v1.1_n.bin']
North,2005,10,8,6.236,0, ['/ecs/DP1/PM/NSIDC-0051.001/2005.10.08/nt_20051008_f13_v1.1_n.bin']
North,2005,10,9,6.326,0, ['/ecs/DP1/PM/NSIDC-0051.001/2005.10.09/nt_20051009_f13_v1.1_n.bin']
North,2005,10,10,6.434,0, ['/ecs/DP1/PM/NSIDC-0051.001/2005.10.10/nt_20051010_f13_v1.1_n.bin']
North,2005,10,11,6.489,0, ['/ecs/DP1/PM/NSIDC-0051.001/2005.10.11/nt_20051011_f13_v1.1_n.bin']
North,2005,10,12,6.594,0, ['/ecs/DP1/PM/NSIDC-0051.001/2005.10.12/nt_20051012_f13_v1.1_n.bin']
North,2005,10,13,6.693,0, ['/ecs/DP1/PM/NSIDC-0051.001/2005.10.13/nt_20051013_f13_v1.1_n.bin']
North,2005,10,14,6.855,0, ['/ecs/DP1/PM/NSIDC-0051.001/2005.10.14/nt_20051014_f13_v1.1_n.bin']
North,2005,10,15,6.996,0, ['/ecs/DP1/PM/NSIDC-0051.001/2005.10.15/nt_20051015_f13_v1.1_n.bin']
North,2005,10,16,7.075,0, ['/ecs/DP1/PM/NSIDC-0051.001/2005.10.16/nt_20051016_f13_v1.1_n.bin']
North,2005,10,17,7.201,0, ['/ecs/DP1/PM/NSIDC-0051.001/2005.10.17/nt_20051017_f13_v1.1_n.bin']
North,2005,10,18,7.338,0, ['/ecs/DP1/PM/NSIDC-0051.001/2005.10.18/nt_20051018_f13_v1.1_n.bin']
North,2005,10,19,7.509,0, ['/ecs/DP1/PM/NSIDC-0051.001/2005.10.19/nt_20051019_f13_v1.1_n.bin']
North,2005,10,20,7.757,0, ['/ecs/DP1/PM/NSIDC-0051.001/2005.10.20/nt_20051020_f13_v1.1_n.bin']
North,2005,10,21,8.054,0, ['/ecs/DP1/PM/NSIDC-0051.001/2005.10.21/nt_20051021_f13_v1.1_n.bin']
North,2005,10,22,8.264,0, ['/ecs/DP1/PM/NSIDC-0051.001/2005.10.22/nt_20051022_f13_v1.1_n.bin']
North,2005,10,23,8.439,0, ['/ecs/DP1/PM/NSIDC-0051.001/2005.10.23/nt_20051023_f13_v1.1_n.bin']
North,2005,10,24,8.609,0, ['/ecs/DP1/PM/NSIDC-0051.001/2005.10.24/nt_20051024_f13_v1.1_n.bin']
North,2005,10,25,8.701,0, ['/ecs/DP1/PM/NSIDC-0051.001/2005.10.25/nt_20051025_f13_v1.1_n.bin']
North,2005,10,26,8.776,0, ['/ecs/DP1/PM/NSIDC-0051.001/2005.10.26/nt_20051026_f13_v1.1_n.bin']
North,2005,10,27,8.885,0, ['/ecs/DP1/PM/NSIDC-0051.001/2005.10.27/nt_20051027_f13_v1.1_n.bin']
North,2005,10,28,9.006,0, ['/ecs/DP1/PM/NSIDC-0051.001/2005.10.28/nt_20051028_f13_v1.1_n.bin']
North,2005,10,29,9.124,0, ['/ecs/DP1/PM/NSIDC-0051.001/2005.10.29/nt_20051029_f13_v1.1_n.bin']
North,2005,10,30,9.222,0, ['/ecs/DP1/PM/NSIDC-0051.001/2005.10.30/nt_20051030_f13_v1.1_n.bin']
North,2005,10,31,9.247,0, ['/ecs/DP1/PM/NSIDC-0051.001/2005.10.31/nt_20051031_f13_v1.1_n.bin']
North,2005,11,1,9.336,0, ['/ecs/DP1/PM/NSIDC-0051.001/2005.11.01/nt_20051101_f13_v1.1_n.bin']
North,2005,11,2,9.408,0, ['/ecs/DP1/PM/NSIDC-0051.001/2005.11.02/nt_20051102_f13_v1.1_n.bin']
North,2005,11,3,9.51,0, ['/ecs/DP1/PM/NSIDC-0051.001/2005.11.03/nt_20051103_f13_v1.1_n.bin']
North,2005,11,4,9.557,0, ['/ecs/DP1/PM/NSIDC-0051.001/2005.11.04/nt_20051104_f13_v1.1_n.bin']
North,2005,11,5,9.611,0, ['/ecs/DP1/PM/NSIDC-0051.001/2005.11.05/nt_20051105_f13_v1.1_n.bin']
North,2005,11,6,9.707,0, ['/ecs/DP1/PM/NSIDC-0051.001/2005.11.06/nt_20051106_f13_v1.1_n.bin']
North,2005,11,7,9.836,0, ['/ecs/DP1/PM/NSIDC-0051.001/2005.11.07/nt_20051107_f13_v1.1_n.bin']
North,2005,11,8,9.853,0, ['/ecs/DP1/PM/NSIDC-0051.001/2005.11.08/nt_20051108_f13_v1.1_n.bin']
North,2005,11,9,9.916,0, ['/ecs/DP1/PM/NSIDC-0051.001/2005.11.09/nt_20051109_f13_v1.1_n.bin']
North,2005,11,10,9.936,0, ['/ecs/DP1/PM/NSIDC-0051.001/2005.11.10/nt_20051110_f13_v1.1_n.bin']
North,2005,11,11,9.933,0, ['/ecs/DP1/PM/NSIDC-0051.001/2005.11.11/nt_20051111_f13_v1.1_n.bin']
North,2005,11,12,9.958,0, ['/ecs/DP1/PM/NSIDC-0051.001/2005.11.12/nt_20051112_f13_v1.1_n.bin']
North,2005,11,13,10.012,0, ['/ecs/DP1/PM/NSIDC-0051.001/2005.11.13/nt_20051113_f13_v1.1_n.bin']
North,2005,11,14,9.976,0, ['/ecs/DP1/PM/NSIDC-0051.001/2005.11.14/nt_20051114_f13_v1.1_n.bin']
North,2005,11,15,10.05,0, ['/ecs/DP1/PM/NSIDC-0051.001/2005.11.15/nt_20051115_f13_v1.1_n.bin']
North,2005,11,16,10.144,0, ['/ecs/DP1/PM/NSIDC-0051.001/2005.11.16/nt_20051116_f13_v1.1_n.bin']
North,2005,11,17,10.189,0, ['/ecs/DP1/PM/NSIDC-0051.001/2005.11.17/nt_20051117_f13_v1.1_n.bin']
North,2005,11,18,10.182,0, ['/ecs/DP1/PM/NSIDC-0051.001/2005.11.18/nt_20051118_f13_v1.1_n.bin']
North,2005,11,19,10.272,0, ['/ecs/DP1/PM/NSIDC-0051.001/2005.11.19/nt_20051119_f13_v1.1_n.bin']
North,2005,11,20,10.309,0, ['/ecs/DP1/PM/NSIDC-0051.001/2005.11.20/nt_20051120_f13_v1.1_n.bin']
North,2005,11,21,10.431,0, ['/ecs/DP1/PM/NSIDC-0051.001/2005.11.21/nt_20051121_f13_v1.1_n.bin']
North,2005,11,22,10.569,0, ['/ecs/DP1/PM/NSIDC-0051.001/2005.11.22/nt_20051122_f13_v1.1_n.bin']
North,2005,11,23,10.733,0, ['/ecs/DP1/PM/NSIDC-0051.001/2005.11.23/nt_20051123_f13_v1.1_n.bin']
North,2005,11,24,10.757,0, ['/ecs/DP1/PM/NSIDC-0051.001/2005.11.24/nt_20051124_f13_v1.1_n.bin']
North,2005,11,25,10.862,0, ['/ecs/DP1/PM/NSIDC-0051.001/2005.11.25/nt_20051125_f13_v1.1_n.bin']
North,2005,11,26,11.063,0, ['/ecs/DP1/PM/NSIDC-0051.001/2005.11.26/nt_20051126_f13_v1.1_n.bin']
North,2005,11,27,11.015,0, ['/ecs/DP1/PM/NSIDC-0051.001/2005.11.27/nt_20051127_f13_v1.1_n.bin']
North,2005,11,28,11.086,0, ['/ecs/DP1/PM/NSIDC-0051.001/2005.11.28/nt_20051128_f13_v1.1_n.bin']
North,2005,11,29,11.135,0, ['/ecs/DP1/PM/NSIDC-0051.001/2005.11.29/nt_20051129_f13_v1.1_n.bin']
North,2005,11,30,11.144,0, ['/ecs/DP1/PM/NSIDC-0051.001/2005.11.30/nt_20051130_f13_v1.1_n.bin']
North,2005,12,1,11.306,0, ['/ecs/DP1/PM/NSIDC-0051.001/2005.12.01/nt_20051201_f13_v1.1_n.bin']
North,2005,12,2,11.398,0, ['/ecs/DP1/PM/NSIDC-0051.001/2005.12.02/nt_20051202_f13_v1.1_n.bin']
North,2005,12,3,11.356,0, ['/ecs/DP1/PM/NSIDC-0051.001/2005.12.03/nt_20051203_f13_v1.1_n.bin']
North,2005,12,4,11.397,0, ['/ecs/DP1/PM/NSIDC-0051.001/2005.12.04/nt_20051204_f13_v1.1_n.bin']
North,2005,12,5,11.504,0, ['/ecs/DP1/PM/NSIDC-0051.001/2005.12.05/nt_20051205_f13_v1.1_n.bin']
North,2005,12,6,11.538,0, ['/ecs/DP1/PM/NSIDC-0051.001/2005.12.06/nt_20051206_f13_v1.1_n.bin']
North,2005,12,7,11.709,0, ['/ecs/DP1/PM/NSIDC-0051.001/2005.12.07/nt_20051207_f13_v1.1_n.bin']
North,2005,12,8,11.763,0, ['/ecs/DP1/PM/NSIDC-0051.001/2005.12.08/nt_20051208_f13_v1.1_n.bin']
North,2005,12,9,11.729,0, ['/ecs/DP1/PM/NSIDC-0051.001/2005.12.09/nt_20051209_f13_v1.1_n.bin']
North,2005,12,10,11.776,0, ['/ecs/DP1/PM/NSIDC-0051.001/2005.12.10/nt_20051210_f13_v1.1_n.bin']
North,2005,12,11,11.83,0, ['/ecs/DP1/PM/NSIDC-0051.001/2005.12.11/nt_20051211_f13_v1.1_n.bin']
North,2005,12,12,11.968,0, ['/ecs/DP1/PM/NSIDC-0051.001/2005.12.12/nt_20051212_f13_v1.1_n.bin']
North,2005,12,13,12.033,0, ['/ecs/DP1/PM/NSIDC-0051.001/2005.12.13/nt_20051213_f13_v1.1_n.bin']
North,2005,12,14,12.244,0, ['/ecs/DP1/PM/NSIDC-0051.001/2005.12.14/nt_20051214_f13_v1.1_n.bin']
North,2005,12,15,12.412,0, ['/ecs/DP1/PM/NSIDC-0051.001/2005.12.15/nt_20051215_f13_v1.1_n.bin']
North,2005,12,16,12.344,0, ['/ecs/DP1/PM/NSIDC-0051.001/2005.12.16/nt_20051216_f13_v1.1_n.bin']
North,2005,12,17,12.405,0, ['/ecs/DP1/PM/NSIDC-0051.001/2005.12.17/nt_20051217_f13_v1.1_n.bin']
North,2005,12,18,12.482,0, ['/ecs/DP1/PM/NSIDC-0051.001/2005.12.18/nt_20051218_f13_v1.1_n.bin']
North,2005,12,19,12.456,0, ['/ecs/DP1/PM/NSIDC-0051.001/2005.12.19/nt_20051219_f13_v1.1_n.bin']
North,2005,12,20,12.466,0, ['/ecs/DP1/PM/NSIDC-0051.001/2005.12.20/nt_20051220_f13_v1.1_n.bin']
North,2005,12,21,12.527,0, ['/ecs/DP1/PM/NSIDC-0051.001/2005.12.21/nt_20051221_f13_v1.1_n.bin']
North,2005,12,22,12.6,0, ['/ecs/DP1/PM/NSIDC-0051.001/2005.12.22/nt_20051222_f13_v1.1_n.bin']
North,2005,12,23,12.619,0, ['/ecs/DP1/PM/NSIDC-0051.001/2005.12.23/nt_20051223_f13_v1.1_n.bin']
North,2005,12,24,12.625,0, ['/ecs/DP1/PM/NSIDC-0051.001/2005.12.24/nt_20051224_f13_v1.1_n.bin']
North,2005,12,25,12.754,0, ['/ecs/DP1/PM/NSIDC-0051.001/2005.12.25/nt_20051225_f13_v1.1_n.bin']
North,2005,12,26,12.872,0, ['/ecs/DP1/PM/NSIDC-0051.001/2005.12.26/nt_20051226_f13_v1.1_n.bin']
North,2005,12,27,12.946,0, ['/ecs/DP1/PM/NSIDC-0051.001/2005.12.27/nt_20051227_f13_v1.1_n.bin']
North,2005,12,28,12.94,0, ['/ecs/DP1/PM/NSIDC-0051.001/2005.12.28/nt_20051228_f13_v1.1_n.bin']
North,2005,12,29,12.976,0, ['/ecs/DP1/PM/NSIDC-0051.001/2005.12.29/nt_20051229_f13_v1.1_n.bin']
North,2005,12,30,13.016,0, ['/ecs/DP1/PM/NSIDC-0051.001/2005.12.30/nt_20051230_f13_v1.1_n.bin']
North,2005,12,31,13.065,0, ['/ecs/DP1/PM/NSIDC-0051.001/2005.12.31/nt_20051231_f13_v1.1_n.bin']
North,2006,1,1,13.16,0, ['/ecs/DP1/PM/NSIDC-0051.001/2006.01.01/nt_20060101_f13_v1.1_n.bin']
North,2006,1,2,13.21,0, ['/ecs/DP1/PM/NSIDC-0051.001/2006.01.02/nt_20060102_f13_v1.1_n.bin']
North,2006,1,3,13.267,0, ['/ecs/DP1/PM/NSIDC-0051.001/2006.01.03/nt_20060103_f13_v1.1_n.bin']
North,2006,1,4,13.307,0, ['/ecs/DP1/PM/NSIDC-0051.001/2006.01.04/nt_20060104_f13_v1.1_n.bin']
North,2006,1,5,13.314,0, ['/ecs/DP1/PM/NSIDC-0051.001/2006.01.05/nt_20060105_f13_v1.1_n.bin']
North,2006,1,6,13.265,0, ['/ecs/DP1/PM/NSIDC-0051.001/2006.01.06/nt_20060106_f13_v1.1_n.bin']
North,2006,1,7,13.301,0, ['/ecs/DP1/PM/NSIDC-0051.001/2006.01.07/nt_20060107_f13_v1.1_n.bin']
North,2006,1,8,13.292,0, ['/ecs/DP1/PM/NSIDC-0051.001/2006.01.08/nt_20060108_f13_v1.1_n.bin']
North,2006,1,9,13.336,0, ['/ecs/DP1/PM/NSIDC-0051.001/2006.01.09/nt_20060109_f13_v1.1_n.bin']
North,2006,1,10,13.431,0, ['/ecs/DP1/PM/NSIDC-0051.001/2006.01.10/nt_20060110_f13_v1.1_n.bin']
North,2006,1,11,13.491,0, ['/ecs/DP1/PM/NSIDC-0051.001/2006.01.11/nt_20060111_f13_v1.1_n.bin']
North,2006,1,12,13.535,0, ['/ecs/DP1/PM/NSIDC-0051.001/2006.01.12/nt_20060112_f13_v1.1_n.bin']
North,2006,1,13,13.424,0, ['/ecs/DP1/PM/NSIDC-0051.001/2006.01.13/nt_20060113_f13_v1.1_n.bin']
North,2006,1,14,13.44,0, ['/ecs/DP1/PM/NSIDC-0051.001/2006.01.14/nt_20060114_f13_v1.1_n.bin']
North,2006,1,15,13.474,0, ['/ecs/DP1/PM/NSIDC-0051.001/2006.01.15/nt_20060115_f13_v1.1_n.bin']
North,2006,1,16,13.451,0, ['/ecs/DP1/PM/NSIDC-0051.001/2006.01.16/nt_20060116_f13_v1.1_n.bin']
North,2006,1,17,13.445,0, ['/ecs/DP1/PM/NSIDC-0051.001/2006.01.17/nt_20060117_f13_v1.1_n.bin']
North,2006,1,18,13.307,0, ['/ecs/DP1/PM/NSIDC-0051.001/2006.01.18/nt_20060118_f13_v1.1_n.bin']
North,2006,1,19,13.431,0, ['/ecs/DP1/PM/NSIDC-0051.001/2006.01.19/nt_20060119_f13_v1.1_n.bin']
North,2006,1,20,13.337,0, ['/ecs/DP1/PM/NSIDC-0051.001/2006.01.20/nt_20060120_f13_v1.1_n.bin']
North,2006,1,21,13.317,0, ['/ecs/DP1/PM/NSIDC-0051.001/2006.01.21/nt_20060121_f13_v1.1_n.bin']
North,2006,1,22,13.472,0, ['/ecs/DP1/PM/NSIDC-0051.001/2006.01.22/nt_20060122_f13_v1.1_n.bin']
North,2006,1,23,13.592,0, ['/ecs/DP1/PM/NSIDC-0051.001/2006.01.23/nt_20060123_f13_v1.1_n.bin']
North,2006,1,24,13.521,0, ['/ecs/DP1/PM/NSIDC-0051.001/2006.01.24/nt_20060124_f13_v1.1_n.bin']
North,2006,1,25,13.546,0, ['/ecs/DP1/PM/NSIDC-0051.001/2006.01.25/nt_20060125_f13_v1.1_n.bin']
North,2006,1,26,13.658,0, ['/ecs/DP1/PM/NSIDC-0051.001/2006.01.26/nt_20060126_f13_v1.1_n.bin']
North,2006,1,27,13.719,0, ['/ecs/DP1/PM/NSIDC-0051.001/2006.01.27/nt_20060127_f13_v1.1_n.bin']
North,2006,1,28,13.775,0, ['/ecs/DP1/PM/NSIDC-0051.001/2006.01.28/nt_20060128_f13_v1.1_n.bin']
North,2006,1,29,13.856,0, ['/ecs/DP1/PM/NSIDC-0051.001/2006.01.29/nt_20060129_f13_v1.1_n.bin']
North,2006,1,30,13.801,0, ['/ecs/DP1/PM/NSIDC-0051.001/2006.01.30/nt_20060130_f13_v1.1_n.bin']
North,2006,1,31,13.958,0, ['/ecs/DP1/PM/NSIDC-0051.001/2006.01.31/nt_20060131_f13_v1.1_n.bin']
North,2006,2,1,14.081,0, ['/ecs/DP1/PM/NSIDC-0051.001/2006.02.01/nt_20060201_f13_v1.1_n.bin']
North,2006,2,2,14.118,0, ['/ecs/DP1/PM/NSIDC-0051.001/2006.02.02/nt_20060202_f13_v1.1_n.bin']
North,2006,2,3,14.159,0, ['/ecs/DP1/PM/NSIDC-0051.001/2006.02.03/nt_20060203_f13_v1.1_n.bin']
North,2006,2,4,14.176,0, ['/ecs/DP1/PM/NSIDC-0051.001/2006.02.04/nt_20060204_f13_v1.1_n.bin']
North,2006,2,5,14.28,0, ['/ecs/DP1/PM/NSIDC-0051.001/2006.02.05/nt_20060205_f13_v1.1_n.bin']
North,2006,2,6,14.292,0, ['/ecs/DP1/PM/NSIDC-0051.001/2006.02.06/nt_20060206_f13_v1.1_n.bin']
North,2006,2,7,14.251,0, ['/ecs/DP1/PM/NSIDC-0051.001/2006.02.07/nt_20060207_f13_v1.1_n.bin']
North,2006,2,8,14.228,0, ['/ecs/DP1/PM/NSIDC-0051.001/2006.02.08/nt_20060208_f13_v1.1_n.bin']
North,2006,2,9,14.335,0, ['/ecs/DP1/PM/NSIDC-0051.001/2006.02.09/nt_20060209_f13_v1.1_n.bin']
North,2006,2,10,14.347,0, ['/ecs/DP1/PM/NSIDC-0051.001/2006.02.10/nt_20060210_f13_v1.1_n.bin']
North,2006,2,11,14.381,0, ['/ecs/DP1/PM/NSIDC-0051.001/2006.02.11/nt_20060211_f13_v1.1_n.bin']
North,2006,2,12,14.444,0, ['/ecs/DP1/PM/NSIDC-0051.001/2006.02.12/nt_20060212_f13_v1.1_n.bin']
North,2006,2,13,14.495,0, ['/ecs/DP1/PM/NSIDC-0051.001/2006.02.13/nt_20060213_f13_v1.1_n.bin']
North,2006,2,14,14.437,0, ['/ecs/DP1/PM/NSIDC-0051.001/2006.02.14/nt_20060214_f13_v1.1_n.bin']
North,2006,2,15,14.378,0, ['/ecs/DP1/PM/NSIDC-0051.001/2006.02.15/nt_20060215_f13_v1.1_n.bin']
North,2006,2,16,14.39,0, ['/ecs/DP1/PM/NSIDC-0051.001/2006.02.16/nt_20060216_f13_v1.1_n.bin']
North,2006,2,17,14.486,0, ['/ecs/DP1/PM/NSIDC-0051.001/2006.02.17/nt_20060217_f13_v1.1_n.bin']
North,2006,2,18,14.42,0, ['/ecs/DP1/PM/NSIDC-0051.001/2006.02.18/nt_20060218_f13_v1.1_n.bin']
North,2006,2,19,14.277,0, ['/ecs/DP1/PM/NSIDC-0051.001/2006.02.19/nt_20060219_f13_v1.1_n.bin']
North,2006,2,20,14.286,0, ['/ecs/DP1/PM/NSIDC-0051.001/2006.02.20/nt_20060220_f13_v1.1_n.bin']
North,2006,2,21,14.34,0, ['/ecs/DP1/PM/NSIDC-0051.001/2006.02.21/nt_20060221_f13_v1.1_n.bin']
North,2006,2,22,14.378,0, ['/ecs/DP1/PM/NSIDC-0051.001/2006.02.22/nt_20060222_f13_v1.1_n.bin']
North,2006,2,23,14.342,0, ['/ecs/DP1/PM/NSIDC-0051.001/2006.02.23/nt_20060223_f13_v1.1_n.bin']
North,2006,2,24,14.284,0, ['/ecs/DP1/PM/NSIDC-0051.001/2006.02.24/nt_20060224_f13_v1.1_n.bin']
North,2006,2,25,14.335,0, ['/ecs/DP1/PM/NSIDC-0051.001/2006.02.25/nt_20060225_f13_v1.1_n.bin']
North,2006,2,26,14.347,0, ['/ecs/DP1/PM/NSIDC-0051.001/2006.02.26/nt_20060226_f13_v1.1_n.bin']
North,2006,2,27,14.39,0, ['/ecs/DP1/PM/NSIDC-0051.001/2006.02.27/nt_20060227_f13_v1.1_n.bin']
North,2006,2,28,14.422,0, ['/ecs/DP1/PM/NSIDC-0051.001/2006.02.28/nt_20060228_f13_v1.1_n.bin']
North,2006,3,1,14.434,0, ['/ecs/DP1/PM/NSIDC-0051.001/2006.03.01/nt_20060301_f13_v1.1_n.bin']
North,2006,3,2,14.471,0, ['/ecs/DP1/PM/NSIDC-0051.001/2006.03.02/nt_20060302_f13_v1.1_n.bin']
North,2006,3,3,14.445,0, ['/ecs/DP1/PM/NSIDC-0051.001/2006.03.03/nt_20060303_f13_v1.1_n.bin']
North,2006,3,4,14.473,0, ['/ecs/DP1/PM/NSIDC-0051.001/2006.03.04/nt_20060304_f13_v1.1_n.bin']
North,2006,3,5,14.535,0, ['/ecs/DP1/PM/NSIDC-0051.001/2006.03.05/nt_20060305_f13_v1.1_n.bin']
North,2006,3,6,14.56,0, ['/ecs/DP1/PM/NSIDC-0051.001/2006.03.06/nt_20060306_f13_v1.1_n.bin']
North,2006,3,7,14.52,0, ['/ecs/DP1/PM/NSIDC-0051.001/2006.03.07/nt_20060307_f13_v1.1_n.bin']
North,2006,3,8,14.591,0, ['/ecs/DP1/PM/NSIDC-0051.001/2006.03.08/nt_20060308_f13_v1.1_n.bin']
North,2006,3,9,14.672,0, ['/ecs/DP1/PM/NSIDC-0051.001/2006.03.09/nt_20060309_f13_v1.1_n.bin']
North,2006,3,10,14.756,0, ['/ecs/DP1/PM/NSIDC-0051.001/2006.03.10/nt_20060310_f13_v1.1_n.bin']
North,2006,3,11,14.777,0, ['/ecs/DP1/PM/NSIDC-0051.001/2006.03.11/nt_20060311_f13_v1.1_n.bin']
North,2006,3,12,14.617,0, ['/ecs/DP1/PM/NSIDC-0051.001/2006.03.12/nt_20060312_f13_v1.1_n.bin']
North,2006,3,13,14.521,0, ['/ecs/DP1/PM/NSIDC-0051.001/2006.03.13/nt_20060313_f13_v1.1_n.bin']
North,2006,3,14,14.471,0, ['/ecs/DP1/PM/NSIDC-0051.001/2006.03.14/nt_20060314_f13_v1.1_n.bin']
North,2006,3,15,14.404,0, ['/ecs/DP1/PM/NSIDC-0051.001/2006.03.15/nt_20060315_f13_v1.1_n.bin']
North,2006,3,16,14.374,0, ['/ecs/DP1/PM/NSIDC-0051.001/2006.03.16/nt_20060316_f13_v1.1_n.bin']
North,2006,3,17,14.336,0, ['/ecs/DP1/PM/NSIDC-0051.001/2006.03.17/nt_20060317_f13_v1.1_n.bin']
North,2006,3,18,14.394,0, ['/ecs/DP1/PM/NSIDC-0051.001/2006.03.18/nt_20060318_f13_v1.1_n.bin']
North,2006,3,19,14.397,0, ['/ecs/DP1/PM/NSIDC-0051.001/2006.03.19/nt_20060319_f13_v1.1_n.bin']
North,2006,3,20,14.457,0, ['/ecs/DP1/PM/NSIDC-0051.001/2006.03.20/nt_20060320_f13_v1.1_n.bin']
North,2006,3,21,14.414,0, ['/ecs/DP1/PM/NSIDC-0051.001/2006.03.21/nt_20060321_f13_v1.1_n.bin']
North,2006,3,22,14.346,0, ['/ecs/DP1/PM/NSIDC-0051.001/2006.03.22/nt_20060322_f13_v1.1_n.bin']
North,2006,3,23,14.22,0, ['/ecs/DP1/PM/NSIDC-0051.001/2006.03.23/nt_20060323_f13_v1.1_n.bin']
North,2006,3,24,14.206,0, ['/ecs/DP1/PM/NSIDC-0051.001/2006.03.24/nt_20060324_f13_v1.1_n.bin']
North,2006,3,25,14.212,0, ['/ecs/DP1/PM/NSIDC-0051.001/2006.03.25/nt_20060325_f13_v1.1_n.bin']
North,2006,3,26,14.257,0, ['/ecs/DP1/PM/NSIDC-0051.001/2006.03.26/nt_20060326_f13_v1.1_n.bin']
North,2006,3,27,14.251,0, ['/ecs/DP1/PM/NSIDC-0051.001/2006.03.27/nt_20060327_f13_v1.1_n.bin']
North,2006,3,28,14.249,0, ['/ecs/DP1/PM/NSIDC-0051.001/2006.03.28/nt_20060328_f13_v1.1_n.bin']
North,2006,3,29,14.243,0, ['/ecs/DP1/PM/NSIDC-0051.001/2006.03.29/nt_20060329_f13_v1.1_n.bin']
North,2006,3,30,14.214,0, ['/ecs/DP1/PM/NSIDC-0051.001/2006.03.30/nt_20060330_f13_v1.1_n.bin']
North,2006,3,31,14.233,0, ['/ecs/DP1/PM/NSIDC-0051.001/2006.03.31/nt_20060331_f13_v1.1_n.bin']
North,2006,4,1,14.22,0, ['/ecs/DP1/PM/NSIDC-0051.001/2006.04.01/nt_20060401_f13_v1.1_n.bin']
North,2006,4,2,14.297,0, ['/ecs/DP1/PM/NSIDC-0051.001/2006.04.02/nt_20060402_f13_v1.1_n.bin']
North,2006,4,3,14.211,0, ['/ecs/DP1/PM/NSIDC-0051.001/2006.04.03/nt_20060403_f13_v1.1_n.bin']
North,2006,4,4,14.121,0, ['/ecs/DP1/PM/NSIDC-0051.001/2006.04.04/nt_20060404_f13_v1.1_n.bin']
North,2006,4,5,14.251,0, ['/ecs/DP1/PM/NSIDC-0051.001/2006.04.05/nt_20060405_f13_v1.1_n.bin']
North,2006,4,6,14.25,0, ['/ecs/DP1/PM/NSIDC-0051.001/2006.04.06/nt_20060406_f13_v1.1_n.bin']
North,2006,4,7,14.149,0, ['/ecs/DP1/PM/NSIDC-0051.001/2006.04.07/nt_20060407_f13_v1.1_n.bin']
North,2006,4,8,14.068,0, ['/ecs/DP1/PM/NSIDC-0051.001/2006.04.08/nt_20060408_f13_v1.1_n.bin']
North,2006,4,9,13.947,0, ['/ecs/DP1/PM/NSIDC-0051.001/2006.04.09/nt_20060409_f13_v1.1_n.bin']
North,2006,4,10,13.986,0, ['/ecs/DP1/PM/NSIDC-0051.001/2006.04.10/nt_20060410_f13_v1.1_n.bin']
North,2006,4,11,13.948,0, ['/ecs/DP1/PM/NSIDC-0051.001/2006.04.11/nt_20060411_f13_v1.1_n.bin']
North,2006,4,12,13.92,0, ['/ecs/DP1/PM/NSIDC-0051.001/2006.04.12/nt_20060412_f13_v1.1_n.bin']
North,2006,4,13,13.958,0, ['/ecs/DP1/PM/NSIDC-0051.001/2006.04.13/nt_20060413_f13_v1.1_n.bin']
North,2006,4,14,13.912,0, ['/ecs/DP1/PM/NSIDC-0051.001/2006.04.14/nt_20060414_f13_v1.1_n.bin']
North,2006,4,15,13.952,0, ['/ecs/DP1/PM/NSIDC-0051.001/2006.04.15/nt_20060415_f13_v1.1_n.bin']
North,2006,4,16,13.999,0, ['/ecs/DP1/PM/NSIDC-0051.001/2006.04.16/nt_20060416_f13_v1.1_n.bin']
North,2006,4,17,14.013,0, ['/ecs/DP1/PM/NSIDC-0051.001/2006.04.17/nt_20060417_f13_v1.1_n.bin']
North,2006,4,18,13.913,0, ['/ecs/DP1/PM/NSIDC-0051.001/2006.04.18/nt_20060418_f13_v1.1_n.bin']
North,2006,4,19,13.967,0, ['/ecs/DP1/PM/NSIDC-0051.001/2006.04.19/nt_20060419_f13_v1.1_n.bin']
North,2006,4,20,13.945,0, ['/ecs/DP1/PM/NSIDC-0051.001/2006.04.20/nt_20060420_f13_v1.1_n.bin']
North,2006,4,21,13.853,0, ['/ecs/DP1/PM/NSIDC-0051.001/2006.04.21/nt_20060421_f13_v1.1_n.bin']
North,2006,4,22,13.875,0, ['/ecs/DP1/PM/NSIDC-0051.001/2006.04.22/nt_20060422_f13_v1.1_n.bin']
North,2006,4,23,13.819,0, ['/ecs/DP1/PM/NSIDC-0051.001/2006.04.23/nt_20060423_f13_v1.1_n.bin']
North,2006,4,24,13.7,0, ['/ecs/DP1/PM/NSIDC-0051.001/2006.04.24/nt_20060424_f13_v1.1_n.bin']
North,2006,4,25,13.684,0, ['/ecs/DP1/PM/NSIDC-0051.001/2006.04.25/nt_20060425_f13_v1.1_n.bin']
North,2006,4,26,13.619,0, ['/ecs/DP1/PM/NSIDC-0051.001/2006.04.26/nt_20060426_f13_v1.1_n.bin']
North,2006,4,27,13.527,0, ['/ecs/DP1/PM/NSIDC-0051.001/2006.04.27/nt_20060427_f13_v1.1_n.bin']
North,2006,4,28,13.401,0, ['/ecs/DP1/PM/NSIDC-0051.001/2006.04.28/nt_20060428_f13_v1.1_n.bin']
North,2006,4,29,13.361,0, ['/ecs/DP1/PM/NSIDC-0051.001/2006.04.29/nt_20060429_f13_v1.1_n.bin']
North,2006,4,30,13.31,0, ['/ecs/DP1/PM/NSIDC-0051.001/2006.04.30/nt_20060430_f13_v1.1_n.bin']
North,2006,5,1,13.087,0, ['/ecs/DP1/PM/NSIDC-0051.001/2006.05.01/nt_20060501_f13_v1.1_n.bin']
North,2006,5,2,13.002,0, ['/ecs/DP1/PM/NSIDC-0051.001/2006.05.02/nt_20060502_f13_v1.1_n.bin']
North,2006,5,3,12.923,0, ['/ecs/DP1/PM/NSIDC-0051.001/2006.05.03/nt_20060503_f13_v1.1_n.bin']
North,2006,5,4,12.876,0, ['/ecs/DP1/PM/NSIDC-0051.001/2006.05.04/nt_20060504_f13_v1.1_n.bin']
North,2006,5,5,12.835,0, ['/ecs/DP1/PM/NSIDC-0051.001/2006.05.05/nt_20060505_f13_v1.1_n.bin']
North,2006,5,6,12.841,0, ['/ecs/DP1/PM/NSIDC-0051.001/2006.05.06/nt_20060506_f13_v1.1_n.bin']
North,2006,5,7,12.783,0, ['/ecs/DP1/PM/NSIDC-0051.001/2006.05.07/nt_20060507_f13_v1.1_n.bin']
North,2006,5,8,12.765,0, ['/ecs/DP1/PM/NSIDC-0051.001/2006.05.08/nt_20060508_f13_v1.1_n.bin']
North,2006,5,9,12.713,0, ['/ecs/DP1/PM/NSIDC-0051.001/2006.05.09/nt_20060509_f13_v1.1_n.bin']
North,2006,5,10,12.708,0, ['/ecs/DP1/PM/NSIDC-0051.001/2006.05.10/nt_20060510_f13_v1.1_n.bin']
North,2006,5,11,12.709,0, ['/ecs/DP1/PM/NSIDC-0051.001/2006.05.11/nt_20060511_f13_v1.1_n.bin']
North,2006,5,12,12.706,0, ['/ecs/DP1/PM/NSIDC-0051.001/2006.05.12/nt_20060512_f13_v1.1_n.bin']
North,2006,5,13,12.66,0, ['/ecs/DP1/PM/NSIDC-0051.001/2006.05.13/nt_20060513_f13_v1.1_n.bin']
North,2006,5,14,12.636,0, ['/ecs/DP1/PM/NSIDC-0051.001/2006.05.14/nt_20060514_f13_v1.1_n.bin']
North,2006,5,15,12.571,0, ['/ecs/DP1/PM/NSIDC-0051.001/2006.05.15/nt_20060515_f13_v1.1_n.bin']
North,2006,5,16,12.556,0, ['/ecs/DP1/PM/NSIDC-0051.001/2006.05.16/nt_20060516_f13_v1.1_n.bin']
North,2006,5,17,12.475,0, ['/ecs/DP1/PM/NSIDC-0051.001/2006.05.17/nt_20060517_f13_v1.1_n.bin']
North,2006,5,18,12.442,0, ['/ecs/DP1/PM/NSIDC-0051.001/2006.05.18/nt_20060518_f13_v1.1_n.bin']
North,2006,5,19,12.439,0, ['/ecs/DP1/PM/NSIDC-0051.001/2006.05.19/nt_20060519_f13_v1.1_n.bin']
North,2006,5,20,12.511,0, ['/ecs/DP1/PM/NSIDC-0051.001/2006.05.20/nt_20060520_f13_v1.1_n.bin']
North,2006,5,21,12.424,0, ['/ecs/DP1/PM/NSIDC-0051.001/2006.05.21/nt_20060521_f13_v1.1_n.bin']
North,2006,5,22,12.371,0, ['/ecs/DP1/PM/NSIDC-0051.001/2006.05.22/nt_20060522_f13_v1.1_n.bin']
North,2006,5,23,12.335,0, ['/ecs/DP1/PM/NSIDC-0051.001/2006.05.23/nt_20060523_f13_v1.1_n.bin']
North,2006,5,24,12.295,0, ['/ecs/DP1/PM/NSIDC-0051.001/2006.05.24/nt_20060524_f13_v1.1_n.bin']
North,2006,5,25,12.246,0, ['/ecs/DP1/PM/NSIDC-0051.001/2006.05.25/nt_20060525_f13_v1.1_n.bin']
North,2006,5,26,12.15,0, ['/ecs/DP1/PM/NSIDC-0051.001/2006.05.26/nt_20060526_f13_v1.1_n.bin']
North,2006,5,27,12.059,0, ['/ecs/DP1/PM/NSIDC-0051.001/2006.05.27/nt_20060527_f13_v1.1_n.bin']
North,2006,5,28,12,0, ['/ecs/DP1/PM/NSIDC-0051.001/2006.05.28/nt_20060528_f13_v1.1_n.bin']
North,2006,5,29,12.012,0, ['/ecs/DP1/PM/NSIDC-0051.001/2006.05.29/nt_20060529_f13_v1.1_n.bin']
North,2006,5,30,11.919,0, ['/ecs/DP1/PM/NSIDC-0051.001/2006.05.30/nt_20060530_f13_v1.1_n.bin']
North,2006,5,31,11.989,0, ['/ecs/DP1/PM/NSIDC-0051.001/2006.05.31/nt_20060531_f13_v1.1_n.bin']
North,2006,6,1,11.868,0, ['/ecs/DP1/PM/NSIDC-0051.001/2006.06.01/nt_20060601_f13_v1.1_n.bin']
North,2006,6,2,11.84,0, ['/ecs/DP1/PM/NSIDC-0051.001/2006.06.02/nt_20060602_f13_v1.1_n.bin']
North,2006,6,3,11.735,0, ['/ecs/DP1/PM/NSIDC-0051.001/2006.06.03/nt_20060603_f13_v1.1_n.bin']
North,2006,6,4,11.627,0, ['/ecs/DP1/PM/NSIDC-0051.001/2006.06.04/nt_20060604_f13_v1.1_n.bin']
North,2006,6,5,11.624,0, ['/ecs/DP1/PM/NSIDC-0051.001/2006.06.05/nt_20060605_f13_v1.1_n.bin']
North,2006,6,6,11.543,0, ['/ecs/DP1/PM/NSIDC-0051.001/2006.06.06/nt_20060606_f13_v1.1_n.bin']
North,2006,6,7,11.497,0, ['/ecs/DP1/PM/NSIDC-0051.001/2006.06.07/nt_20060607_f13_v1.1_n.bin']
North,2006,6,8,11.45,0, ['/ecs/DP1/PM/NSIDC-0051.001/2006.06.08/nt_20060608_f13_v1.1_n.bin']
North,2006,6,9,11.403,0, ['/ecs/DP1/PM/NSIDC-0051.001/2006.06.09/nt_20060609_f13_v1.1_n.bin']
North,2006,6,10,11.332,0, ['/ecs/DP1/PM/NSIDC-0051.001/2006.06.10/nt_20060610_f13_v1.1_n.bin']
North,2006,6,11,11.282,0, ['/ecs/DP1/PM/NSIDC-0051.001/2006.06.11/nt_20060611_f13_v1.1_n.bin']
North,2006,6,12,11.258,0, ['/ecs/DP1/PM/NSIDC-0051.001/2006.06.12/nt_20060612_f13_v1.1_n.bin']
North,2006,6,13,11.212,0, ['/ecs/DP1/PM/NSIDC-0051.001/2006.06.13/nt_20060613_f13_v1.1_n.bin']
North,2006,6,14,11.091,0, ['/ecs/DP1/PM/NSIDC-0051.001/2006.06.14/nt_20060614_f13_v1.1_n.bin']
North,2006,6,15,11.033,0, ['/ecs/DP1/PM/NSIDC-0051.001/2006.06.15/nt_20060615_f13_v1.1_n.bin']
North,2006,6,16,10.972,0, ['/ecs/DP1/PM/NSIDC-0051.001/2006.06.16/nt_20060616_f13_v1.1_n.bin']
North,2006,6,17,10.887,0, ['/ecs/DP1/PM/NSIDC-0051.001/2006.06.17/nt_20060617_f13_v1.1_n.bin']
North,2006,6,18,10.796,0, ['/ecs/DP1/PM/NSIDC-0051.001/2006.06.18/nt_20060618_f13_v1.1_n.bin']
North,2006,6,19,10.76,0, ['/ecs/DP1/PM/NSIDC-0051.001/2006.06.19/nt_20060619_f13_v1.1_n.bin']
North,2006,6,20,10.679,0, ['/ecs/DP1/PM/NSIDC-0051.001/2006.06.20/nt_20060620_f13_v1.1_n.bin']
North,2006,6,21,10.548,0, ['/ecs/DP1/PM/NSIDC-0051.001/2006.06.21/nt_20060621_f13_v1.1_n.bin']
North,2006,6,22,10.48,0, ['/ecs/DP1/PM/NSIDC-0051.001/2006.06.22/nt_20060622_f13_v1.1_n.bin']
North,2006,6,23,10.45,0, ['/ecs/DP1/PM/NSIDC-0051.001/2006.06.23/nt_20060623_f13_v1.1_n.bin']
North,2006,6,24,10.287,0, ['/ecs/DP1/PM/NSIDC-0051.001/2006.06.24/nt_20060624_f13_v1.1_n.bin']
North,2006,6,25,10.22,0, ['/ecs/DP1/PM/NSIDC-0051.001/2006.06.25/nt_20060625_f13_v1.1_n.bin']
North,2006,6,26,10.106,0, ['/ecs/DP1/PM/NSIDC-0051.001/2006.06.26/nt_20060626_f13_v1.1_n.bin']
North,2006,6,27,10.018,0, ['/ecs/DP1/PM/NSIDC-0051.001/2006.06.27/nt_20060627_f13_v1.1_n.bin']
North,2006,6,28,9.913,0, ['/ecs/DP1/PM/NSIDC-0051.001/2006.06.28/nt_20060628_f13_v1.1_n.bin']
North,2006,6,29,9.854,0, ['/ecs/DP1/PM/NSIDC-0051.001/2006.06.29/nt_20060629_f13_v1.1_n.bin']
North,2006,6,30,9.82,0, ['/ecs/DP1/PM/NSIDC-0051.001/2006.06.30/nt_20060630_f13_v1.1_n.bin']
North,2006,7,1,9.63,0, ['/ecs/DP1/PM/NSIDC-0051.001/2006.07.01/nt_20060701_f13_v1.1_n.bin']
North,2006,7,2,9.5,0, ['/ecs/DP1/PM/NSIDC-0051.001/2006.07.02/nt_20060702_f13_v1.1_n.bin']
North,2006,7,3,9.439,0, ['/ecs/DP1/PM/NSIDC-0051.001/2006.07.03/nt_20060703_f13_v1.1_n.bin']
North,2006,7,4,9.391,0, ['/ecs/DP1/PM/NSIDC-0051.001/2006.07.04/nt_20060704_f13_v1.1_n.bin']
North,2006,7,5,9.218,0, ['/ecs/DP1/PM/NSIDC-0051.001/2006.07.05/nt_20060705_f13_v1.1_n.bin']
North,2006,7,6,9.135,0, ['/ecs/DP1/PM/NSIDC-0051.001/2006.07.06/nt_20060706_f13_v1.1_n.bin']
North,2006,7,7,9.16,0, ['/ecs/DP1/PM/NSIDC-0051.001/2006.07.07/nt_20060707_f13_v1.1_n.bin']
North,2006,7,8,9.045,0, ['/ecs/DP1/PM/NSIDC-0051.001/2006.07.08/nt_20060708_f13_v1.1_n.bin']
North,2006,7,9,8.874,0, ['/ecs/DP1/PM/NSIDC-0051.001/2006.07.09/nt_20060709_f13_v1.1_n.bin']
North,2006,7,10,8.811,0, ['/ecs/DP1/PM/NSIDC-0051.001/2006.07.10/nt_20060710_f13_v1.1_n.bin']
North,2006,7,11,8.714,0, ['/ecs/DP1/PM/NSIDC-0051.001/2006.07.11/nt_20060711_f13_v1.1_n.bin']
North,2006,7,12,8.709,0, ['/ecs/DP1/PM/NSIDC-0051.001/2006.07.12/nt_20060712_f13_v1.1_n.bin']
North,2006,7,13,8.667,0, ['/ecs/DP1/PM/NSIDC-0051.001/2006.07.13/nt_20060713_f13_v1.1_n.bin']
North,2006,7,14,8.601,0, ['/ecs/DP1/PM/NSIDC-0051.001/2006.07.14/nt_20060714_f13_v1.1_n.bin']
North,2006,7,15,8.552,0, ['/ecs/DP1/PM/NSIDC-0051.001/2006.07.15/nt_20060715_f13_v1.1_n.bin']
North,2006,7,16,8.488,0, ['/ecs/DP1/PM/NSIDC-0051.001/2006.07.16/nt_20060716_f13_v1.1_n.bin']
North,2006,7,17,8.432,0, ['/ecs/DP1/PM/NSIDC-0051.001/2006.07.17/nt_20060717_f13_v1.1_n.bin']
North,2006,7,18,8.375,0, ['/ecs/DP1/PM/NSIDC-0051.001/2006.07.18/nt_20060718_f13_v1.1_n.bin']
North,2006,7,19,8.248,0, ['/ecs/DP1/PM/NSIDC-0051.001/2006.07.19/nt_20060719_f13_v1.1_n.bin']
North,2006,7,20,8.239,0, ['/ecs/DP1/PM/NSIDC-0051.001/2006.07.20/nt_20060720_f13_v1.1_n.bin']
North,2006,7,21,8.087,0, ['/ecs/DP1/PM/NSIDC-0051.001/2006.07.21/nt_20060721_f13_v1.1_n.bin']
North,2006,7,22,7.972,0, ['/ecs/DP1/PM/NSIDC-0051.001/2006.07.22/nt_20060722_f13_v1.1_n.bin']
North,2006,7,23,7.913,0, ['/ecs/DP1/PM/NSIDC-0051.001/2006.07.23/nt_20060723_f13_v1.1_n.bin']
North,2006,7,24,7.932,0, ['/ecs/DP1/PM/NSIDC-0051.001/2006.07.24/nt_20060724_f13_v1.1_n.bin']
North,2006,7,25,7.759,0, ['/ecs/DP1/PM/NSIDC-0051.001/2006.07.25/nt_20060725_f13_v1.1_n.bin']
North,2006,7,26,7.708,0, ['/ecs/DP1/PM/NSIDC-0051.001/2006.07.26/nt_20060726_f13_v1.1_n.bin']
North,2006,7,27,7.717,0, ['/ecs/DP1/PM/NSIDC-0051.001/2006.07.27/nt_20060727_f13_v1.1_n.bin']
North,2006,7,28,7.606,0, ['/ecs/DP1/PM/NSIDC-0051.001/2006.07.28/nt_20060728_f13_v1.1_n.bin']
North,2006,7,29,7.516,0, ['/ecs/DP1/PM/NSIDC-0051.001/2006.07.29/nt_20060729_f13_v1.1_n.bin']
North,2006,7,30,7.453,0, ['/ecs/DP1/PM/NSIDC-0051.001/2006.07.30/nt_20060730_f13_v1.1_n.bin']
North,2006,7,31,7.364,0, ['/ecs/DP1/PM/NSIDC-0051.001/2006.07.31/nt_20060731_f13_v1.1_n.bin']
North,2006,8,1,7.325,0, ['/ecs/DP1/PM/NSIDC-0051.001/2006.08.01/nt_20060801_f13_v1.1_n.bin']
North,2006,8,2,7.233,0, ['/ecs/DP1/PM/NSIDC-0051.001/2006.08.02/nt_20060802_f13_v1.1_n.bin']
North,2006,8,3,7.159,0, ['/ecs/DP1/PM/NSIDC-0051.001/2006.08.03/nt_20060803_f13_v1.1_n.bin']
North,2006,8,4,7.097,0, ['/ecs/DP1/PM/NSIDC-0051.001/2006.08.04/nt_20060804_f13_v1.1_n.bin']
North,2006,8,5,7.014,0, ['/ecs/DP1/PM/NSIDC-0051.001/2006.08.05/nt_20060805_f13_v1.1_n.bin']
North,2006,8,6,6.974,0, ['/ecs/DP1/PM/NSIDC-0051.001/2006.08.06/nt_20060806_f13_v1.1_n.bin']
North,2006,8,7,6.883,0, ['/ecs/DP1/PM/NSIDC-0051.001/2006.08.07/nt_20060807_f13_v1.1_n.bin']
North,2006,8,8,6.892,0, ['/ecs/DP1/PM/NSIDC-0051.001/2006.08.08/nt_20060808_f13_v1.1_n.bin']
North,2006,8,9,6.78,0, ['/ecs/DP1/PM/NSIDC-0051.001/2006.08.09/nt_20060809_f13_v1.1_n.bin']
North,2006,8,10,6.717,0, ['/ecs/DP1/PM/NSIDC-0051.001/2006.08.10/nt_20060810_f13_v1.1_n.bin']
North,2006,8,11,6.669,0, ['/ecs/DP1/PM/NSIDC-0051.001/2006.08.11/nt_20060811_f13_v1.1_n.bin']
North,2006,8,12,6.609,0, ['/ecs/DP1/PM/NSIDC-0051.001/2006.08.12/nt_20060812_f13_v1.1_n.bin']
North,2006,8,13,6.613,0, ['/ecs/DP1/PM/NSIDC-0051.001/2006.08.13/nt_20060813_f13_v1.1_n.bin']
North,2006,8,14,6.517,0, ['/ecs/DP1/PM/NSIDC-0051.001/2006.08.14/nt_20060814_f13_v1.1_n.bin']
North,2006,8,15,6.541,0, ['/ecs/DP1/PM/NSIDC-0051.001/2006.08.15/nt_20060815_f13_v1.1_n.bin']
North,2006,8,16,6.437,0, ['/ecs/DP1/PM/NSIDC-0051.001/2006.08.16/nt_20060816_f13_v1.1_n.bin']
North,2006,8,17,6.45,0, ['/ecs/DP1/PM/NSIDC-0051.001/2006.08.17/nt_20060817_f13_v1.1_n.bin']
North,2006,8,18,6.407,0, ['/ecs/DP1/PM/NSIDC-0051.001/2006.08.18/nt_20060818_f13_v1.1_n.bin']
North,2006,8,19,6.235,0, ['/ecs/DP1/PM/NSIDC-0051.001/2006.08.19/nt_20060819_f13_v1.1_n.bin']
North,2006,8,20,6.118,0, ['/ecs/DP1/PM/NSIDC-0051.001/2006.08.20/nt_20060820_f13_v1.1_n.bin']
North,2006,8,21,6.138,0, ['/ecs/DP1/PM/NSIDC-0051.001/2006.08.21/nt_20060821_f13_v1.1_n.bin']
North,2006,8,22,6.158,0, ['/ecs/DP1/PM/NSIDC-0051.001/2006.08.22/nt_20060822_f13_v1.1_n.bin']
North,2006,8,23,6.121,0, ['/ecs/DP1/PM/NSIDC-0051.001/2006.08.23/nt_20060823_f13_v1.1_n.bin']
North,2006,8,24,6.122,0, ['/ecs/DP1/PM/NSIDC-0051.001/2006.08.24/nt_20060824_f13_v1.1_n.bin']
North,2006,8,25,6.08,0, ['/ecs/DP1/PM/NSIDC-0051.001/2006.08.25/nt_20060825_f13_v1.1_n.bin']
North,2006,8,26,6.082,0, ['/ecs/DP1/PM/NSIDC-0051.001/2006.08.26/nt_20060826_f13_v1.1_n.bin']
North,2006,8,27,6.077,0, ['/ecs/DP1/PM/NSIDC-0051.001/2006.08.27/nt_20060827_f13_v1.1_n.bin']
North,2006,8,28,6,0, ['/ecs/DP1/PM/NSIDC-0051.001/2006.08.28/nt_20060828_f13_v1.1_n.bin']
North,2006,8,29,5.971,0, ['/ecs/DP1/PM/NSIDC-0051.001/2006.08.29/nt_20060829_f13_v1.1_n.bin']
North,2006,8,30,5.963,0, ['/ecs/DP1/PM/NSIDC-0051.001/2006.08.30/nt_20060830_f13_v1.1_n.bin']
North,2006,8,31,5.982,0, ['/ecs/DP1/PM/NSIDC-0051.001/2006.08.31/nt_20060831_f13_v1.1_n.bin']
North,2006,9,1,5.937,0, ['/ecs/DP1/PM/NSIDC-0051.001/2006.09.01/nt_20060901_f13_v1.1_n.bin']
North,2006,9,2,6.03,0, ['/ecs/DP1/PM/NSIDC-0051.001/2006.09.02/nt_20060902_f13_v1.1_n.bin']
North,2006,9,3,5.997,0, ['/ecs/DP1/PM/NSIDC-0051.001/2006.09.03/nt_20060903_f13_v1.1_n.bin']
North,2006,9,4,5.903,0, ['/ecs/DP1/PM/NSIDC-0051.001/2006.09.04/nt_20060904_f13_v1.1_n.bin']
North,2006,9,5,5.889,0, ['/ecs/DP1/PM/NSIDC-0051.001/2006.09.05/nt_20060905_f13_v1.1_n.bin']
North,2006,9,6,5.866,0, ['/ecs/DP1/PM/NSIDC-0051.001/2006.09.06/nt_20060906_f13_v1.1_n.bin']
North,2006,9,7,5.873,0, ['/ecs/DP1/PM/NSIDC-0051.001/2006.09.07/nt_20060907_f13_v1.1_n.bin']
North,2006,9,8,5.917,0, ['/ecs/DP1/PM/NSIDC-0051.001/2006.09.08/nt_20060908_f13_v1.1_n.bin']
North,2006,9,9,5.942,0, ['/ecs/DP1/PM/NSIDC-0051.001/2006.09.09/nt_20060909_f13_v1.1_n.bin']
North,2006,9,10,5.887,0, ['/ecs/DP1/PM/NSIDC-0051.001/2006.09.10/nt_20060910_f13_v1.1_n.bin']
North,2006,9,11,5.944,0, ['/ecs/DP1/PM/NSIDC-0051.001/2006.09.11/nt_20060911_f13_v1.1_n.bin']
North,2006,9,12,5.889,0, ['/ecs/DP1/PM/NSIDC-0051.001/2006.09.12/nt_20060912_f13_v1.1_n.bin']
North,2006,9,13,5.79,0, ['/ecs/DP1/PM/NSIDC-0051.001/2006.09.13/nt_20060913_f13_v1.1_n.bin']
North,2006,9,14,5.746,0, ['/ecs/DP1/PM/NSIDC-0051.001/2006.09.14/nt_20060914_f13_v1.1_n.bin']
North,2006,9,15,5.753,0, ['/ecs/DP1/PM/NSIDC-0051.001/2006.09.15/nt_20060915_f13_v1.1_n.bin']
North,2006,9,16,5.797,0, ['/ecs/DP1/PM/NSIDC-0051.001/2006.09.16/nt_20060916_f13_v1.1_n.bin']
North,2006,9,17,5.784,0, ['/ecs/DP1/PM/NSIDC-0051.001/2006.09.17/nt_20060917_f13_v1.1_n.bin']
North,2006,9,18,5.795,0, ['/ecs/DP1/PM/NSIDC-0051.001/2006.09.18/nt_20060918_f13_v1.1_n.bin']
North,2006,9,19,5.843,0, ['/ecs/DP1/PM/NSIDC-0051.001/2006.09.19/nt_20060919_f13_v1.1_n.bin']
North,2006,9,20,5.806,0, ['/ecs/DP1/PM/NSIDC-0051.001/2006.09.20/nt_20060920_f13_v1.1_n.bin']
North,2006,9,21,5.836,0, ['/ecs/DP1/PM/NSIDC-0051.001/2006.09.21/nt_20060921_f13_v1.1_n.bin']
North,2006,9,22,5.787,0, ['/ecs/DP1/PM/NSIDC-0051.001/2006.09.22/nt_20060922_f13_v1.1_n.bin']
North,2006,9,23,5.821,0, ['/ecs/DP1/PM/NSIDC-0051.001/2006.09.23/nt_20060923_f13_v1.1_n.bin']
North,2006,9,24,5.876,0, ['/ecs/DP1/PM/NSIDC-0051.001/2006.09.24/nt_20060924_f13_v1.1_n.bin']
North,2006,9,25,5.87,0, ['/ecs/DP1/PM/NSIDC-0051.001/2006.09.25/nt_20060925_f13_v1.1_n.bin']
North,2006,9,26,5.867,0, ['/ecs/DP1/PM/NSIDC-0051.001/2006.09.26/nt_20060926_f13_v1.1_n.bin']
North,2006,9,27,5.875,0, ['/ecs/DP1/PM/NSIDC-0051.001/2006.09.27/nt_20060927_f13_v1.1_n.bin']
North,2006,9,28,5.868,0, ['/ecs/DP1/PM/NSIDC-0051.001/2006.09.28/nt_20060928_f13_v1.1_n.bin']
North,2006,9,29,5.826,0, ['/ecs/DP1/PM/NSIDC-0051.001/2006.09.29/nt_20060929_f13_v1.1_n.bin']
North,2006,9,30,5.859,0, ['/ecs/DP1/PM/NSIDC-0051.001/2006.09.30/nt_20060930_f13_v1.1_n.bin']
North,2006,10,1,5.984,0, ['/ecs/DP1/PM/NSIDC-0051.001/2006.10.01/nt_20061001_f13_v1.1_n.bin']
North,2006,10,2,6.098,0, ['/ecs/DP1/PM/NSIDC-0051.001/2006.10.02/nt_20061002_f13_v1.1_n.bin']
North,2006,10,3,6.182,0, ['/ecs/DP1/PM/NSIDC-0051.001/2006.10.03/nt_20061003_f13_v1.1_n.bin']
North,2006,10,4,6.301,0, ['/ecs/DP1/PM/NSIDC-0051.001/2006.10.04/nt_20061004_f13_v1.1_n.bin']
North,2006,10,5,6.401,0, ['/ecs/DP1/PM/NSIDC-0051.001/2006.10.05/nt_20061005_f13_v1.1_n.bin']
North,2006,10,6,6.412,0, ['/ecs/DP1/PM/NSIDC-0051.001/2006.10.06/nt_20061006_f13_v1.1_n.bin']
North,2006,10,7,6.442,0, ['/ecs/DP1/PM/NSIDC-0051.001/2006.10.07/nt_20061007_f13_v1.1_n.bin']
North,2006,10,8,6.489,0, ['/ecs/DP1/PM/NSIDC-0051.001/2006.10.08/nt_20061008_f13_v1.1_n.bin']
North,2006,10,9,6.61,0, ['/ecs/DP1/PM/NSIDC-0051.001/2006.10.09/nt_20061009_f13_v1.1_n.bin']
North,2006,10,10,6.673,0, ['/ecs/DP1/PM/NSIDC-0051.001/2006.10.10/nt_20061010_f13_v1.1_n.bin']
North,2006,10,11,6.742,0, ['/ecs/DP1/PM/NSIDC-0051.001/2006.10.11/nt_20061011_f13_v1.1_n.bin']
North,2006,10,12,6.866,0, ['/ecs/DP1/PM/NSIDC-0051.001/2006.10.12/nt_20061012_f13_v1.1_n.bin']
North,2006,10,13,7.104,0, ['/ecs/DP1/PM/NSIDC-0051.001/2006.10.13/nt_20061013_f13_v1.1_n.bin']
North,2006,10,14,7.367,0, ['/ecs/DP1/PM/NSIDC-0051.001/2006.10.14/nt_20061014_f13_v1.1_n.bin']
North,2006,10,15,7.498,0, ['/ecs/DP1/PM/NSIDC-0051.001/2006.10.15/nt_20061015_f13_v1.1_n.bin']
North,2006,10,16,7.731,0, ['/ecs/DP1/PM/NSIDC-0051.001/2006.10.16/nt_20061016_f13_v1.1_n.bin']
North,2006,10,17,7.834,0, ['/ecs/DP1/PM/NSIDC-0051.001/2006.10.17/nt_20061017_f13_v1.1_n.bin']
North,2006,10,18,7.897,0, ['/ecs/DP1/PM/NSIDC-0051.001/2006.10.18/nt_20061018_f13_v1.1_n.bin']
North,2006,10,19,7.982,0, ['/ecs/DP1/PM/NSIDC-0051.001/2006.10.19/nt_20061019_f13_v1.1_n.bin']
North,2006,10,20,8.1,0, ['/ecs/DP1/PM/NSIDC-0051.001/2006.10.20/nt_20061020_f13_v1.1_n.bin']
North,2006,10,21,8.182,0, ['/ecs/DP1/PM/NSIDC-0051.001/2006.10.21/nt_20061021_f13_v1.1_n.bin']
North,2006,10,22,8.23,0, ['/ecs/DP1/PM/NSIDC-0051.001/2006.10.22/nt_20061022_f13_v1.1_n.bin']
North,2006,10,23,8.343,0, ['/ecs/DP1/PM/NSIDC-0051.001/2006.10.23/nt_20061023_f13_v1.1_n.bin']
North,2006,10,24,8.489,0, ['/ecs/DP1/PM/NSIDC-0051.001/2006.10.24/nt_20061024_f13_v1.1_n.bin']
North,2006,10,25,8.688,0, ['/ecs/DP1/PM/NSIDC-0051.001/2006.10.25/nt_20061025_f13_v1.1_n.bin']
North,2006,10,26,8.755,0, ['/ecs/DP1/PM/NSIDC-0051.001/2006.10.26/nt_20061026_f13_v1.1_n.bin']
North,2006,10,27,8.776,0, ['/ecs/DP1/PM/NSIDC-0051.001/2006.10.27/nt_20061027_f13_v1.1_n.bin']
North,2006,10,28,8.836,0, ['/ecs/DP1/PM/NSIDC-0051.001/2006.10.28/nt_20061028_f13_v1.1_n.bin']
North,2006,10,29,8.865,0, ['/ecs/DP1/PM/NSIDC-0051.001/2006.10.29/nt_20061029_f13_v1.1_n.bin']
North,2006,10,30,8.893,0, ['/ecs/DP1/PM/NSIDC-0051.001/2006.10.30/nt_20061030_f13_v1.1_n.bin']
North,2006,10,31,9.004,0, ['/ecs/DP1/PM/NSIDC-0051.001/2006.10.31/nt_20061031_f13_v1.1_n.bin']
North,2006,11,1,9.113,0, ['/ecs/DP1/PM/NSIDC-0051.001/2006.11.01/nt_20061101_f13_v1.1_n.bin']
North,2006,11,2,9.18,0, ['/ecs/DP1/PM/NSIDC-0051.001/2006.11.02/nt_20061102_f13_v1.1_n.bin']
North,2006,11,3,9.216,0, ['/ecs/DP1/PM/NSIDC-0051.001/2006.11.03/nt_20061103_f13_v1.1_n.bin']
North,2006,11,4,9.233,0, ['/ecs/DP1/PM/NSIDC-0051.001/2006.11.04/nt_20061104_f13_v1.1_n.bin']
North,2006,11,5,9.288,0, ['/ecs/DP1/PM/NSIDC-0051.001/2006.11.05/nt_20061105_f13_v1.1_n.bin']
North,2006,11,6,9.34,0, ['/ecs/DP1/PM/NSIDC-0051.001/2006.11.06/nt_20061106_f13_v1.1_n.bin']
North,2006,11,7,9.252,0, ['/ecs/DP1/PM/NSIDC-0051.001/2006.11.07/nt_20061107_f13_v1.1_n.bin']
North,2006,11,8,9.378,0, ['/ecs/DP1/PM/NSIDC-0051.001/2006.11.08/nt_20061108_f13_v1.1_n.bin']
North,2006,11,9,9.421,0, ['/ecs/DP1/PM/NSIDC-0051.001/2006.11.09/nt_20061109_f13_v1.1_n.bin']
North,2006,11,10,9.533,0, ['/ecs/DP1/PM/NSIDC-0051.001/2006.11.10/nt_20061110_f13_v1.1_n.bin']
North,2006,11,11,9.533,0, ['/ecs/DP1/PM/NSIDC-0051.001/2006.11.11/nt_20061111_f13_v1.1_n.bin']
North,2006,11,12,9.5,0, ['/ecs/DP1/PM/NSIDC-0051.001/2006.11.12/nt_20061112_f13_v1.1_n.bin']
North,2006,11,13,9.658,0, ['/ecs/DP1/PM/NSIDC-0051.001/2006.11.13/nt_20061113_f13_v1.1_n.bin']
North,2006,11,14,9.66,0, ['/ecs/DP1/PM/NSIDC-0051.001/2006.11.14/nt_20061114_f13_v1.1_n.bin']
North,2006,11,15,9.717,0, ['/ecs/DP1/PM/NSIDC-0051.001/2006.11.15/nt_20061115_f13_v1.1_n.bin']
North,2006,11,16,9.735,0, ['/ecs/DP1/PM/NSIDC-0051.001/2006.11.16/nt_20061116_f13_v1.1_n.bin']
North,2006,11,17,9.775,0, ['/ecs/DP1/PM/NSIDC-0051.001/2006.11.17/nt_20061117_f13_v1.1_n.bin']
North,2006,11,18,9.775,0, ['/ecs/DP1/PM/NSIDC-0051.001/2006.11.18/nt_20061118_f13_v1.1_n.bin']
North,2006,11,19,9.792,0, ['/ecs/DP1/PM/NSIDC-0051.001/2006.11.19/nt_20061119_f13_v1.1_n.bin']
North,2006,11,20,9.728,0, ['/ecs/DP1/PM/NSIDC-0051.001/2006.11.20/nt_20061120_f13_v1.1_n.bin']
North,2006,11,21,9.745,0, ['/ecs/DP1/PM/NSIDC-0051.001/2006.11.21/nt_20061121_f13_v1.1_n.bin']
North,2006,11,22,9.866,0, ['/ecs/DP1/PM/NSIDC-0051.001/2006.11.22/nt_20061122_f13_v1.1_n.bin']
North,2006,11,23,9.951,0, ['/ecs/DP1/PM/NSIDC-0051.001/2006.11.23/nt_20061123_f13_v1.1_n.bin']
North,2006,11,24,9.923,0, ['/ecs/DP1/PM/NSIDC-0051.001/2006.11.24/nt_20061124_f13_v1.1_n.bin']
North,2006,11,25,9.982,0, ['/ecs/DP1/PM/NSIDC-0051.001/2006.11.25/nt_20061125_f13_v1.1_n.bin']
North,2006,11,26,10.044,0, ['/ecs/DP1/PM/NSIDC-0051.001/2006.11.26/nt_20061126_f13_v1.1_n.bin']
North,2006,11,27,10.047,0, ['/ecs/DP1/PM/NSIDC-0051.001/2006.11.27/nt_20061127_f13_v1.1_n.bin']
North,2006,11,28,10.052,0, ['/ecs/DP1/PM/NSIDC-0051.001/2006.11.28/nt_20061128_f13_v1.1_n.bin']
North,2006,11,29,10.099,0, ['/ecs/DP1/PM/NSIDC-0051.001/2006.11.29/nt_20061129_f13_v1.1_n.bin']
North,2006,11,30,10.226,0, ['/ecs/DP1/PM/NSIDC-0051.001/2006.11.30/nt_20061130_f13_v1.1_n.bin']
North,2006,12,1,10.34,0, ['/ecs/DP1/PM/NSIDC-0051.001/2006.12.01/nt_20061201_f13_v1.1_n.bin']
North,2006,12,2,10.442,0, ['/ecs/DP1/PM/NSIDC-0051.001/2006.12.02/nt_20061202_f13_v1.1_n.bin']
North,2006,12,3,10.673,0, ['/ecs/DP1/PM/NSIDC-0051.001/2006.12.03/nt_20061203_f13_v1.1_n.bin']
North,2006,12,4,10.832,0, ['/ecs/DP1/PM/NSIDC-0051.001/2006.12.04/nt_20061204_f13_v1.1_n.bin']
North,2006,12,5,10.994,0, ['/ecs/DP1/PM/NSIDC-0051.001/2006.12.05/nt_20061205_f13_v1.1_n.bin']
North,2006,12,6,11.159,0, ['/ecs/DP1/PM/NSIDC-0051.001/2006.12.06/nt_20061206_f13_v1.1_n.bin']
North,2006,12,7,11.268,0, ['/ecs/DP1/PM/NSIDC-0051.001/2006.12.07/nt_20061207_f13_v1.1_n.bin']
North,2006,12,8,11.351,0, ['/ecs/DP1/PM/NSIDC-0051.001/2006.12.08/nt_20061208_f13_v1.1_n.bin']
North,2006,12,9,11.582,0, ['/ecs/DP1/PM/NSIDC-0051.001/2006.12.09/nt_20061209_f13_v1.1_n.bin']
North,2006,12,10,11.707,0, ['/ecs/DP1/PM/NSIDC-0051.001/2006.12.10/nt_20061210_f13_v1.1_n.bin']
North,2006,12,11,11.756,0, ['/ecs/DP1/PM/NSIDC-0051.001/2006.12.11/nt_20061211_f13_v1.1_n.bin']
North,2006,12,12,11.796,0, ['/ecs/DP1/PM/NSIDC-0051.001/2006.12.12/nt_20061212_f13_v1.1_n.bin']
North,2006,12,13,11.819,0, ['/ecs/DP1/PM/NSIDC-0051.001/2006.12.13/nt_20061213_f13_v1.1_n.bin']
North,2006,12,14,11.876,0, ['/ecs/DP1/PM/NSIDC-0051.001/2006.12.14/nt_20061214_f13_v1.1_n.bin']
North,2006,12,15,11.928,0, ['/ecs/DP1/PM/NSIDC-0051.001/2006.12.15/nt_20061215_f13_v1.1_n.bin']
North,2006,12,16,11.918,0, ['/ecs/DP1/PM/NSIDC-0051.001/2006.12.16/nt_20061216_f13_v1.1_n.bin']
North,2006,12,17,12.021,0, ['/ecs/DP1/PM/NSIDC-0051.001/2006.12.17/nt_20061217_f13_v1.1_n.bin']
North,2006,12,18,12.098,0, ['/ecs/DP1/PM/NSIDC-0051.001/2006.12.18/nt_20061218_f13_v1.1_n.bin']
North,2006,12,19,12.27,0, ['/ecs/DP1/PM/NSIDC-0051.001/2006.12.19/nt_20061219_f13_v1.1_n.bin']
North,2006,12,20,12.408,0, ['/ecs/DP1/PM/NSIDC-0051.001/2006.12.20/nt_20061220_f13_v1.1_n.bin']
North,2006,12,21,12.465,0, ['/ecs/DP1/PM/NSIDC-0051.001/2006.12.21/nt_20061221_f13_v1.1_n.bin']
North,2006,12,22,12.517,0, ['/ecs/DP1/PM/NSIDC-0051.001/2006.12.22/nt_20061222_f13_v1.1_n.bin']
North,2006,12,23,12.593,0, ['/ecs/DP1/PM/NSIDC-0051.001/2006.12.23/nt_20061223_f13_v1.1_n.bin']
North,2006,12,24,12.675,0, ['/ecs/DP1/PM/NSIDC-0051.001/2006.12.24/nt_20061224_f13_v1.1_n.bin']
North,2006,12,25,12.683,0, ['/ecs/DP1/PM/NSIDC-0051.001/2006.12.25/nt_20061225_f13_v1.1_n.bin']
North,2006,12,26,12.696,0, ['/ecs/DP1/PM/NSIDC-0051.001/2006.12.26/nt_20061226_f13_v1.1_n.bin']
North,2006,12,27,12.812,0, ['/ecs/DP1/PM/NSIDC-0051.001/2006.12.27/nt_20061227_f13_v1.1_n.bin']
North,2006,12,28,12.831,0, ['/ecs/DP1/PM/NSIDC-0051.001/2006.12.28/nt_20061228_f13_v1.1_n.bin']
North,2006,12,29,12.94,0, ['/ecs/DP1/PM/NSIDC-0051.001/2006.12.29/nt_20061229_f13_v1.1_n.bin']
North,2006,12,30,13.073,0, ['/ecs/DP1/PM/NSIDC-0051.001/2006.12.30/nt_20061230_f13_v1.1_n.bin']
North,2006,12,31,13.072,0, ['/ecs/DP1/PM/NSIDC-0051.001/2006.12.31/nt_20061231_f13_v1.1_n.bin']
North,2007,1,1,13.11,0, ['/ecs/DP1/PM/NSIDC-0051.001/2007.01.01/nt_20070101_f13_v1.1_n.bin']
North,2007,1,2,13.207,0, ['/ecs/DP1/PM/NSIDC-0051.001/2007.01.02/nt_20070102_f13_v1.1_n.bin']
North,2007,1,3,13.182,0, ['/ecs/DP1/PM/NSIDC-0051.001/2007.01.03/nt_20070103_f13_v1.1_n.bin']
North,2007,1,4,13.252,0, ['/ecs/DP1/PM/NSIDC-0051.001/2007.01.04/nt_20070104_f13_v1.1_n.bin']
North,2007,1,5,13.361,0, ['/ecs/DP1/PM/NSIDC-0051.001/2007.01.05/nt_20070105_f13_v1.1_n.bin']
North,2007,1,6,13.403,0, ['/ecs/DP1/PM/NSIDC-0051.001/2007.01.06/nt_20070106_f13_v1.1_n.bin']
North,2007,1,7,13.51,0, ['/ecs/DP1/PM/NSIDC-0051.001/2007.01.07/nt_20070107_f13_v1.1_n.bin']
North,2007,1,8,13.459,0, ['/ecs/DP1/PM/NSIDC-0051.001/2007.01.08/nt_20070108_f13_v1.1_n.bin']
North,2007,1,9,13.435,0, ['/ecs/DP1/PM/NSIDC-0051.001/2007.01.09/nt_20070109_f13_v1.1_n.bin']
North,2007,1,10,13.217,0, ['/ecs/DP1/PM/NSIDC-0051.001/2007.01.10/nt_20070110_f13_v1.1_n.bin']
North,2007,1,11,13.227,0, ['/ecs/DP1/PM/NSIDC-0051.001/2007.01.11/nt_20070111_f13_v1.1_n.bin']
North,2007,1,12,13.29,0, ['/ecs/DP1/PM/NSIDC-0051.001/2007.01.12/nt_20070112_f13_v1.1_n.bin']
North,2007,1,13,13.367,0, ['/ecs/DP1/PM/NSIDC-0051.001/2007.01.13/nt_20070113_f13_v1.1_n.bin']
North,2007,1,14,13.444,0, ['/ecs/DP1/PM/NSIDC-0051.001/2007.01.14/nt_20070114_f13_v1.1_n.bin']
North,2007,1,15,13.523,0, ['/ecs/DP1/PM/NSIDC-0051.001/2007.01.15/nt_20070115_f13_v1.1_n.bin']
North,2007,1,16,13.67,0, ['/ecs/DP1/PM/NSIDC-0051.001/2007.01.16/nt_20070116_f13_v1.1_n.bin']
North,2007,1,17,13.712,0, ['/ecs/DP1/PM/NSIDC-0051.001/2007.01.17/nt_20070117_f13_v1.1_n.bin']
North,2007,1,18,13.776,0, ['/ecs/DP1/PM/NSIDC-0051.001/2007.01.18/nt_20070118_f13_v1.1_n.bin']
North,2007,1,19,13.89,0, ['/ecs/DP1/PM/NSIDC-0051.001/2007.01.19/nt_20070119_f13_v1.1_n.bin']
North,2007,1,20,13.914,0, ['/ecs/DP1/PM/NSIDC-0051.001/2007.01.20/nt_20070120_f13_v1.1_n.bin']
North,2007,1,21,13.951,0, ['/ecs/DP1/PM/NSIDC-0051.001/2007.01.21/nt_20070121_f13_v1.1_n.bin']
North,2007,1,22,14.014,0, ['/ecs/DP1/PM/NSIDC-0051.001/2007.01.22/nt_20070122_f13_v1.1_n.bin']
North,2007,1,23,14.089,0, ['/ecs/DP1/PM/NSIDC-0051.001/2007.01.23/nt_20070123_f13_v1.1_n.bin']
North,2007,1,24,14.175,0, ['/ecs/DP1/PM/NSIDC-0051.001/2007.01.24/nt_20070124_f13_v1.1_n.bin']
North,2007,1,25,14.226,0, ['/ecs/DP1/PM/NSIDC-0051.001/2007.01.25/nt_20070125_f13_v1.1_n.bin']
North,2007,1,26,14.189,0, ['/ecs/DP1/PM/NSIDC-0051.001/2007.01.26/nt_20070126_f13_v1.1_n.bin']
North,2007,1,27,14.26,0, ['/ecs/DP1/PM/NSIDC-0051.001/2007.01.27/nt_20070127_f13_v1.1_n.bin']
North,2007,1,28,14.215,0, ['/ecs/DP1/PM/NSIDC-0051.001/2007.01.28/nt_20070128_f13_v1.1_n.bin']
North,2007,1,29,14.218,0, ['/ecs/DP1/PM/NSIDC-0051.001/2007.01.29/nt_20070129_f13_v1.1_n.bin']
North,2007,1,30,14.276,0, ['/ecs/DP1/PM/NSIDC-0051.001/2007.01.30/nt_20070130_f13_v1.1_n.bin']
North,2007,1,31,14.232,0, ['/ecs/DP1/PM/NSIDC-0051.001/2007.01.31/nt_20070131_f13_v1.1_n.bin']
North,2007,2,1,14.222,0, ['/ecs/DP1/PM/NSIDC-0051.001/2007.02.01/nt_20070201_f13_v1.1_n.bin']
North,2007,2,2,14.371,0, ['/ecs/DP1/PM/NSIDC-0051.001/2007.02.02/nt_20070202_f13_v1.1_n.bin']
North,2007,2,3,14.328,0, ['/ecs/DP1/PM/NSIDC-0051.001/2007.02.03/nt_20070203_f13_v1.1_n.bin']
North,2007,2,4,14.306,0, ['/ecs/DP1/PM/NSIDC-0051.001/2007.02.04/nt_20070204_f13_v1.1_n.bin']
North,2007,2,5,14.254,0, ['/ecs/DP1/PM/NSIDC-0051.001/2007.02.05/nt_20070205_f13_v1.1_n.bin']
North,2007,2,6,14.252,0, ['/ecs/DP1/PM/NSIDC-0051.001/2007.02.06/nt_20070206_f13_v1.1_n.bin']
North,2007,2,7,14.351,0, ['/ecs/DP1/PM/NSIDC-0051.001/2007.02.07/nt_20070207_f13_v1.1_n.bin']
North,2007,2,8,14.351,0, ['/ecs/DP1/PM/NSIDC-0051.001/2007.02.08/nt_20070208_f13_v1.1_n.bin']
North,2007,2,9,14.375,0, ['/ecs/DP1/PM/NSIDC-0051.001/2007.02.09/nt_20070209_f13_v1.1_n.bin']
North,2007,2,10,14.442,0, ['/ecs/DP1/PM/NSIDC-0051.001/2007.02.10/nt_20070210_f13_v1.1_n.bin']
North,2007,2,11,14.477,0, ['/ecs/DP1/PM/NSIDC-0051.001/2007.02.11/nt_20070211_f13_v1.1_n.bin']
North,2007,2,12,14.476,0, ['/ecs/DP1/PM/NSIDC-0051.001/2007.02.12/nt_20070212_f13_v1.1_n.bin']
North,2007,2,13,14.563,0, ['/ecs/DP1/PM/NSIDC-0051.001/2007.02.13/nt_20070213_f13_v1.1_n.bin']
North,2007,2,14,14.538,0, ['/ecs/DP1/PM/NSIDC-0051.001/2007.02.14/nt_20070214_f13_v1.1_n.bin']
North,2007,2,15,14.631,0, ['/ecs/DP1/PM/NSIDC-0051.001/2007.02.15/nt_20070215_f13_v1.1_n.bin']
North,2007,2,16,14.495,0, ['/ecs/DP1/PM/NSIDC-0051.001/2007.02.16/nt_20070216_f13_v1.1_n.bin']
North,2007,2,17,14.563,0, ['/ecs/DP1/PM/NSIDC-0051.001/2007.02.17/nt_20070217_f13_v1.1_n.bin']
North,2007,2,18,14.552,0, ['/ecs/DP1/PM/NSIDC-0051.001/2007.02.18/nt_20070218_f13_v1.1_n.bin']
North,2007,2,19,14.601,0, ['/ecs/DP1/PM/NSIDC-0051.001/2007.02.19/nt_20070219_f13_v1.1_n.bin']
North,2007,2,20,14.74,0, ['/ecs/DP1/PM/NSIDC-0051.001/2007.02.20/nt_20070220_f13_v1.1_n.bin']
North,2007,2,21,14.627,0, ['/ecs/DP1/PM/NSIDC-0051.001/2007.02.21/nt_20070221_f13_v1.1_n.bin']
North,2007,2,22,14.679,0, ['/ecs/DP1/PM/NSIDC-0051.001/2007.02.22/nt_20070222_f13_v1.1_n.bin']
North,2007,2,23,14.712,0, ['/ecs/DP1/PM/NSIDC-0051.001/2007.02.23/nt_20070223_f13_v1.1_n.bin']
North,2007,2,24,14.76,0, ['/ecs/DP1/PM/NSIDC-0051.001/2007.02.24/nt_20070224_f13_v1.1_n.bin']
North,2007,2,25,14.717,0, ['/ecs/DP1/PM/NSIDC-0051.001/2007.02.25/nt_20070225_f13_v1.1_n.bin']
North,2007,2,26,14.65,0, ['/ecs/DP1/PM/NSIDC-0051.001/2007.02.26/nt_20070226_f13_v1.1_n.bin']
North,2007,2,27,14.676,0, ['/ecs/DP1/PM/NSIDC-0051.001/2007.02.27/nt_20070227_f13_v1.1_n.bin']
North,2007,2,28,14.662,0, ['/ecs/DP1/PM/NSIDC-0051.001/2007.02.28/nt_20070228_f13_v1.1_n.bin']
North,2007,3,1,14.682,0, ['/ecs/DP1/PM/NSIDC-0051.001/2007.03.01/nt_20070301_f13_v1.1_n.bin']
North,2007,3,2,14.672,0, ['/ecs/DP1/PM/NSIDC-0051.001/2007.03.02/nt_20070302_f13_v1.1_n.bin']
North,2007,3,3,14.742,0, ['/ecs/DP1/PM/NSIDC-0051.001/2007.03.03/nt_20070303_f13_v1.1_n.bin']
North,2007,3,4,14.714,0, ['/ecs/DP1/PM/NSIDC-0051.001/2007.03.04/nt_20070304_f13_v1.1_n.bin']
North,2007,3,5,14.66,0, ['/ecs/DP1/PM/NSIDC-0051.001/2007.03.05/nt_20070305_f13_v1.1_n.bin']
North,2007,3,6,14.653,0, ['/ecs/DP1/PM/NSIDC-0051.001/2007.03.06/nt_20070306_f13_v1.1_n.bin']
North,2007,3,7,14.642,0, ['/ecs/DP1/PM/NSIDC-0051.001/2007.03.07/nt_20070307_f13_v1.1_n.bin']
North,2007,3,8,14.644,0, ['/ecs/DP1/PM/NSIDC-0051.001/2007.03.08/nt_20070308_f13_v1.1_n.bin']
North,2007,3,9,14.796,0, ['/ecs/DP1/PM/NSIDC-0051.001/2007.03.09/nt_20070309_f13_v1.1_n.bin']
North,2007,3,10,14.842,0, ['/ecs/DP1/PM/NSIDC-0051.001/2007.03.10/nt_20070310_f13_v1.1_n.bin']
North,2007,3,11,14.808,0, ['/ecs/DP1/PM/NSIDC-0051.001/2007.03.11/nt_20070311_f13_v1.1_n.bin']
North,2007,3,12,14.733,0, ['/ecs/DP1/PM/NSIDC-0051.001/2007.03.12/nt_20070312_f13_v1.1_n.bin']
North,2007,3,13,14.632,0, ['/ecs/DP1/PM/NSIDC-0051.001/2007.03.13/nt_20070313_f13_v1.1_n.bin']
North,2007,3,14,14.609,0, ['/ecs/DP1/PM/NSIDC-0051.001/2007.03.14/nt_20070314_f13_v1.1_n.bin']
North,2007,3,15,14.485,0, ['/ecs/DP1/PM/NSIDC-0051.001/2007.03.15/nt_20070315_f13_v1.1_n.bin']
North,2007,3,16,14.502,0, ['/ecs/DP1/PM/NSIDC-0051.001/2007.03.16/nt_20070316_f13_v1.1_n.bin']
North,2007,3,17,14.596,0, ['/ecs/DP1/PM/NSIDC-0051.001/2007.03.17/nt_20070317_f13_v1.1_n.bin']
North,2007,3,18,14.561,0, ['/ecs/DP1/PM/NSIDC-0051.001/2007.03.18/nt_20070318_f13_v1.1_n.bin']
North,2007,3,19,14.446,0, ['/ecs/DP1/PM/NSIDC-0051.001/2007.03.19/nt_20070319_f13_v1.1_n.bin']
North,2007,3,20,14.364,0, ['/ecs/DP1/PM/NSIDC-0051.001/2007.03.20/nt_20070320_f13_v1.1_n.bin']
North,2007,3,21,14.406,0, ['/ecs/DP1/PM/NSIDC-0051.001/2007.03.21/nt_20070321_f13_v1.1_n.bin']
North,2007,3,22,14.493,0, ['/ecs/DP1/PM/NSIDC-0051.001/2007.03.22/nt_20070322_f13_v1.1_n.bin']
North,2007,3,23,14.407,0, ['/ecs/DP1/PM/NSIDC-0051.001/2007.03.23/nt_20070323_f13_v1.1_n.bin']
North,2007,3,24,14.399,0, ['/ecs/DP1/PM/NSIDC-0051.001/2007.03.24/nt_20070324_f13_v1.1_n.bin']
North,2007,3,25,14.368,0, ['/ecs/DP1/PM/NSIDC-0051.001/2007.03.25/nt_20070325_f13_v1.1_n.bin']
North,2007,3,26,14.414,0, ['/ecs/DP1/PM/NSIDC-0051.001/2007.03.26/nt_20070326_f13_v1.1_n.bin']
North,2007,3,27,14.387,0, ['/ecs/DP1/PM/NSIDC-0051.001/2007.03.27/nt_20070327_f13_v1.1_n.bin']
North,2007,3,28,14.281,0, ['/ecs/DP1/PM/NSIDC-0051.001/2007.03.28/nt_20070328_f13_v1.1_n.bin']
North,2007,3,29,14.326,0, ['/ecs/DP1/PM/NSIDC-0051.001/2007.03.29/nt_20070329_f13_v1.1_n.bin']
North,2007,3,30,14.277,0, ['/ecs/DP1/PM/NSIDC-0051.001/2007.03.30/nt_20070330_f13_v1.1_n.bin']
North,2007,3,31,14.264,0, ['/ecs/DP1/PM/NSIDC-0051.001/2007.03.31/nt_20070331_f13_v1.1_n.bin']
North,2007,4,1,14.267,0, ['/ecs/DP1/PM/NSIDC-0051.001/2007.04.01/nt_20070401_f13_v1.1_n.bin']
North,2007,4,2,14.277,0, ['/ecs/DP1/PM/NSIDC-0051.001/2007.04.02/nt_20070402_f13_v1.1_n.bin']
North,2007,4,3,14.186,0, ['/ecs/DP1/PM/NSIDC-0051.001/2007.04.03/nt_20070403_f13_v1.1_n.bin']
North,2007,4,4,14.225,0, ['/ecs/DP1/PM/NSIDC-0051.001/2007.04.04/nt_20070404_f13_v1.1_n.bin']
North,2007,4,5,14.242,0, ['/ecs/DP1/PM/NSIDC-0051.001/2007.04.05/nt_20070405_f13_v1.1_n.bin']
North,2007,4,6,14.186,0, ['/ecs/DP1/PM/NSIDC-0051.001/2007.04.06/nt_20070406_f13_v1.1_n.bin']
North,2007,4,7,14.123,0, ['/ecs/DP1/PM/NSIDC-0051.001/2007.04.07/nt_20070407_f13_v1.1_n.bin']
North,2007,4,8,14.141,0, ['/ecs/DP1/PM/NSIDC-0051.001/2007.04.08/nt_20070408_f13_v1.1_n.bin']
North,2007,4,9,14.074,0, ['/ecs/DP1/PM/NSIDC-0051.001/2007.04.09/nt_20070409_f13_v1.1_n.bin']
North,2007,4,10,14.028,0, ['/ecs/DP1/PM/NSIDC-0051.001/2007.04.10/nt_20070410_f13_v1.1_n.bin']
North,2007,4,11,13.93,0, ['/ecs/DP1/PM/NSIDC-0051.001/2007.04.11/nt_20070411_f13_v1.1_n.bin']
North,2007,4,12,13.878,0, ['/ecs/DP1/PM/NSIDC-0051.001/2007.04.12/nt_20070412_f13_v1.1_n.bin']
North,2007,4,13,13.909,0, ['/ecs/DP1/PM/NSIDC-0051.001/2007.04.13/nt_20070413_f13_v1.1_n.bin']
North,2007,4,14,13.806,0, ['/ecs/DP1/PM/NSIDC-0051.001/2007.04.14/nt_20070414_f13_v1.1_n.bin']
North,2007,4,15,13.777,0, ['/ecs/DP1/PM/NSIDC-0051.001/2007.04.15/nt_20070415_f13_v1.1_n.bin']
North,2007,4,16,13.722,0, ['/ecs/DP1/PM/NSIDC-0051.001/2007.04.16/nt_20070416_f13_v1.1_n.bin']
North,2007,4,17,13.772,0, ['/ecs/DP1/PM/NSIDC-0051.001/2007.04.17/nt_20070417_f13_v1.1_n.bin']
North,2007,4,18,13.751,0, ['/ecs/DP1/PM/NSIDC-0051.001/2007.04.18/nt_20070418_f13_v1.1_n.bin']
North,2007,4,19,13.755,0, ['/ecs/DP1/PM/NSIDC-0051.001/2007.04.19/nt_20070419_f13_v1.1_n.bin']
North,2007,4,20,13.784,0, ['/ecs/DP1/PM/NSIDC-0051.001/2007.04.20/nt_20070420_f13_v1.1_n.bin']
North,2007,4,21,13.719,0, ['/ecs/DP1/PM/NSIDC-0051.001/2007.04.21/nt_20070421_f13_v1.1_n.bin']
North,2007,4,22,13.663,0, ['/ecs/DP1/PM/NSIDC-0051.001/2007.04.22/nt_20070422_f13_v1.1_n.bin']
North,2007,4,23,13.682,0, ['/ecs/DP1/PM/NSIDC-0051.001/2007.04.23/nt_20070423_f13_v1.1_n.bin']
North,2007,4,24,13.615,0, ['/ecs/DP1/PM/NSIDC-0051.001/2007.04.24/nt_20070424_f13_v1.1_n.bin']
North,2007,4,25,13.542,0, ['/ecs/DP1/PM/NSIDC-0051.001/2007.04.25/nt_20070425_f13_v1.1_n.bin']
North,2007,4,26,13.486,0, ['/ecs/DP1/PM/NSIDC-0051.001/2007.04.26/nt_20070426_f13_v1.1_n.bin']
North,2007,4,27,13.439,0, ['/ecs/DP1/PM/NSIDC-0051.001/2007.04.27/nt_20070427_f13_v1.1_n.bin']
North,2007,4,28,13.471,0, ['/ecs/DP1/PM/NSIDC-0051.001/2007.04.28/nt_20070428_f13_v1.1_n.bin']
North,2007,4,29,13.482,0, ['/ecs/DP1/PM/NSIDC-0051.001/2007.04.29/nt_20070429_f13_v1.1_n.bin']
North,2007,4,30,13.424,0, ['/ecs/DP1/PM/NSIDC-0051.001/2007.04.30/nt_20070430_f13_v1.1_n.bin']
North,2007,5,1,13.367,0, ['/ecs/DP1/PM/NSIDC-0051.001/2007.05.01/nt_20070501_f13_v1.1_n.bin']
North,2007,5,2,13.295,0, ['/ecs/DP1/PM/NSIDC-0051.001/2007.05.02/nt_20070502_f13_v1.1_n.bin']
North,2007,5,3,13.291,0, ['/ecs/DP1/PM/NSIDC-0051.001/2007.05.03/nt_20070503_f13_v1.1_n.bin']
North,2007,5,4,13.271,0, ['/ecs/DP1/PM/NSIDC-0051.001/2007.05.04/nt_20070504_f13_v1.1_n.bin']
North,2007,5,5,13.209,0, ['/ecs/DP1/PM/NSIDC-0051.001/2007.05.05/nt_20070505_f13_v1.1_n.bin']
North,2007,5,6,13.171,0, ['/ecs/DP1/PM/NSIDC-0051.001/2007.05.06/nt_20070506_f13_v1.1_n.bin']
North,2007,5,7,13.139,0, ['/ecs/DP1/PM/NSIDC-0051.001/2007.05.07/nt_20070507_f13_v1.1_n.bin']
North,2007,5,8,13.123,0, ['/ecs/DP1/PM/NSIDC-0051.001/2007.05.08/nt_20070508_f13_v1.1_n.bin']
North,2007,5,9,13.064,0, ['/ecs/DP1/PM/NSIDC-0051.001/2007.05.09/nt_20070509_f13_v1.1_n.bin']
North,2007,5,10,12.949,0, ['/ecs/DP1/PM/NSIDC-0051.001/2007.05.10/nt_20070510_f13_v1.1_n.bin']
North,2007,5,11,12.941,0, ['/ecs/DP1/PM/NSIDC-0051.001/2007.05.11/nt_20070511_f13_v1.1_n.bin']
North,2007,5,12,12.898,0, ['/ecs/DP1/PM/NSIDC-0051.001/2007.05.12/nt_20070512_f13_v1.1_n.bin']
North,2007,5,13,12.868,0, ['/ecs/DP1/PM/NSIDC-0051.001/2007.05.13/nt_20070513_f13_v1.1_n.bin']
North,2007,5,14,12.865,0, ['/ecs/DP1/PM/NSIDC-0051.001/2007.05.14/nt_20070514_f13_v1.1_n.bin']
North,2007,5,15,12.838,0, ['/ecs/DP1/PM/NSIDC-0051.001/2007.05.15/nt_20070515_f13_v1.1_n.bin']
North,2007,5,16,12.749,0, ['/ecs/DP1/PM/NSIDC-0051.001/2007.05.16/nt_20070516_f13_v1.1_n.bin']
North,2007,5,17,12.718,0, ['/ecs/DP1/PM/NSIDC-0051.001/2007.05.17/nt_20070517_f13_v1.1_n.bin']
North,2007,5,18,12.684,0, ['/ecs/DP1/PM/NSIDC-0051.001/2007.05.18/nt_20070518_f13_v1.1_n.bin']
North,2007,5,19,12.724,0, ['/ecs/DP1/PM/NSIDC-0051.001/2007.05.19/nt_20070519_f13_v1.1_n.bin']
North,2007,5,20,12.769,0, ['/ecs/DP1/PM/NSIDC-0051.001/2007.05.20/nt_20070520_f13_v1.1_n.bin']
North,2007,5,21,12.642,0, ['/ecs/DP1/PM/NSIDC-0051.001/2007.05.21/nt_20070521_f13_v1.1_n.bin']
North,2007,5,22,12.565,0, ['/ecs/DP1/PM/NSIDC-0051.001/2007.05.22/nt_20070522_f13_v1.1_n.bin']
North,2007,5,23,12.503,0, ['/ecs/DP1/PM/NSIDC-0051.001/2007.05.23/nt_20070523_f13_v1.1_n.bin']
North,2007,5,24,12.466,0, ['/ecs/DP1/PM/NSIDC-0051.001/2007.05.24/nt_20070524_f13_v1.1_n.bin']
North,2007,5,25,12.415,0, ['/ecs/DP1/PM/NSIDC-0051.001/2007.05.25/nt_20070525_f13_v1.1_n.bin']
North,2007,5,26,12.331,0, ['/ecs/DP1/PM/NSIDC-0051.001/2007.05.26/nt_20070526_f13_v1.1_n.bin']
North,2007,5,27,12.338,0, ['/ecs/DP1/PM/NSIDC-0051.001/2007.05.27/nt_20070527_f13_v1.1_n.bin']
North,2007,5,28,12.327,0, ['/ecs/DP1/PM/NSIDC-0051.001/2007.05.28/nt_20070528_f13_v1.1_n.bin']
North,2007,5,29,12.296,0, ['/ecs/DP1/PM/NSIDC-0051.001/2007.05.29/nt_20070529_f13_v1.1_n.bin']
North,2007,5,30,12.184,0, ['/ecs/DP1/PM/NSIDC-0051.001/2007.05.30/nt_20070530_f13_v1.1_n.bin']
North,2007,5,31,12.17,0, ['/ecs/DP1/PM/NSIDC-0051.001/2007.05.31/nt_20070531_f13_v1.1_n.bin']
North,2007,6,1,12.029,0, ['/ecs/DP1/PM/NSIDC-0051.001/2007.06.01/nt_20070601_f13_v1.1_n.bin']
North,2007,6,2,12.004,0, ['/ecs/DP1/PM/NSIDC-0051.001/2007.06.02/nt_20070602_f13_v1.1_n.bin']
North,2007,6,3,11.92,0, ['/ecs/DP1/PM/NSIDC-0051.001/2007.06.03/nt_20070603_f13_v1.1_n.bin']
North,2007,6,4,11.867,0, ['/ecs/DP1/PM/NSIDC-0051.001/2007.06.04/nt_20070604_f13_v1.1_n.bin']
North,2007,6,5,11.817,0, ['/ecs/DP1/PM/NSIDC-0051.001/2007.06.05/nt_20070605_f13_v1.1_n.bin']
North,2007,6,6,11.759,0, ['/ecs/DP1/PM/NSIDC-0051.001/2007.06.06/nt_20070606_f13_v1.1_n.bin']
North,2007,6,7,11.757,0, ['/ecs/DP1/PM/NSIDC-0051.001/2007.06.07/nt_20070607_f13_v1.1_n.bin']
North,2007,6,8,11.826,0, ['/ecs/DP1/PM/NSIDC-0051.001/2007.06.08/nt_20070608_f13_v1.1_n.bin']
North,2007,6,9,11.702,0, ['/ecs/DP1/PM/NSIDC-0051.001/2007.06.09/nt_20070609_f13_v1.1_n.bin']
North,2007,6,10,11.715,0, ['/ecs/DP1/PM/NSIDC-0051.001/2007.06.10/nt_20070610_f13_v1.1_n.bin']
North,2007,6,11,11.639,0, ['/ecs/DP1/PM/NSIDC-0051.001/2007.06.11/nt_20070611_f13_v1.1_n.bin']
North,2007,6,12,11.607,0, ['/ecs/DP1/PM/NSIDC-0051.001/2007.06.12/nt_20070612_f13_v1.1_n.bin']
North,2007,6,13,11.561,0, ['/ecs/DP1/PM/NSIDC-0051.001/2007.06.13/nt_20070613_f13_v1.1_n.bin']
North,2007,6,14,11.457,0, ['/ecs/DP1/PM/NSIDC-0051.001/2007.06.14/nt_20070614_f13_v1.1_n.bin']
North,2007,6,15,11.43,0, ['/ecs/DP1/PM/NSIDC-0051.001/2007.06.15/nt_20070615_f13_v1.1_n.bin']
North,2007,6,16,11.365,0, ['/ecs/DP1/PM/NSIDC-0051.001/2007.06.16/nt_20070616_f13_v1.1_n.bin']
North,2007,6,17,11.263,0, ['/ecs/DP1/PM/NSIDC-0051.001/2007.06.17/nt_20070617_f13_v1.1_n.bin']
North,2007,6,18,11.131,0, ['/ecs/DP1/PM/NSIDC-0051.001/2007.06.18/nt_20070618_f13_v1.1_n.bin']
North,2007,6,19,11.065,0, ['/ecs/DP1/PM/NSIDC-0051.001/2007.06.19/nt_20070619_f13_v1.1_n.bin']
North,2007,6,20,10.945,0, ['/ecs/DP1/PM/NSIDC-0051.001/2007.06.20/nt_20070620_f13_v1.1_n.bin']
North,2007,6,21,10.863,0, ['/ecs/DP1/PM/NSIDC-0051.001/2007.06.21/nt_20070621_f13_v1.1_n.bin']
North,2007,6,22,10.824,0, ['/ecs/DP1/PM/NSIDC-0051.001/2007.06.22/nt_20070622_f13_v1.1_n.bin']
North,2007,6,23,10.737,0, ['/ecs/DP1/PM/NSIDC-0051.001/2007.06.23/nt_20070623_f13_v1.1_n.bin']
North,2007,6,24,10.626,0, ['/ecs/DP1/PM/NSIDC-0051.001/2007.06.24/nt_20070624_f13_v1.1_n.bin']
North,2007,6,25,10.497,0, ['/ecs/DP1/PM/NSIDC-0051.001/2007.06.25/nt_20070625_f13_v1.1_n.bin']
North,2007,6,26,10.447,0, ['/ecs/DP1/PM/NSIDC-0051.001/2007.06.26/nt_20070626_f13_v1.1_n.bin']
North,2007,6,27,10.391,0, ['/ecs/DP1/PM/NSIDC-0051.001/2007.06.27/nt_20070627_f13_v1.1_n.bin']
North,2007,6,28,10.281,0, ['/ecs/DP1/PM/NSIDC-0051.001/2007.06.28/nt_20070628_f13_v1.1_n.bin']
North,2007,6,29,10.125,0, ['/ecs/DP1/PM/NSIDC-0051.001/2007.06.29/nt_20070629_f13_v1.1_n.bin']
North,2007,6,30,9.952,0, ['/ecs/DP1/PM/NSIDC-0051.001/2007.06.30/nt_20070630_f13_v1.1_n.bin']
North,2007,7,1,9.632,0, ['/ecs/DP1/PM/NSIDC-0051.001/2007.07.01/nt_20070701_f13_v1.1_n.bin']
North,2007,7,2,9.452,0, ['/ecs/DP1/PM/NSIDC-0051.001/2007.07.02/nt_20070702_f13_v1.1_n.bin']
North,2007,7,3,9.21,0, ['/ecs/DP1/PM/NSIDC-0051.001/2007.07.03/nt_20070703_f13_v1.1_n.bin']
North,2007,7,4,9.098,0, ['/ecs/DP1/PM/NSIDC-0051.001/2007.07.04/nt_20070704_f13_v1.1_n.bin']
North,2007,7,5,9.037,0, ['/ecs/DP1/PM/NSIDC-0051.001/2007.07.05/nt_20070705_f13_v1.1_n.bin']
North,2007,7,6,8.897,0, ['/ecs/DP1/PM/NSIDC-0051.001/2007.07.06/nt_20070706_f13_v1.1_n.bin']
North,2007,7,7,8.784,0, ['/ecs/DP1/PM/NSIDC-0051.001/2007.07.07/nt_20070707_f13_v1.1_n.bin']
North,2007,7,8,8.722,0, ['/ecs/DP1/PM/NSIDC-0051.001/2007.07.08/nt_20070708_f13_v1.1_n.bin']
North,2007,7,9,8.674,0, ['/ecs/DP1/PM/NSIDC-0051.001/2007.07.09/nt_20070709_f13_v1.1_n.bin']
North,2007,7,10,8.583,0, ['/ecs/DP1/PM/NSIDC-0051.001/2007.07.10/nt_20070710_f13_v1.1_n.bin']
North,2007,7,11,8.463,0, ['/ecs/DP1/PM/NSIDC-0051.001/2007.07.11/nt_20070711_f13_v1.1_n.bin']
North,2007,7,12,8.327,0, ['/ecs/DP1/PM/NSIDC-0051.001/2007.07.12/nt_20070712_f13_v1.1_n.bin']
North,2007,7,13,8.195,0, ['/ecs/DP1/PM/NSIDC-0051.001/2007.07.13/nt_20070713_f13_v1.1_n.bin']
North,2007,7,14,8.065,0, ['/ecs/DP1/PM/NSIDC-0051.001/2007.07.14/nt_20070714_f13_v1.1_n.bin']
North,2007,7,15,8.001,0, ['/ecs/DP1/PM/NSIDC-0051.001/2007.07.15/nt_20070715_f13_v1.1_n.bin']
North,2007,7,16,7.823,0, ['/ecs/DP1/PM/NSIDC-0051.001/2007.07.16/nt_20070716_f13_v1.1_n.bin']
North,2007,7,17,7.817,0, ['/ecs/DP1/PM/NSIDC-0051.001/2007.07.17/nt_20070717_f13_v1.1_n.bin']
North,2007,7,18,7.751,0, ['/ecs/DP1/PM/NSIDC-0051.001/2007.07.18/nt_20070718_f13_v1.1_n.bin']
North,2007,7,19,7.62,0, ['/ecs/DP1/PM/NSIDC-0051.001/2007.07.19/nt_20070719_f13_v1.1_n.bin']
North,2007,7,20,7.479,0, ['/ecs/DP1/PM/NSIDC-0051.001/2007.07.20/nt_20070720_f13_v1.1_n.bin']
North,2007,7,21,7.445,0, ['/ecs/DP1/PM/NSIDC-0051.001/2007.07.21/nt_20070721_f13_v1.1_n.bin']
North,2007,7,22,7.393,0, ['/ecs/DP1/PM/NSIDC-0051.001/2007.07.22/nt_20070722_f13_v1.1_n.bin']
North,2007,7,23,7.251,0, ['/ecs/DP1/PM/NSIDC-0051.001/2007.07.23/nt_20070723_f13_v1.1_n.bin']
North,2007,7,24,7.126,0, ['/ecs/DP1/PM/NSIDC-0051.001/2007.07.24/nt_20070724_f13_v1.1_n.bin']
North,2007,7,25,6.998,0, ['/ecs/DP1/PM/NSIDC-0051.001/2007.07.25/nt_20070725_f13_v1.1_n.bin']
North,2007,7,26,6.886,0, ['/ecs/DP1/PM/NSIDC-0051.001/2007.07.26/nt_20070726_f13_v1.1_n.bin']
North,2007,7,27,6.785,0, ['/ecs/DP1/PM/NSIDC-0051.001/2007.07.27/nt_20070727_f13_v1.1_n.bin']
North,2007,7,28,6.719,0, ['/ecs/DP1/PM/NSIDC-0051.001/2007.07.28/nt_20070728_f13_v1.1_n.bin']
North,2007,7,29,6.709,0, ['/ecs/DP1/PM/NSIDC-0051.001/2007.07.29/nt_20070729_f13_v1.1_n.bin']
North,2007,7,30,6.657,0, ['/ecs/DP1/PM/NSIDC-0051.001/2007.07.30/nt_20070730_f13_v1.1_n.bin']
North,2007,7,31,6.629,0, ['/ecs/DP1/PM/NSIDC-0051.001/2007.07.31/nt_20070731_f13_v1.1_n.bin']
North,2007,8,1,6.461,0, ['/ecs/DP1/PM/NSIDC-0051.001/2007.08.01/nt_20070801_f13_v1.1_n.bin']
North,2007,8,2,6.341,0, ['/ecs/DP1/PM/NSIDC-0051.001/2007.08.02/nt_20070802_f13_v1.1_n.bin']
North,2007,8,3,6.25,0, ['/ecs/DP1/PM/NSIDC-0051.001/2007.08.03/nt_20070803_f13_v1.1_n.bin']
North,2007,8,4,6.2,0, ['/ecs/DP1/PM/NSIDC-0051.001/2007.08.04/nt_20070804_f13_v1.1_n.bin']
North,2007,8,5,6.065,0, ['/ecs/DP1/PM/NSIDC-0051.001/2007.08.05/nt_20070805_f13_v1.1_n.bin']
North,2007,8,6,5.923,0, ['/ecs/DP1/PM/NSIDC-0051.001/2007.08.06/nt_20070806_f13_v1.1_n.bin']
North,2007,8,7,5.882,0, ['/ecs/DP1/PM/NSIDC-0051.001/2007.08.07/nt_20070807_f13_v1.1_n.bin']
North,2007,8,8,5.823,0, ['/ecs/DP1/PM/NSIDC-0051.001/2007.08.08/nt_20070808_f13_v1.1_n.bin']
North,2007,8,9,5.741,0, ['/ecs/DP1/PM/NSIDC-0051.001/2007.08.09/nt_20070809_f13_v1.1_n.bin']
North,2007,8,10,5.603,0, ['/ecs/DP1/PM/NSIDC-0051.001/2007.08.10/nt_20070810_f13_v1.1_n.bin']
North,2007,8,11,5.59,0, ['/ecs/DP1/PM/NSIDC-0051.001/2007.08.11/nt_20070811_f13_v1.1_n.bin']
North,2007,8,12,5.519,0, ['/ecs/DP1/PM/NSIDC-0051.001/2007.08.12/nt_20070812_f13_v1.1_n.bin']
North,2007,8,13,5.462,0, ['/ecs/DP1/PM/NSIDC-0051.001/2007.08.13/nt_20070813_f13_v1.1_n.bin']
North,2007,8,14,5.387,0, ['/ecs/DP1/PM/NSIDC-0051.001/2007.08.14/nt_20070814_f13_v1.1_n.bin']
North,2007,8,15,5.329,0, ['/ecs/DP1/PM/NSIDC-0051.001/2007.08.15/nt_20070815_f13_v1.1_n.bin']
North,2007,8,16,5.253,0, ['/ecs/DP1/PM/NSIDC-0051.001/2007.08.16/nt_20070816_f13_v1.1_n.bin']
North,2007,8,17,5.178,0, ['/ecs/DP1/PM/NSIDC-0051.001/2007.08.17/nt_20070817_f13_v1.1_n.bin']
North,2007,8,18,5.071,0, ['/ecs/DP1/PM/NSIDC-0051.001/2007.08.18/nt_20070818_f13_v1.1_n.bin']
North,2007,8,19,5.056,0, ['/ecs/DP1/PM/NSIDC-0051.001/2007.08.19/nt_20070819_f13_v1.1_n.bin']
North,2007,8,20,4.997,0, ['/ecs/DP1/PM/NSIDC-0051.001/2007.08.20/nt_20070820_f13_v1.1_n.bin']
North,2007,8,21,4.923,0, ['/ecs/DP1/PM/NSIDC-0051.001/2007.08.21/nt_20070821_f13_v1.1_n.bin']
North,2007,8,22,4.901,0, ['/ecs/DP1/PM/NSIDC-0051.001/2007.08.22/nt_20070822_f13_v1.1_n.bin']
North,2007,8,23,4.872,0, ['/ecs/DP1/PM/NSIDC-0051.001/2007.08.23/nt_20070823_f13_v1.1_n.bin']
North,2007,8,24,4.837,0, ['/ecs/DP1/PM/NSIDC-0051.001/2007.08.24/nt_20070824_f13_v1.1_n.bin']
North,2007,8,25,4.793,0, ['/ecs/DP1/PM/NSIDC-0051.001/2007.08.25/nt_20070825_f13_v1.1_n.bin']
North,2007,8,26,4.8,0, ['/ecs/DP1/PM/NSIDC-0051.001/2007.08.26/nt_20070826_f13_v1.1_n.bin']
North,2007,8,27,4.83,0, ['/ecs/DP1/PM/NSIDC-0051.001/2007.08.27/nt_20070827_f13_v1.1_n.bin']
North,2007,8,28,4.718,0, ['/ecs/DP1/PM/NSIDC-0051.001/2007.08.28/nt_20070828_f13_v1.1_n.bin']
North,2007,8,29,4.695,0, ['/ecs/DP1/PM/NSIDC-0051.001/2007.08.29/nt_20070829_f13_v1.1_n.bin']
North,2007,8,30,4.584,0, ['/ecs/DP1/PM/NSIDC-0051.001/2007.08.30/nt_20070830_f13_v1.1_n.bin']
North,2007,8,31,4.528,0, ['/ecs/DP1/PM/NSIDC-0051.001/2007.08.31/nt_20070831_f13_v1.1_n.bin']
North,2007,9,1,4.475,0, ['/ecs/DP1/PM/NSIDC-0051.001/2007.09.01/nt_20070901_f13_v1.1_n.bin']
North,2007,9,2,4.462,0, ['/ecs/DP1/PM/NSIDC-0051.001/2007.09.02/nt_20070902_f13_v1.1_n.bin']
North,2007,9,3,4.45,0, ['/ecs/DP1/PM/NSIDC-0051.001/2007.09.03/nt_20070903_f13_v1.1_n.bin']
North,2007,9,4,4.423,0, ['/ecs/DP1/PM/NSIDC-0051.001/2007.09.04/nt_20070904_f13_v1.1_n.bin']
North,2007,9,5,4.376,0, ['/ecs/DP1/PM/NSIDC-0051.001/2007.09.05/nt_20070905_f13_v1.1_n.bin']
North,2007,9,6,4.291,0, ['/ecs/DP1/PM/NSIDC-0051.001/2007.09.06/nt_20070906_f13_v1.1_n.bin']
North,2007,9,7,4.275,0, ['/ecs/DP1/PM/NSIDC-0051.001/2007.09.07/nt_20070907_f13_v1.1_n.bin']
North,2007,9,8,4.292,0, ['/ecs/DP1/PM/NSIDC-0051.001/2007.09.08/nt_20070908_f13_v1.1_n.bin']
North,2007,9,9,4.277,0, ['/ecs/DP1/PM/NSIDC-0051.001/2007.09.09/nt_20070909_f13_v1.1_n.bin']
North,2007,9,10,4.254,0, ['/ecs/DP1/PM/NSIDC-0051.001/2007.09.10/nt_20070910_f13_v1.1_n.bin']
North,2007,9,11,4.215,0, ['/ecs/DP1/PM/NSIDC-0051.001/2007.09.11/nt_20070911_f13_v1.1_n.bin']
North,2007,9,12,4.225,0, ['/ecs/DP1/PM/NSIDC-0051.001/2007.09.12/nt_20070912_f13_v1.1_n.bin']
North,2007,9,13,4.218,0, ['/ecs/DP1/PM/NSIDC-0051.001/2007.09.13/nt_20070913_f13_v1.1_n.bin']
North,2007,9,14,4.147,0, ['/ecs/DP1/PM/NSIDC-0051.001/2007.09.14/nt_20070914_f13_v1.1_n.bin']
North,2007,9,15,4.167,0, ['/ecs/DP1/PM/NSIDC-0051.001/2007.09.15/nt_20070915_f13_v1.1_n.bin']
North,2007,9,16,4.153,0, ['/ecs/DP1/PM/NSIDC-0051.001/2007.09.16/nt_20070916_f13_v1.1_n.bin']
North,2007,9,17,4.149,0, ['/ecs/DP1/PM/NSIDC-0051.001/2007.09.17/nt_20070917_f13_v1.1_n.bin']
North,2007,9,18,4.156,0, ['/ecs/DP1/PM/NSIDC-0051.001/2007.09.18/nt_20070918_f13_v1.1_n.bin']
North,2007,9,19,4.191,0, ['/ecs/DP1/PM/NSIDC-0051.001/2007.09.19/nt_20070919_f13_v1.1_n.bin']
North,2007,9,20,4.2,0, ['/ecs/DP1/PM/NSIDC-0051.001/2007.09.20/nt_20070920_f13_v1.1_n.bin']
North,2007,9,21,4.223,0, ['/ecs/DP1/PM/NSIDC-0051.001/2007.09.21/nt_20070921_f13_v1.1_n.bin']
North,2007,9,22,4.231,0, ['/ecs/DP1/PM/NSIDC-0051.001/2007.09.22/nt_20070922_f13_v1.1_n.bin']
North,2007,9,23,4.193,0, ['/ecs/DP1/PM/NSIDC-0051.001/2007.09.23/nt_20070923_f13_v1.1_n.bin']
North,2007,9,24,4.162,0, ['/ecs/DP1/PM/NSIDC-0051.001/2007.09.24/nt_20070924_f13_v1.1_n.bin']
North,2007,9,25,4.213,0, ['/ecs/DP1/PM/NSIDC-0051.001/2007.09.25/nt_20070925_f13_v1.1_n.bin']
North,2007,9,26,4.223,0, ['/ecs/DP1/PM/NSIDC-0051.001/2007.09.26/nt_20070926_f13_v1.1_n.bin']
North,2007,9,27,4.283,0, ['/ecs/DP1/PM/NSIDC-0051.001/2007.09.27/nt_20070927_f13_v1.1_n.bin']
North,2007,9,28,4.279,0, ['/ecs/DP1/PM/NSIDC-0051.001/2007.09.28/nt_20070928_f13_v1.1_n.bin']
North,2007,9,29,4.342,0, ['/ecs/DP1/PM/NSIDC-0051.001/2007.09.29/nt_20070929_f13_v1.1_n.bin']
North,2007,9,30,4.473,0, ['/ecs/DP1/PM/NSIDC-0051.001/2007.09.30/nt_20070930_f13_v1.1_n.bin']
North,2007,10,1,4.614,0, ['/ecs/DP1/PM/NSIDC-0051.001/2007.10.01/nt_20071001_f13_v1.1_n.bin']
North,2007,10,2,4.658,0, ['/ecs/DP1/PM/NSIDC-0051.001/2007.10.02/nt_20071002_f13_v1.1_n.bin']
North,2007,10,3,4.786,0, ['/ecs/DP1/PM/NSIDC-0051.001/2007.10.03/nt_20071003_f13_v1.1_n.bin']
North,2007,10,4,4.813,0, ['/ecs/DP1/PM/NSIDC-0051.001/2007.10.04/nt_20071004_f13_v1.1_n.bin']
North,2007,10,5,4.771,0, ['/ecs/DP1/PM/NSIDC-0051.001/2007.10.05/nt_20071005_f13_v1.1_n.bin']
North,2007,10,6,4.83,0, ['/ecs/DP1/PM/NSIDC-0051.001/2007.10.06/nt_20071006_f13_v1.1_n.bin']
North,2007,10,7,4.953,0, ['/ecs/DP1/PM/NSIDC-0051.001/2007.10.07/nt_20071007_f13_v1.1_n.bin']
North,2007,10,8,5.044,0, ['/ecs/DP1/PM/NSIDC-0051.001/2007.10.08/nt_20071008_f13_v1.1_n.bin']
North,2007,10,9,5.118,0, ['/ecs/DP1/PM/NSIDC-0051.001/2007.10.09/nt_20071009_f13_v1.1_n.bin']
North,2007,10,10,5.205,0, ['/ecs/DP1/PM/NSIDC-0051.001/2007.10.10/nt_20071010_f13_v1.1_n.bin']
North,2007,10,11,5.262,0, ['/ecs/DP1/PM/NSIDC-0051.001/2007.10.11/nt_20071011_f13_v1.1_n.bin']
North,2007,10,12,5.288,0, ['/ecs/DP1/PM/NSIDC-0051.001/2007.10.12/nt_20071012_f13_v1.1_n.bin']
North,2007,10,13,5.338,0, ['/ecs/DP1/PM/NSIDC-0051.001/2007.10.13/nt_20071013_f13_v1.1_n.bin']
North,2007,10,14,5.418,0, ['/ecs/DP1/PM/NSIDC-0051.001/2007.10.14/nt_20071014_f13_v1.1_n.bin']
North,2007,10,15,5.559,0, ['/ecs/DP1/PM/NSIDC-0051.001/2007.10.15/nt_20071015_f13_v1.1_n.bin']
North,2007,10,16,5.675,0, ['/ecs/DP1/PM/NSIDC-0051.001/2007.10.16/nt_20071016_f13_v1.1_n.bin']
North,2007,10,17,5.755,0, ['/ecs/DP1/PM/NSIDC-0051.001/2007.10.17/nt_20071017_f13_v1.1_n.bin']
North,2007,10,18,5.906,0, ['/ecs/DP1/PM/NSIDC-0051.001/2007.10.18/nt_20071018_f13_v1.1_n.bin']
North,2007,10,19,6.115,0, ['/ecs/DP1/PM/NSIDC-0051.001/2007.10.19/nt_20071019_f13_v1.1_n.bin']
North,2007,10,20,6.279,0, ['/ecs/DP1/PM/NSIDC-0051.001/2007.10.20/nt_20071020_f13_v1.1_n.bin']
North,2007,10,21,6.484,0, ['/ecs/DP1/PM/NSIDC-0051.001/2007.10.21/nt_20071021_f13_v1.1_n.bin']
North,2007,10,22,6.728,0, ['/ecs/DP1/PM/NSIDC-0051.001/2007.10.22/nt_20071022_f13_v1.1_n.bin']
North,2007,10,23,6.9,0, ['/ecs/DP1/PM/NSIDC-0051.001/2007.10.23/nt_20071023_f13_v1.1_n.bin']
North,2007,10,24,7.005,0, ['/ecs/DP1/PM/NSIDC-0051.001/2007.10.24/nt_20071024_f13_v1.1_n.bin']
North,2007,10,25,7.21,0, ['/ecs/DP1/PM/NSIDC-0051.001/2007.10.25/nt_20071025_f13_v1.1_n.bin']
North,2007,10,26,7.399,0, ['/ecs/DP1/PM/NSIDC-0051.001/2007.10.26/nt_20071026_f13_v1.1_n.bin']
North,2007,10,27,7.642,0, ['/ecs/DP1/PM/NSIDC-0051.001/2007.10.27/nt_20071027_f13_v1.1_n.bin']
North,2007,10,28,7.88,0, ['/ecs/DP1/PM/NSIDC-0051.001/2007.10.28/nt_20071028_f13_v1.1_n.bin']
North,2007,10,29,8.085,0, ['/ecs/DP1/PM/NSIDC-0051.001/2007.10.29/nt_20071029_f13_v1.1_n.bin']
North,2007,10,30,8.179,0, ['/ecs/DP1/PM/NSIDC-0051.001/2007.10.30/nt_20071030_f13_v1.1_n.bin']
North,2007,10,31,8.332,0, ['/ecs/DP1/PM/NSIDC-0051.001/2007.10.31/nt_20071031_f13_v1.1_n.bin']
North,2007,11,1,8.498,0, ['/ecs/DP1/PM/NSIDC-0051.001/2007.11.01/nt_20071101_f13_v1.1_n.bin']
North,2007,11,2,8.663,0, ['/ecs/DP1/PM/NSIDC-0051.001/2007.11.02/nt_20071102_f13_v1.1_n.bin']
North,2007,11,3,8.731,0, ['/ecs/DP1/PM/NSIDC-0051.001/2007.11.03/nt_20071103_f13_v1.1_n.bin']
North,2007,11,4,8.897,0, ['/ecs/DP1/PM/NSIDC-0051.001/2007.11.04/nt_20071104_f13_v1.1_n.bin']
North,2007,11,5,8.911,0, ['/ecs/DP1/PM/NSIDC-0051.001/2007.11.05/nt_20071105_f13_v1.1_n.bin']
North,2007,11,6,8.986,0, ['/ecs/DP1/PM/NSIDC-0051.001/2007.11.06/nt_20071106_f13_v1.1_n.bin']
North,2007,11,7,9.119,0, ['/ecs/DP1/PM/NSIDC-0051.001/2007.11.07/nt_20071107_f13_v1.1_n.bin']
North,2007,11,8,9.231,0, ['/ecs/DP1/PM/NSIDC-0051.001/2007.11.08/nt_20071108_f13_v1.1_n.bin']
North,2007,11,9,9.401,0, ['/ecs/DP1/PM/NSIDC-0051.001/2007.11.09/nt_20071109_f13_v1.1_n.bin']
North,2007,11,10,9.469,0, ['/ecs/DP1/PM/NSIDC-0051.001/2007.11.10/nt_20071110_f13_v1.1_n.bin']
North,2007,11,11,9.519,0, ['/ecs/DP1/PM/NSIDC-0051.001/2007.11.11/nt_20071111_f13_v1.1_n.bin']
North,2007,11,12,9.66,0, ['/ecs/DP1/PM/NSIDC-0051.001/2007.11.12/nt_20071112_f13_v1.1_n.bin']
North,2007,11,13,9.678,0, ['/ecs/DP1/PM/NSIDC-0051.001/2007.11.13/nt_20071113_f13_v1.1_n.bin']
North,2007,11,14,9.663,0, ['/ecs/DP1/PM/NSIDC-0051.001/2007.11.14/nt_20071114_f13_v1.1_n.bin']
North,2007,11,15,9.714,0, ['/ecs/DP1/PM/NSIDC-0051.001/2007.11.15/nt_20071115_f13_v1.1_n.bin']
North,2007,11,16,9.739,0, ['/ecs/DP1/PM/NSIDC-0051.001/2007.11.16/nt_20071116_f13_v1.1_n.bin']
North,2007,11,17,9.892,0, ['/ecs/DP1/PM/NSIDC-0051.001/2007.11.17/nt_20071117_f13_v1.1_n.bin']
North,2007,11,18,9.966,0, ['/ecs/DP1/PM/NSIDC-0051.001/2007.11.18/nt_20071118_f13_v1.1_n.bin']
North,2007,11,19,10.058,0, ['/ecs/DP1/PM/NSIDC-0051.001/2007.11.19/nt_20071119_f13_v1.1_n.bin']
North,2007,11,20,10.152,0, ['/ecs/DP1/PM/NSIDC-0051.001/2007.11.20/nt_20071120_f13_v1.1_n.bin']
North,2007,11,21,10.278,0, ['/ecs/DP1/PM/NSIDC-0051.001/2007.11.21/nt_20071121_f13_v1.1_n.bin']
North,2007,11,22,10.304,0, ['/ecs/DP1/PM/NSIDC-0051.001/2007.11.22/nt_20071122_f13_v1.1_n.bin']
North,2007,11,23,10.28,0, ['/ecs/DP1/PM/NSIDC-0051.001/2007.11.23/nt_20071123_f13_v1.1_n.bin']
North,2007,11,24,10.291,0, ['/ecs/DP1/PM/NSIDC-0051.001/2007.11.24/nt_20071124_f13_v1.1_n.bin']
North,2007,11,25,10.405,0, ['/ecs/DP1/PM/NSIDC-0051.001/2007.11.25/nt_20071125_f13_v1.1_n.bin']
North,2007,11,26,10.43,0, ['/ecs/DP1/PM/NSIDC-0051.001/2007.11.26/nt_20071126_f13_v1.1_n.bin']
North,2007,11,27,10.491,0, ['/ecs/DP1/PM/NSIDC-0051.001/2007.11.27/nt_20071127_f13_v1.1_n.bin']
North,2007,11,28,10.673,0, ['/ecs/DP1/PM/NSIDC-0051.001/2007.11.28/nt_20071128_f13_v1.1_n.bin']
North,2007,11,29,10.828,0, ['/ecs/DP1/PM/NSIDC-0051.001/2007.11.29/nt_20071129_f13_v1.1_n.bin']
North,2007,11,30,10.878,0, ['/ecs/DP1/PM/NSIDC-0051.001/2007.11.30/nt_20071130_f13_v1.1_n.bin']
North,2007,12,1,10.916,0, ['/ecs/DP1/PM/NSIDC-0051.001/2007.12.01/nt_20071201_f13_v1.1_n.bin']
North,2007,12,2,10.867,0, ['/ecs/DP1/PM/NSIDC-0051.001/2007.12.02/nt_20071202_f13_v1.1_n.bin']
North,2007,12,3,10.991,0, ['/ecs/DP1/PM/NSIDC-0051.001/2007.12.03/nt_20071203_f13_v1.1_n.bin']
North,2007,12,4,11.148,0, ['/ecs/DP1/PM/NSIDC-0051.001/2007.12.04/nt_20071204_f13_v1.1_n.bin']
North,2007,12,5,11.273,0, ['/ecs/DP1/PM/NSIDC-0051.001/2007.12.05/nt_20071205_f13_v1.1_n.bin']
North,2007,12,6,11.333,0, ['/ecs/DP1/PM/NSIDC-0051.001/2007.12.06/nt_20071206_f13_v1.1_n.bin']
North,2007,12,7,11.352,0, ['/ecs/DP1/PM/NSIDC-0051.001/2007.12.07/nt_20071207_f13_v1.1_n.bin']
North,2007,12,8,11.403,0, ['/ecs/DP1/PM/NSIDC-0051.001/2007.12.08/nt_20071208_f13_v1.1_n.bin']
North,2007,12,9,11.511,0, ['/ecs/DP1/PM/NSIDC-0051.001/2007.12.09/nt_20071209_f13_v1.1_n.bin']
North,2007,12,10,11.6,0, ['/ecs/DP1/PM/NSIDC-0051.001/2007.12.10/nt_20071210_f13_v1.1_n.bin']
North,2007,12,11,11.586,0, ['/ecs/DP1/PM/NSIDC-0051.001/2007.12.11/nt_20071211_f13_v1.1_n.bin']
North,2007,12,12,11.646,0, ['/ecs/DP1/PM/NSIDC-0051.001/2007.12.12/nt_20071212_f13_v1.1_n.bin']
North,2007,12,13,11.764,0, ['/ecs/DP1/PM/NSIDC-0051.001/2007.12.13/nt_20071213_f13_v1.1_n.bin']
North,2007,12,14,11.864,0, ['/ecs/DP1/PM/NSIDC-0051.001/2007.12.14/nt_20071214_f13_v1.1_n.bin']
North,2007,12,15,11.903,0, ['/ecs/DP1/PM/NSIDC-0051.001/2007.12.15/nt_20071215_f13_v1.1_n.bin']
North,2007,12,16,11.969,0, ['/ecs/DP1/PM/NSIDC-0051.001/2007.12.16/nt_20071216_f13_v1.1_n.bin']
North,2007,12,17,12.11,0, ['/ecs/DP1/PM/NSIDC-0051.001/2007.12.17/nt_20071217_f13_v1.1_n.bin']
North,2007,12,18,12.216,0, ['/ecs/DP1/PM/NSIDC-0051.001/2007.12.18/nt_20071218_f13_v1.1_n.bin']
North,2007,12,19,12.275,0, ['/ecs/DP1/PM/NSIDC-0051.001/2007.12.19/nt_20071219_f13_v1.1_n.bin']
North,2007,12,20,12.395,0, ['/ecs/DP1/PM/NSIDC-0051.001/2007.12.20/nt_20071220_f13_v1.1_n.bin']
North,2007,12,21,12.498,0, ['/ecs/DP1/PM/NSIDC-0051.001/2007.12.21/nt_20071221_f13_v1.1_n.bin']
North,2007,12,22,12.592,0, ['/ecs/DP1/PM/NSIDC-0051.001/2007.12.22/nt_20071222_f13_v1.1_n.bin']
North,2007,12,23,12.694,0, ['/ecs/DP1/PM/NSIDC-0051.001/2007.12.23/nt_20071223_f13_v1.1_n.bin']
North,2007,12,24,12.807,0, ['/ecs/DP1/PM/NSIDC-0051.001/2007.12.24/nt_20071224_f13_v1.1_n.bin']
North,2007,12,25,12.742,0, ['/ecs/DP1/PM/NSIDC-0051.001/2007.12.25/nt_20071225_f13_v1.1_n.bin']
North,2007,12,26,12.766,0, ['/ecs/DP1/PM/NSIDC-0051.001/2007.12.26/nt_20071226_f13_v1.1_n.bin']
North,2007,12,27,12.867,0, ['/ecs/DP1/PM/NSIDC-0051.001/2007.12.27/nt_20071227_f13_v1.1_n.bin']
North,2007,12,28,12.918,0, ['/ecs/DP1/PM/NSIDC-0051.001/2007.12.28/nt_20071228_f13_v1.1_n.bin']
North,2007,12,29,12.981,0, ['/ecs/DP1/PM/NSIDC-0051.001/2007.12.29/nt_20071229_f13_v1.1_n.bin']
North,2007,12,30,13.012,0, ['/ecs/DP1/PM/NSIDC-0051.001/2007.12.30/nt_20071230_f13_v1.1_n.bin']
North,2007,12,31,13.054,0, ['/ecs/DP1/PM/NSIDC-0051.001/2007.12.31/nt_20071231_f13_v1.1_n.bin']
North,2008,1,1,13.206,0, ['/ecs/DP1/PM/NSIDC-0051.001/2008.01.01/nt_20080101_f17_v1.1_n.bin']
North,2008,1,2,13.164,0, ['/ecs/DP1/PM/NSIDC-0051.001/2008.01.02/nt_20080102_f17_v1.1_n.bin']
North,2008,1,3,13.19,0, ['/ecs/DP1/PM/NSIDC-0051.001/2008.01.03/nt_20080103_f17_v1.1_n.bin']
North,2008,1,4,13.275,0, ['/ecs/DP1/PM/NSIDC-0051.001/2008.01.04/nt_20080104_f17_v1.1_n.bin']
North,2008,1,5,13.303,0, ['/ecs/DP1/PM/NSIDC-0051.001/2008.01.05/nt_20080105_f17_v1.1_n.bin']
North,2008,1,6,13.325,0, ['/ecs/DP1/PM/NSIDC-0051.001/2008.01.06/nt_20080106_f17_v1.1_n.bin']
North,2008,1,7,13.411,0, ['/ecs/DP1/PM/NSIDC-0051.001/2008.01.07/nt_20080107_f17_v1.1_n.bin']
North,2008,1,8,13.433,0, ['/ecs/DP1/PM/NSIDC-0051.001/2008.01.08/nt_20080108_f17_v1.1_n.bin']
North,2008,1,9,13.532,0, ['/ecs/DP1/PM/NSIDC-0051.001/2008.01.09/nt_20080109_f17_v1.1_n.bin']
North,2008,1,10,13.586,0, ['/ecs/DP1/PM/NSIDC-0051.001/2008.01.10/nt_20080110_f17_v1.1_n.bin']
North,2008,1,11,13.744,0, ['/ecs/DP1/PM/NSIDC-0051.001/2008.01.11/nt_20080111_f17_v1.1_n.bin']
North,2008,1,12,13.678,0, ['/ecs/DP1/PM/NSIDC-0051.001/2008.01.12/nt_20080112_f17_v1.1_n.bin']
North,2008,1,13,13.747,0, ['/ecs/DP1/PM/NSIDC-0051.001/2008.01.13/nt_20080113_f17_v1.1_n.bin']
North,2008,1,14,13.78,0, ['/ecs/DP1/PM/NSIDC-0051.001/2008.01.14/nt_20080114_f17_v1.1_n.bin']
North,2008,1,15,13.822,0, ['/ecs/DP1/PM/NSIDC-0051.001/2008.01.15/nt_20080115_f17_v1.1_n.bin']
North,2008,1,16,13.849,0, ['/ecs/DP1/PM/NSIDC-0051.001/2008.01.16/nt_20080116_f17_v1.1_n.bin']
North,2008,1,17,13.865,0, ['/ecs/DP1/PM/NSIDC-0051.001/2008.01.17/nt_20080117_f17_v1.1_n.bin']
North,2008,1,18,13.922,0, ['/ecs/DP1/PM/NSIDC-0051.001/2008.01.18/nt_20080118_f17_v1.1_n.bin']
North,2008,1,19,13.997,0, ['/ecs/DP1/PM/NSIDC-0051.001/2008.01.19/nt_20080119_f17_v1.1_n.bin']
North,2008,1,20,13.964,0, ['/ecs/DP1/PM/NSIDC-0051.001/2008.01.20/nt_20080120_f17_v1.1_n.bin']
North,2008,1,21,14.07,0, ['/ecs/DP1/PM/NSIDC-0051.001/2008.01.21/nt_20080121_f17_v1.1_n.bin']
North,2008,1,22,14.189,0, ['/ecs/DP1/PM/NSIDC-0051.001/2008.01.22/nt_20080122_f17_v1.1_n.bin']
North,2008,1,23,14.286,0, ['/ecs/DP1/PM/NSIDC-0051.001/2008.01.23/nt_20080123_f17_v1.1_n.bin']
North,2008,1,24,14.455,0, ['/ecs/DP1/PM/NSIDC-0051.001/2008.01.24/nt_20080124_f17_v1.1_n.bin']
North,2008,1,25,14.468,0, ['/ecs/DP1/PM/NSIDC-0051.001/2008.01.25/nt_20080125_f17_v1.1_n.bin']
North,2008,1,26,14.525,0, ['/ecs/DP1/PM/NSIDC-0051.001/2008.01.26/nt_20080126_f17_v1.1_n.bin']
North,2008,1,27,14.533,0, ['/ecs/DP1/PM/NSIDC-0051.001/2008.01.27/nt_20080127_f17_v1.1_n.bin']
North,2008,1,28,14.593,0, ['/ecs/DP1/PM/NSIDC-0051.001/2008.01.28/nt_20080128_f17_v1.1_n.bin']
North,2008,1,29,14.609,0, ['/ecs/DP1/PM/NSIDC-0051.001/2008.01.29/nt_20080129_f17_v1.1_n.bin']
North,2008,1,30,14.519,0, ['/ecs/DP1/PM/NSIDC-0051.001/2008.01.30/nt_20080130_f17_v1.1_n.bin']
North,2008,1,31,14.465,0, ['/ecs/DP1/PM/NSIDC-0051.001/2008.01.31/nt_20080131_f17_v1.1_n.bin']
North,2008,2,1,14.563,0, ['/ecs/DP1/PM/NSIDC-0051.001/2008.02.01/nt_20080201_f17_v1.1_n.bin']
North,2008,2,2,14.66,0, ['/ecs/DP1/PM/NSIDC-0051.001/2008.02.02/nt_20080202_f17_v1.1_n.bin']
North,2008,2,3,14.664,0, ['/ecs/DP1/PM/NSIDC-0051.001/2008.02.03/nt_20080203_f17_v1.1_n.bin']
North,2008,2,4,14.711,0, ['/ecs/DP1/PM/NSIDC-0051.001/2008.02.04/nt_20080204_f17_v1.1_n.bin']
North,2008,2,5,14.835,0, ['/ecs/DP1/PM/NSIDC-0051.001/2008.02.05/nt_20080205_f17_v1.1_n.bin']
North,2008,2,6,14.849,0, ['/ecs/DP1/PM/NSIDC-0051.001/2008.02.06/nt_20080206_f17_v1.1_n.bin']
North,2008,2,7,14.841,0, ['/ecs/DP1/PM/NSIDC-0051.001/2008.02.07/nt_20080207_f17_v1.1_n.bin']
North,2008,2,8,14.855,0, ['/ecs/DP1/PM/NSIDC-0051.001/2008.02.08/nt_20080208_f17_v1.1_n.bin']
North,2008,2,9,14.9,0, ['/ecs/DP1/PM/NSIDC-0051.001/2008.02.09/nt_20080209_f17_v1.1_n.bin']
North,2008,2,10,14.93,0, ['/ecs/DP1/PM/NSIDC-0051.001/2008.02.10/nt_20080210_f17_v1.1_n.bin']
North,2008,2,11,14.967,0, ['/ecs/DP1/PM/NSIDC-0051.001/2008.02.11/nt_20080211_f17_v1.1_n.bin']
North,2008,2,12,14.976,0, ['/ecs/DP1/PM/NSIDC-0051.001/2008.02.12/nt_20080212_f17_v1.1_n.bin']
North,2008,2,13,14.921,0, ['/ecs/DP1/PM/NSIDC-0051.001/2008.02.13/nt_20080213_f17_v1.1_n.bin']
North,2008,2,14,14.829,0, ['/ecs/DP1/PM/NSIDC-0051.001/2008.02.14/nt_20080214_f17_v1.1_n.bin']
North,2008,2,15,14.735,0, ['/ecs/DP1/PM/NSIDC-0051.001/2008.02.15/nt_20080215_f17_v1.1_n.bin']
North,2008,2,16,14.774,0, ['/ecs/DP1/PM/NSIDC-0051.001/2008.02.16/nt_20080216_f17_v1.1_n.bin']
North,2008,2,17,14.889,0, ['/ecs/DP1/PM/NSIDC-0051.001/2008.02.17/nt_20080217_f17_v1.1_n.bin']
North,2008,2,18,14.881,0, ['/ecs/DP1/PM/NSIDC-0051.001/2008.02.18/nt_20080218_f17_v1.1_n.bin']
North,2008,2,19,14.929,0, ['/ecs/DP1/PM/NSIDC-0051.001/2008.02.19/nt_20080219_f17_v1.1_n.bin']
North,2008,2,20,14.927,0, ['/ecs/DP1/PM/NSIDC-0051.001/2008.02.20/nt_20080220_f17_v1.1_n.bin']
North,2008,2,21,15.06,0, ['/ecs/DP1/PM/NSIDC-0051.001/2008.02.21/nt_20080221_f17_v1.1_n.bin']
North,2008,2,22,15.197,0, ['/ecs/DP1/PM/NSIDC-0051.001/2008.02.22/nt_20080222_f17_v1.1_n.bin']
North,2008,2,23,15.213,0, ['/ecs/DP1/PM/NSIDC-0051.001/2008.02.23/nt_20080223_f17_v1.1_n.bin']
North,2008,2,24,15.233,0, ['/ecs/DP1/PM/NSIDC-0051.001/2008.02.24/nt_20080224_f17_v1.1_n.bin']
North,2008,2,25,15.262,0, ['/ecs/DP1/PM/NSIDC-0051.001/2008.02.25/nt_20080225_f17_v1.1_n.bin']
North,2008,2,26,15.242,0, ['/ecs/DP1/PM/NSIDC-0051.001/2008.02.26/nt_20080226_f17_v1.1_n.bin']
North,2008,2,27,15.354,0, ['/ecs/DP1/PM/NSIDC-0051.001/2008.02.27/nt_20080227_f17_v1.1_n.bin']
North,2008,2,28,15.243,0, ['/ecs/DP1/PM/NSIDC-0051.001/2008.02.28/nt_20080228_f17_v1.1_n.bin']
North,2008,2,29,15.21,0, ['/ecs/DP1/PM/NSIDC-0051.001/2008.02.29/nt_20080229_f17_v1.1_n.bin']
North,2008,3,1,15.27,0, ['/ecs/DP1/PM/NSIDC-0051.001/2008.03.01/nt_20080301_f17_v1.1_n.bin']
North,2008,3,2,15.222,0, ['/ecs/DP1/PM/NSIDC-0051.001/2008.03.02/nt_20080302_f17_v1.1_n.bin']
North,2008,3,3,15.197,0, ['/ecs/DP1/PM/NSIDC-0051.001/2008.03.03/nt_20080303_f17_v1.1_n.bin']
North,2008,3,4,15.195,0, ['/ecs/DP1/PM/NSIDC-0051.001/2008.03.04/nt_20080304_f17_v1.1_n.bin']
North,2008,3,5,15.233,0, ['/ecs/DP1/PM/NSIDC-0051.001/2008.03.05/nt_20080305_f17_v1.1_n.bin']
North,2008,3,6,15.235,0, ['/ecs/DP1/PM/NSIDC-0051.001/2008.03.06/nt_20080306_f17_v1.1_n.bin']
North,2008,3,7,15.197,0, ['/ecs/DP1/PM/NSIDC-0051.001/2008.03.07/nt_20080307_f17_v1.1_n.bin']
North,2008,3,8,15.262,0, ['/ecs/DP1/PM/NSIDC-0051.001/2008.03.08/nt_20080308_f17_v1.1_n.bin']
North,2008,3,9,15.352,0, ['/ecs/DP1/PM/NSIDC-0051.001/2008.03.09/nt_20080309_f17_v1.1_n.bin']
North,2008,3,10,15.251,0, ['/ecs/DP1/PM/NSIDC-0051.001/2008.03.10/nt_20080310_f17_v1.1_n.bin']
North,2008,3,11,15.268,0, ['/ecs/DP1/PM/NSIDC-0051.001/2008.03.11/nt_20080311_f17_v1.1_n.bin']
North,2008,3,12,15.305,0, ['/ecs/DP1/PM/NSIDC-0051.001/2008.03.12/nt_20080312_f17_v1.1_n.bin']
North,2008,3,13,15.305,0, ['/ecs/DP1/PM/NSIDC-0051.001/2008.03.13/nt_20080313_f17_v1.1_n.bin']
North,2008,3,14,15.204,0, ['/ecs/DP1/PM/NSIDC-0051.001/2008.03.14/nt_20080314_f17_v1.1_n.bin']
North,2008,3,15,15.194,0, ['/ecs/DP1/PM/NSIDC-0051.001/2008.03.15/nt_20080315_f17_v1.1_n.bin']
North,2008,3,16,15.126,0, ['/ecs/DP1/PM/NSIDC-0051.001/2008.03.16/nt_20080316_f17_v1.1_n.bin']
North,2008,3,17,15.141,0, ['/ecs/DP1/PM/NSIDC-0051.001/2008.03.17/nt_20080317_f17_v1.1_n.bin']
North,2008,3,18,15.135,0, ['/ecs/DP1/PM/NSIDC-0051.001/2008.03.18/nt_20080318_f17_v1.1_n.bin']
North,2008,3,19,15.14,0, ['/ecs/DP1/PM/NSIDC-0051.001/2008.03.19/nt_20080319_f17_v1.1_n.bin']
North,2008,3,20,15.167,0, ['/ecs/DP1/PM/NSIDC-0051.001/2008.03.20/nt_20080320_f17_v1.1_n.bin']
North,2008,3,21,15.175,0, ['/ecs/DP1/PM/NSIDC-0051.001/2008.03.21/nt_20080321_f17_v1.1_n.bin']
North,2008,3,22,15.184,0, ['/ecs/DP1/PM/NSIDC-0051.001/2008.03.22/nt_20080322_f17_v1.1_n.bin']
North,2008,3,23,15.165,0, ['/ecs/DP1/PM/NSIDC-0051.001/2008.03.23/nt_20080323_f17_v1.1_n.bin']
North,2008,3,24,15.113,0, ['/ecs/DP1/PM/NSIDC-0051.001/2008.03.24/nt_20080324_f17_v1.1_n.bin']
North,2008,3,25,15.133,0, ['/ecs/DP1/PM/NSIDC-0051.001/2008.03.25/nt_20080325_f17_v1.1_n.bin']
North,2008,3,26,15.135,0, ['/ecs/DP1/PM/NSIDC-0051.001/2008.03.26/nt_20080326_f17_v1.1_n.bin']
North,2008,3,27,15.081,0, ['/ecs/DP1/PM/NSIDC-0051.001/2008.03.27/nt_20080327_f17_v1.1_n.bin']
North,2008,3,28,15.051,0, ['/ecs/DP1/PM/NSIDC-0051.001/2008.03.28/nt_20080328_f17_v1.1_n.bin']
North,2008,3,29,14.988,0, ['/ecs/DP1/PM/NSIDC-0051.001/2008.03.29/nt_20080329_f17_v1.1_n.bin']
North,2008,3,30,15.041,0, ['/ecs/DP1/PM/NSIDC-0051.001/2008.03.30/nt_20080330_f17_v1.1_n.bin']
North,2008,3,31,15.081,0, ['/ecs/DP1/PM/NSIDC-0051.001/2008.03.31/nt_20080331_f17_v1.1_n.bin']
North,2008,4,1,14.989,0, ['/ecs/DP1/PM/NSIDC-0051.001/2008.04.01/nt_20080401_f17_v1.1_n.bin']
North,2008,4,2,14.931,0, ['/ecs/DP1/PM/NSIDC-0051.001/2008.04.02/nt_20080402_f17_v1.1_n.bin']
North,2008,4,3,14.901,0, ['/ecs/DP1/PM/NSIDC-0051.001/2008.04.03/nt_20080403_f17_v1.1_n.bin']
North,2008,4,4,14.794,0, ['/ecs/DP1/PM/NSIDC-0051.001/2008.04.04/nt_20080404_f17_v1.1_n.bin']
North,2008,4,5,14.747,0, ['/ecs/DP1/PM/NSIDC-0051.001/2008.04.05/nt_20080405_f17_v1.1_n.bin']
North,2008,4,6,14.722,0, ['/ecs/DP1/PM/NSIDC-0051.001/2008.04.06/nt_20080406_f17_v1.1_n.bin']
North,2008,4,7,14.814,0, ['/ecs/DP1/PM/NSIDC-0051.001/2008.04.07/nt_20080407_f17_v1.1_n.bin']
North,2008,4,8,14.842,0, ['/ecs/DP1/PM/NSIDC-0051.001/2008.04.08/nt_20080408_f17_v1.1_n.bin']
North,2008,4,9,14.755,0, ['/ecs/DP1/PM/NSIDC-0051.001/2008.04.09/nt_20080409_f17_v1.1_n.bin']
North,2008,4,10,14.773,0, ['/ecs/DP1/PM/NSIDC-0051.001/2008.04.10/nt_20080410_f17_v1.1_n.bin']
North,2008,4,11,14.678,0, ['/ecs/DP1/PM/NSIDC-0051.001/2008.04.11/nt_20080411_f17_v1.1_n.bin']
North,2008,4,12,14.616,0, ['/ecs/DP1/PM/NSIDC-0051.001/2008.04.12/nt_20080412_f17_v1.1_n.bin']
North,2008,4,13,14.498,0, ['/ecs/DP1/PM/NSIDC-0051.001/2008.04.13/nt_20080413_f17_v1.1_n.bin']
North,2008,4,14,14.487,0, ['/ecs/DP1/PM/NSIDC-0051.001/2008.04.14/nt_20080414_f17_v1.1_n.bin']
North,2008,4,15,14.411,0, ['/ecs/DP1/PM/NSIDC-0051.001/2008.04.15/nt_20080415_f17_v1.1_n.bin']
North,2008,4,16,14.268,0, ['/ecs/DP1/PM/NSIDC-0051.001/2008.04.16/nt_20080416_f17_v1.1_n.bin']
North,2008,4,17,14.305,0, ['/ecs/DP1/PM/NSIDC-0051.001/2008.04.17/nt_20080417_f17_v1.1_n.bin']
North,2008,4,18,14.178,0, ['/ecs/DP1/PM/NSIDC-0051.001/2008.04.18/nt_20080418_f17_v1.1_n.bin']
North,2008,4,19,14.107,0, ['/ecs/DP1/PM/NSIDC-0051.001/2008.04.19/nt_20080419_f17_v1.1_n.bin']
North,2008,4,20,14.063,0, ['/ecs/DP1/PM/NSIDC-0051.001/2008.04.20/nt_20080420_f17_v1.1_n.bin']
North,2008,4,21,13.979,0, ['/ecs/DP1/PM/NSIDC-0051.001/2008.04.21/nt_20080421_f17_v1.1_n.bin']
North,2008,4,22,13.995,0, ['/ecs/DP1/PM/NSIDC-0051.001/2008.04.22/nt_20080422_f17_v1.1_n.bin']
North,2008,4,23,13.937,0, ['/ecs/DP1/PM/NSIDC-0051.001/2008.04.23/nt_20080423_f17_v1.1_n.bin']
North,2008,4,24,13.879,0, ['/ecs/DP1/PM/NSIDC-0051.001/2008.04.24/nt_20080424_f17_v1.1_n.bin']
North,2008,4,25,13.807,0, ['/ecs/DP1/PM/NSIDC-0051.001/2008.04.25/nt_20080425_f17_v1.1_n.bin']
North,2008,4,26,13.845,0, ['/ecs/DP1/PM/NSIDC-0051.001/2008.04.26/nt_20080426_f17_v1.1_n.bin']
North,2008,4,27,13.848,0, ['/ecs/DP1/PM/NSIDC-0051.001/2008.04.27/nt_20080427_f17_v1.1_n.bin']
North,2008,4,28,13.811,0, ['/ecs/DP1/PM/NSIDC-0051.001/2008.04.28/nt_20080428_f17_v1.1_n.bin']
North,2008,4,29,13.783,0, ['/ecs/DP1/PM/NSIDC-0051.001/2008.04.29/nt_20080429_f17_v1.1_n.bin']
North,2008,4,30,13.795,0, ['/ecs/DP1/PM/NSIDC-0051.001/2008.04.30/nt_20080430_f17_v1.1_n.bin']
North,2008,5,1,13.649,0, ['/ecs/DP1/PM/NSIDC-0051.001/2008.05.01/nt_20080501_f17_v1.1_n.bin']
North,2008,5,2,13.651,0, ['/ecs/DP1/PM/NSIDC-0051.001/2008.05.02/nt_20080502_f17_v1.1_n.bin']
North,2008,5,3,13.593,0, ['/ecs/DP1/PM/NSIDC-0051.001/2008.05.03/nt_20080503_f17_v1.1_n.bin']
North,2008,5,4,13.586,0, ['/ecs/DP1/PM/NSIDC-0051.001/2008.05.04/nt_20080504_f17_v1.1_n.bin']
North,2008,5,5,13.576,0, ['/ecs/DP1/PM/NSIDC-0051.001/2008.05.05/nt_20080505_f17_v1.1_n.bin']
North,2008,5,6,13.494,0, ['/ecs/DP1/PM/NSIDC-0051.001/2008.05.06/nt_20080506_f17_v1.1_n.bin']
North,2008,5,7,13.491,0, ['/ecs/DP1/PM/NSIDC-0051.001/2008.05.07/nt_20080507_f17_v1.1_n.bin']
North,2008,5,8,13.436,0, ['/ecs/DP1/PM/NSIDC-0051.001/2008.05.08/nt_20080508_f17_v1.1_n.bin']
North,2008,5,9,13.354,0, ['/ecs/DP1/PM/NSIDC-0051.001/2008.05.09/nt_20080509_f17_v1.1_n.bin']
North,2008,5,10,13.319,0, ['/ecs/DP1/PM/NSIDC-0051.001/2008.05.10/nt_20080510_f17_v1.1_n.bin']
North,2008,5,11,13.224,0, ['/ecs/DP1/PM/NSIDC-0051.001/2008.05.11/nt_20080511_f17_v1.1_n.bin']
North,2008,5,12,13.199,0, ['/ecs/DP1/PM/NSIDC-0051.001/2008.05.12/nt_20080512_f17_v1.1_n.bin']
North,2008,5,13,13.154,0, ['/ecs/DP1/PM/NSIDC-0051.001/2008.05.13/nt_20080513_f17_v1.1_n.bin']
North,2008,5,14,13.086,0, ['/ecs/DP1/PM/NSIDC-0051.001/2008.05.14/nt_20080514_f17_v1.1_n.bin']
North,2008,5,15,13.049,0, ['/ecs/DP1/PM/NSIDC-0051.001/2008.05.15/nt_20080515_f17_v1.1_n.bin']
North,2008,5,16,13.048,0, ['/ecs/DP1/PM/NSIDC-0051.001/2008.05.16/nt_20080516_f17_v1.1_n.bin']
North,2008,5,17,12.984,0, ['/ecs/DP1/PM/NSIDC-0051.001/2008.05.17/nt_20080517_f17_v1.1_n.bin']
North,2008,5,18,12.875,0, ['/ecs/DP1/PM/NSIDC-0051.001/2008.05.18/nt_20080518_f17_v1.1_n.bin']
North,2008,5,19,12.775,0, ['/ecs/DP1/PM/NSIDC-0051.001/2008.05.19/nt_20080519_f17_v1.1_n.bin']
North,2008,5,20,12.672,0, ['/ecs/DP1/PM/NSIDC-0051.001/2008.05.20/nt_20080520_f17_v1.1_n.bin']
North,2008,5,21,12.639,0, ['/ecs/DP1/PM/NSIDC-0051.001/2008.05.21/nt_20080521_f17_v1.1_n.bin']
North,2008,5,22,12.612,0, ['/ecs/DP1/PM/NSIDC-0051.001/2008.05.22/nt_20080522_f17_v1.1_n.bin']
North,2008,5,23,12.602,0, ['/ecs/DP1/PM/NSIDC-0051.001/2008.05.23/nt_20080523_f17_v1.1_n.bin']
North,2008,5,24,12.587,0, ['/ecs/DP1/PM/NSIDC-0051.001/2008.05.24/nt_20080524_f17_v1.1_n.bin']
North,2008,5,25,12.503,0, ['/ecs/DP1/PM/NSIDC-0051.001/2008.05.25/nt_20080525_f17_v1.1_n.bin']
North,2008,5,26,12.481,0, ['/ecs/DP1/PM/NSIDC-0051.001/2008.05.26/nt_20080526_f17_v1.1_n.bin']
North,2008,5,27,12.43,0, ['/ecs/DP1/PM/NSIDC-0051.001/2008.05.27/nt_20080527_f17_v1.1_n.bin']
North,2008,5,28,12.316,0, ['/ecs/DP1/PM/NSIDC-0051.001/2008.05.28/nt_20080528_f17_v1.1_n.bin']
North,2008,5,29,12.318,0, ['/ecs/DP1/PM/NSIDC-0051.001/2008.05.29/nt_20080529_f17_v1.1_n.bin']
North,2008,5,30,12.267,0, ['/ecs/DP1/PM/NSIDC-0051.001/2008.05.30/nt_20080530_f17_v1.1_n.bin']
North,2008,5,31,12.224,0, ['/ecs/DP1/PM/NSIDC-0051.001/2008.05.31/nt_20080531_f17_v1.1_n.bin']
North,2008,6,1,12.164,0, ['/ecs/DP1/PM/NSIDC-0051.001/2008.06.01/nt_20080601_f17_v1.1_n.bin']
North,2008,6,2,12.119,0, ['/ecs/DP1/PM/NSIDC-0051.001/2008.06.02/nt_20080602_f17_v1.1_n.bin']
North,2008,6,3,12.111,0, ['/ecs/DP1/PM/NSIDC-0051.001/2008.06.03/nt_20080603_f17_v1.1_n.bin']
North,2008,6,4,11.984,0, ['/ecs/DP1/PM/NSIDC-0051.001/2008.06.04/nt_20080604_f17_v1.1_n.bin']
North,2008,6,5,11.869,0, ['/ecs/DP1/PM/NSIDC-0051.001/2008.06.05/nt_20080605_f17_v1.1_n.bin']
North,2008,6,6,11.825,0, ['/ecs/DP1/PM/NSIDC-0051.001/2008.06.06/nt_20080606_f17_v1.1_n.bin']
North,2008,6,7,11.714,0, ['/ecs/DP1/PM/NSIDC-0051.001/2008.06.07/nt_20080607_f17_v1.1_n.bin']
North,2008,6,8,11.632,0, ['/ecs/DP1/PM/NSIDC-0051.001/2008.06.08/nt_20080608_f17_v1.1_n.bin']
North,2008,6,9,11.578,0, ['/ecs/DP1/PM/NSIDC-0051.001/2008.06.09/nt_20080609_f17_v1.1_n.bin']
North,2008,6,10,11.498,0, ['/ecs/DP1/PM/NSIDC-0051.001/2008.06.10/nt_20080610_f17_v1.1_n.bin']
North,2008,6,11,11.541,0, ['/ecs/DP1/PM/NSIDC-0051.001/2008.06.11/nt_20080611_f17_v1.1_n.bin']
North,2008,6,12,11.478,0, ['/ecs/DP1/PM/NSIDC-0051.001/2008.06.12/nt_20080612_f17_v1.1_n.bin']
North,2008,6,13,11.414,0, ['/ecs/DP1/PM/NSIDC-0051.001/2008.06.13/nt_20080613_f17_v1.1_n.bin']
North,2008,6,14,11.363,0, ['/ecs/DP1/PM/NSIDC-0051.001/2008.06.14/nt_20080614_f17_v1.1_n.bin']
North,2008,6,15,11.268,0, ['/ecs/DP1/PM/NSIDC-0051.001/2008.06.15/nt_20080615_f17_v1.1_n.bin']
North,2008,6,16,11.189,0, ['/ecs/DP1/PM/NSIDC-0051.001/2008.06.16/nt_20080616_f17_v1.1_n.bin']
North,2008,6,17,11.137,0, ['/ecs/DP1/PM/NSIDC-0051.001/2008.06.17/nt_20080617_f17_v1.1_n.bin']
North,2008,6,18,11.072,0, ['/ecs/DP1/PM/NSIDC-0051.001/2008.06.18/nt_20080618_f17_v1.1_n.bin']
North,2008,6,19,11.024,0, ['/ecs/DP1/PM/NSIDC-0051.001/2008.06.19/nt_20080619_f17_v1.1_n.bin']
North,2008,6,20,10.954,0, ['/ecs/DP1/PM/NSIDC-0051.001/2008.06.20/nt_20080620_f17_v1.1_n.bin']
North,2008,6,21,10.894,0, ['/ecs/DP1/PM/NSIDC-0051.001/2008.06.21/nt_20080621_f17_v1.1_n.bin']
North,2008,6,22,10.803,0, ['/ecs/DP1/PM/NSIDC-0051.001/2008.06.22/nt_20080622_f17_v1.1_n.bin']
North,2008,6,23,10.719,0, ['/ecs/DP1/PM/NSIDC-0051.001/2008.06.23/nt_20080623_f17_v1.1_n.bin']
North,2008,6,24,10.663,0, ['/ecs/DP1/PM/NSIDC-0051.001/2008.06.24/nt_20080624_f17_v1.1_n.bin']
North,2008,6,25,10.552,0, ['/ecs/DP1/PM/NSIDC-0051.001/2008.06.25/nt_20080625_f17_v1.1_n.bin']
North,2008,6,26,10.504,0, ['/ecs/DP1/PM/NSIDC-0051.001/2008.06.26/nt_20080626_f17_v1.1_n.bin']
North,2008,6,27,10.393,0, ['/ecs/DP1/PM/NSIDC-0051.001/2008.06.27/nt_20080627_f17_v1.1_n.bin']
North,2008,6,28,10.326,0, ['/ecs/DP1/PM/NSIDC-0051.001/2008.06.28/nt_20080628_f17_v1.1_n.bin']
North,2008,6,29,10.263,0, ['/ecs/DP1/PM/NSIDC-0051.001/2008.06.29/nt_20080629_f17_v1.1_n.bin']
North,2008,6,30,10.199,0, ['/ecs/DP1/PM/NSIDC-0051.001/2008.06.30/nt_20080630_f17_v1.1_n.bin']
North,2008,7,1,9.93,0, ['/ecs/DP1/PM/NSIDC-0051.001/2008.07.01/nt_20080701_f17_v1.1_n.bin']
North,2008,7,2,9.921,0, ['/ecs/DP1/PM/NSIDC-0051.001/2008.07.02/nt_20080702_f17_v1.1_n.bin']
North,2008,7,3,9.821,0, ['/ecs/DP1/PM/NSIDC-0051.001/2008.07.03/nt_20080703_f17_v1.1_n.bin']
North,2008,7,4,9.742,0, ['/ecs/DP1/PM/NSIDC-0051.001/2008.07.04/nt_20080704_f17_v1.1_n.bin']
North,2008,7,5,9.645,0, ['/ecs/DP1/PM/NSIDC-0051.001/2008.07.05/nt_20080705_f17_v1.1_n.bin']
North,2008,7,6,9.649,0, ['/ecs/DP1/PM/NSIDC-0051.001/2008.07.06/nt_20080706_f17_v1.1_n.bin']
North,2008,7,7,9.491,0, ['/ecs/DP1/PM/NSIDC-0051.001/2008.07.07/nt_20080707_f17_v1.1_n.bin']
North,2008,7,8,9.45,0, ['/ecs/DP1/PM/NSIDC-0051.001/2008.07.08/nt_20080708_f17_v1.1_n.bin']
North,2008,7,9,9.396,0, ['/ecs/DP1/PM/NSIDC-0051.001/2008.07.09/nt_20080709_f17_v1.1_n.bin']
North,2008,7,10,9.315,0, ['/ecs/DP1/PM/NSIDC-0051.001/2008.07.10/nt_20080710_f17_v1.1_n.bin']
North,2008,7,11,9.211,0, ['/ecs/DP1/PM/NSIDC-0051.001/2008.07.11/nt_20080711_f17_v1.1_n.bin']
North,2008,7,12,9.122,0, ['/ecs/DP1/PM/NSIDC-0051.001/2008.07.12/nt_20080712_f17_v1.1_n.bin']
North,2008,7,13,9.033,0, ['/ecs/DP1/PM/NSIDC-0051.001/2008.07.13/nt_20080713_f17_v1.1_n.bin']
North,2008,7,14,8.982,0, ['/ecs/DP1/PM/NSIDC-0051.001/2008.07.14/nt_20080714_f17_v1.1_n.bin']
North,2008,7,15,8.766,0, ['/ecs/DP1/PM/NSIDC-0051.001/2008.07.15/nt_20080715_f17_v1.1_n.bin']
North,2008,7,16,8.688,0, ['/ecs/DP1/PM/NSIDC-0051.001/2008.07.16/nt_20080716_f17_v1.1_n.bin']
North,2008,7,17,8.617,0, ['/ecs/DP1/PM/NSIDC-0051.001/2008.07.17/nt_20080717_f17_v1.1_n.bin']
North,2008,7,18,8.511,0, ['/ecs/DP1/PM/NSIDC-0051.001/2008.07.18/nt_20080718_f17_v1.1_n.bin']
North,2008,7,19,8.408,0, ['/ecs/DP1/PM/NSIDC-0051.001/2008.07.19/nt_20080719_f17_v1.1_n.bin']
North,2008,7,20,8.28,0, ['/ecs/DP1/PM/NSIDC-0051.001/2008.07.20/nt_20080720_f17_v1.1_n.bin']
North,2008,7,21,8.165,0, ['/ecs/DP1/PM/NSIDC-0051.001/2008.07.21/nt_20080721_f17_v1.1_n.bin']
North,2008,7,22,8.108,0, ['/ecs/DP1/PM/NSIDC-0051.001/2008.07.22/nt_20080722_f17_v1.1_n.bin']
North,2008,7,23,7.989,0, ['/ecs/DP1/PM/NSIDC-0051.001/2008.07.23/nt_20080723_f17_v1.1_n.bin']
North,2008,7,24,7.894,0, ['/ecs/DP1/PM/NSIDC-0051.001/2008.07.24/nt_20080724_f17_v1.1_n.bin']
North,2008,7,25,7.755,0, ['/ecs/DP1/PM/NSIDC-0051.001/2008.07.25/nt_20080725_f17_v1.1_n.bin']
North,2008,7,26,7.746,0, ['/ecs/DP1/PM/NSIDC-0051.001/2008.07.26/nt_20080726_f17_v1.1_n.bin']
North,2008,7,27,7.675,0, ['/ecs/DP1/PM/NSIDC-0051.001/2008.07.27/nt_20080727_f17_v1.1_n.bin']
North,2008,7,28,7.566,0, ['/ecs/DP1/PM/NSIDC-0051.001/2008.07.28/nt_20080728_f17_v1.1_n.bin']
North,2008,7,29,7.466,0, ['/ecs/DP1/PM/NSIDC-0051.001/2008.07.29/nt_20080729_f17_v1.1_n.bin']
North,2008,7,30,7.347,0, ['/ecs/DP1/PM/NSIDC-0051.001/2008.07.30/nt_20080730_f17_v1.1_n.bin']
North,2008,7,31,7.327,0, ['/ecs/DP1/PM/NSIDC-0051.001/2008.07.31/nt_20080731_f17_v1.1_n.bin']
North,2008,8,1,7.203,0, ['/ecs/DP1/PM/NSIDC-0051.001/2008.08.01/nt_20080801_f17_v1.1_n.bin']
North,2008,8,2,7.096,0, ['/ecs/DP1/PM/NSIDC-0051.001/2008.08.02/nt_20080802_f17_v1.1_n.bin']
North,2008,8,3,7.089,0, ['/ecs/DP1/PM/NSIDC-0051.001/2008.08.03/nt_20080803_f17_v1.1_n.bin']
North,2008,8,4,6.948,0, ['/ecs/DP1/PM/NSIDC-0051.001/2008.08.04/nt_20080804_f17_v1.1_n.bin']
North,2008,8,5,6.69,0, ['/ecs/DP1/PM/NSIDC-0051.001/2008.08.05/nt_20080805_f17_v1.1_n.bin']
North,2008,8,6,6.584,0, ['/ecs/DP1/PM/NSIDC-0051.001/2008.08.06/nt_20080806_f17_v1.1_n.bin']
North,2008,8,7,6.516,0, ['/ecs/DP1/PM/NSIDC-0051.001/2008.08.07/nt_20080807_f17_v1.1_n.bin']
North,2008,8,8,6.539,0, ['/ecs/DP1/PM/NSIDC-0051.001/2008.08.08/nt_20080808_f17_v1.1_n.bin']
North,2008,8,9,6.421,0, ['/ecs/DP1/PM/NSIDC-0051.001/2008.08.09/nt_20080809_f17_v1.1_n.bin']
North,2008,8,10,6.285,0, ['/ecs/DP1/PM/NSIDC-0051.001/2008.08.10/nt_20080810_f17_v1.1_n.bin']
North,2008,8,11,6.259,0, ['/ecs/DP1/PM/NSIDC-0051.001/2008.08.11/nt_20080811_f17_v1.1_n.bin']
North,2008,8,12,6.155,0, ['/ecs/DP1/PM/NSIDC-0051.001/2008.08.12/nt_20080812_f17_v1.1_n.bin']
North,2008,8,13,6.095,0, ['/ecs/DP1/PM/NSIDC-0051.001/2008.08.13/nt_20080813_f17_v1.1_n.bin']
North,2008,8,14,6.025,0, ['/ecs/DP1/PM/NSIDC-0051.001/2008.08.14/nt_20080814_f17_v1.1_n.bin']
North,2008,8,15,5.974,0, ['/ecs/DP1/PM/NSIDC-0051.001/2008.08.15/nt_20080815_f17_v1.1_n.bin']
North,2008,8,16,5.893,0, ['/ecs/DP1/PM/NSIDC-0051.001/2008.08.16/nt_20080816_f17_v1.1_n.bin']
North,2008,8,17,5.851,0, ['/ecs/DP1/PM/NSIDC-0051.001/2008.08.17/nt_20080817_f17_v1.1_n.bin']
North,2008,8,18,5.73,0, ['/ecs/DP1/PM/NSIDC-0051.001/2008.08.18/nt_20080818_f17_v1.1_n.bin']
North,2008,8,19,5.619,0, ['/ecs/DP1/PM/NSIDC-0051.001/2008.08.19/nt_20080819_f17_v1.1_n.bin']
North,2008,8,20,5.624,0, ['/ecs/DP1/PM/NSIDC-0051.001/2008.08.20/nt_20080820_f17_v1.1_n.bin']
North,2008,8,21,5.539,0, ['/ecs/DP1/PM/NSIDC-0051.001/2008.08.21/nt_20080821_f17_v1.1_n.bin']
North,2008,8,22,5.476,0, ['/ecs/DP1/PM/NSIDC-0051.001/2008.08.22/nt_20080822_f17_v1.1_n.bin']
North,2008,8,23,5.419,0, ['/ecs/DP1/PM/NSIDC-0051.001/2008.08.23/nt_20080823_f17_v1.1_n.bin']
North,2008,8,24,5.236,0, ['/ecs/DP1/PM/NSIDC-0051.001/2008.08.24/nt_20080824_f17_v1.1_n.bin']
North,2008,8,25,5.106,0, ['/ecs/DP1/PM/NSIDC-0051.001/2008.08.25/nt_20080825_f17_v1.1_n.bin']
North,2008,8,26,5.019,0, ['/ecs/DP1/PM/NSIDC-0051.001/2008.08.26/nt_20080826_f17_v1.1_n.bin']
North,2008,8,27,5.037,0, ['/ecs/DP1/PM/NSIDC-0051.001/2008.08.27/nt_20080827_f17_v1.1_n.bin']
North,2008,8,28,5.023,0, ['/ecs/DP1/PM/NSIDC-0051.001/2008.08.28/nt_20080828_f17_v1.1_n.bin']
North,2008,8,29,5.012,0, ['/ecs/DP1/PM/NSIDC-0051.001/2008.08.29/nt_20080829_f17_v1.1_n.bin']
North,2008,8,30,4.938,0, ['/ecs/DP1/PM/NSIDC-0051.001/2008.08.30/nt_20080830_f17_v1.1_n.bin']
North,2008,8,31,4.904,0, ['/ecs/DP1/PM/NSIDC-0051.001/2008.08.31/nt_20080831_f17_v1.1_n.bin']
North,2008,9,1,4.828,0, ['/ecs/DP1/PM/NSIDC-0051.001/2008.09.01/nt_20080901_f17_v1.1_n.bin']
North,2008,9,2,4.717,0, ['/ecs/DP1/PM/NSIDC-0051.001/2008.09.02/nt_20080902_f17_v1.1_n.bin']
North,2008,9,3,4.741,0, ['/ecs/DP1/PM/NSIDC-0051.001/2008.09.03/nt_20080903_f17_v1.1_n.bin']
North,2008,9,4,4.686,0, ['/ecs/DP1/PM/NSIDC-0051.001/2008.09.04/nt_20080904_f17_v1.1_n.bin']
North,2008,9,5,4.691,0, ['/ecs/DP1/PM/NSIDC-0051.001/2008.09.05/nt_20080905_f17_v1.1_n.bin']
North,2008,9,6,4.7,0, ['/ecs/DP1/PM/NSIDC-0051.001/2008.09.06/nt_20080906_f17_v1.1_n.bin']
North,2008,9,7,4.664,0, ['/ecs/DP1/PM/NSIDC-0051.001/2008.09.07/nt_20080907_f17_v1.1_n.bin']
North,2008,9,8,4.627,0, ['/ecs/DP1/PM/NSIDC-0051.001/2008.09.08/nt_20080908_f17_v1.1_n.bin']
North,2008,9,9,4.651,0, ['/ecs/DP1/PM/NSIDC-0051.001/2008.09.09/nt_20080909_f17_v1.1_n.bin']
North,2008,9,10,4.603,0, ['/ecs/DP1/PM/NSIDC-0051.001/2008.09.10/nt_20080910_f17_v1.1_n.bin']
North,2008,9,11,4.577,0, ['/ecs/DP1/PM/NSIDC-0051.001/2008.09.11/nt_20080911_f17_v1.1_n.bin']
North,2008,9,12,4.574,0, ['/ecs/DP1/PM/NSIDC-0051.001/2008.09.12/nt_20080912_f17_v1.1_n.bin']
North,2008,9,13,4.598,0, ['/ecs/DP1/PM/NSIDC-0051.001/2008.09.13/nt_20080913_f17_v1.1_n.bin']
North,2008,9,14,4.599,0, ['/ecs/DP1/PM/NSIDC-0051.001/2008.09.14/nt_20080914_f17_v1.1_n.bin']
North,2008,9,15,4.601,0, ['/ecs/DP1/PM/NSIDC-0051.001/2008.09.15/nt_20080915_f17_v1.1_n.bin']
North,2008,9,16,4.615,0, ['/ecs/DP1/PM/NSIDC-0051.001/2008.09.16/nt_20080916_f17_v1.1_n.bin']
North,2008,9,17,4.602,0, ['/ecs/DP1/PM/NSIDC-0051.001/2008.09.17/nt_20080917_f17_v1.1_n.bin']
North,2008,9,18,4.548,0, ['/ecs/DP1/PM/NSIDC-0051.001/2008.09.18/nt_20080918_f17_v1.1_n.bin']
North,2008,9,19,4.565,0, ['/ecs/DP1/PM/NSIDC-0051.001/2008.09.19/nt_20080919_f17_v1.1_n.bin']
North,2008,9,20,4.598,0, ['/ecs/DP1/PM/NSIDC-0051.001/2008.09.20/nt_20080920_f17_v1.1_n.bin']
North,2008,9,21,4.659,0, ['/ecs/DP1/PM/NSIDC-0051.001/2008.09.21/nt_20080921_f17_v1.1_n.bin']
North,2008,9,22,4.658,0, ['/ecs/DP1/PM/NSIDC-0051.001/2008.09.22/nt_20080922_f17_v1.1_n.bin']
North,2008,9,23,4.679,0, ['/ecs/DP1/PM/NSIDC-0051.001/2008.09.23/nt_20080923_f17_v1.1_n.bin']
North,2008,9,24,4.692,0, ['/ecs/DP1/PM/NSIDC-0051.001/2008.09.24/nt_20080924_f17_v1.1_n.bin']
North,2008,9,25,4.729,0, ['/ecs/DP1/PM/NSIDC-0051.001/2008.09.25/nt_20080925_f17_v1.1_n.bin']
North,2008,9,26,4.763,0, ['/ecs/DP1/PM/NSIDC-0051.001/2008.09.26/nt_20080926_f17_v1.1_n.bin']
North,2008,9,27,4.811,0, ['/ecs/DP1/PM/NSIDC-0051.001/2008.09.27/nt_20080927_f17_v1.1_n.bin']
North,2008,9,28,4.884,0, ['/ecs/DP1/PM/NSIDC-0051.001/2008.09.28/nt_20080928_f17_v1.1_n.bin']
North,2008,9,29,4.925,0, ['/ecs/DP1/PM/NSIDC-0051.001/2008.09.29/nt_20080929_f17_v1.1_n.bin']
North,2008,9,30,5.038,0, ['/ecs/DP1/PM/NSIDC-0051.001/2008.09.30/nt_20080930_f17_v1.1_n.bin']
North,2008,10,1,5.254,0, ['/ecs/DP1/PM/NSIDC-0051.001/2008.10.01/nt_20081001_f17_v1.1_n.bin']
North,2008,10,2,5.336,0, ['/ecs/DP1/PM/NSIDC-0051.001/2008.10.02/nt_20081002_f17_v1.1_n.bin']
North,2008,10,3,5.431,0, ['/ecs/DP1/PM/NSIDC-0051.001/2008.10.03/nt_20081003_f17_v1.1_n.bin']
North,2008,10,4,5.505,0, ['/ecs/DP1/PM/NSIDC-0051.001/2008.10.04/nt_20081004_f17_v1.1_n.bin']
North,2008,10,5,5.63,0, ['/ecs/DP1/PM/NSIDC-0051.001/2008.10.05/nt_20081005_f17_v1.1_n.bin']
North,2008,10,6,5.786,0, ['/ecs/DP1/PM/NSIDC-0051.001/2008.10.06/nt_20081006_f17_v1.1_n.bin']
North,2008,10,7,5.948,0, ['/ecs/DP1/PM/NSIDC-0051.001/2008.10.07/nt_20081007_f17_v1.1_n.bin']
North,2008,10,8,6.064,0, ['/ecs/DP1/PM/NSIDC-0051.001/2008.10.08/nt_20081008_f17_v1.1_n.bin']
North,2008,10,9,6.313,0, ['/ecs/DP1/PM/NSIDC-0051.001/2008.10.09/nt_20081009_f17_v1.1_n.bin']
North,2008,10,10,6.409,0, ['/ecs/DP1/PM/NSIDC-0051.001/2008.10.10/nt_20081010_f17_v1.1_n.bin']
North,2008,10,11,6.615,0, ['/ecs/DP1/PM/NSIDC-0051.001/2008.10.11/nt_20081011_f17_v1.1_n.bin']
North,2008,10,12,6.772,0, ['/ecs/DP1/PM/NSIDC-0051.001/2008.10.12/nt_20081012_f17_v1.1_n.bin']
North,2008,10,13,6.91,0, ['/ecs/DP1/PM/NSIDC-0051.001/2008.10.13/nt_20081013_f17_v1.1_n.bin']
North,2008,10,14,7.093,0, ['/ecs/DP1/PM/NSIDC-0051.001/2008.10.14/nt_20081014_f17_v1.1_n.bin']
North,2008,10,15,7.252,0, ['/ecs/DP1/PM/NSIDC-0051.001/2008.10.15/nt_20081015_f17_v1.1_n.bin']
North,2008,10,16,7.459,0, ['/ecs/DP1/PM/NSIDC-0051.001/2008.10.16/nt_20081016_f17_v1.1_n.bin']
North,2008,10,17,7.601,0, ['/ecs/DP1/PM/NSIDC-0051.001/2008.10.17/nt_20081017_f17_v1.1_n.bin']
North,2008,10,18,7.737,0, ['/ecs/DP1/PM/NSIDC-0051.001/2008.10.18/nt_20081018_f17_v1.1_n.bin']
North,2008,10,19,7.905,0, ['/ecs/DP1/PM/NSIDC-0051.001/2008.10.19/nt_20081019_f17_v1.1_n.bin']
North,2008,10,20,8.026,0, ['/ecs/DP1/PM/NSIDC-0051.001/2008.10.20/nt_20081020_f17_v1.1_n.bin']
North,2008,10,21,8.126,0, ['/ecs/DP1/PM/NSIDC-0051.001/2008.10.21/nt_20081021_f17_v1.1_n.bin']
North,2008,10,22,8.352,0, ['/ecs/DP1/PM/NSIDC-0051.001/2008.10.22/nt_20081022_f17_v1.1_n.bin']
North,2008,10,23,8.528,0, ['/ecs/DP1/PM/NSIDC-0051.001/2008.10.23/nt_20081023_f17_v1.1_n.bin']
North,2008,10,24,8.667,0, ['/ecs/DP1/PM/NSIDC-0051.001/2008.10.24/nt_20081024_f17_v1.1_n.bin']
North,2008,10,25,8.762,0, ['/ecs/DP1/PM/NSIDC-0051.001/2008.10.25/nt_20081025_f17_v1.1_n.bin']
North,2008,10,26,8.842,0, ['/ecs/DP1/PM/NSIDC-0051.001/2008.10.26/nt_20081026_f17_v1.1_n.bin']
North,2008,10,27,8.914,0, ['/ecs/DP1/PM/NSIDC-0051.001/2008.10.27/nt_20081027_f17_v1.1_n.bin']
North,2008,10,28,8.994,0, ['/ecs/DP1/PM/NSIDC-0051.001/2008.10.28/nt_20081028_f17_v1.1_n.bin']
North,2008,10,29,9.107,0, ['/ecs/DP1/PM/NSIDC-0051.001/2008.10.29/nt_20081029_f17_v1.1_n.bin']
North,2008,10,30,9.193,0, ['/ecs/DP1/PM/NSIDC-0051.001/2008.10.30/nt_20081030_f17_v1.1_n.bin']
North,2008,10,31,9.315,0, ['/ecs/DP1/PM/NSIDC-0051.001/2008.10.31/nt_20081031_f17_v1.1_n.bin']
North,2008,11,1,9.363,0, ['/ecs/DP1/PM/NSIDC-0051.001/2008.11.01/nt_20081101_f17_v1.1_n.bin']
North,2008,11,2,9.331,0, ['/ecs/DP1/PM/NSIDC-0051.001/2008.11.02/nt_20081102_f17_v1.1_n.bin']
North,2008,11,3,9.399,0, ['/ecs/DP1/PM/NSIDC-0051.001/2008.11.03/nt_20081103_f17_v1.1_n.bin']
North,2008,11,4,9.57,0, ['/ecs/DP1/PM/NSIDC-0051.001/2008.11.04/nt_20081104_f17_v1.1_n.bin']
North,2008,11,5,9.708,0, ['/ecs/DP1/PM/NSIDC-0051.001/2008.11.05/nt_20081105_f17_v1.1_n.bin']
North,2008,11,6,9.794,0, ['/ecs/DP1/PM/NSIDC-0051.001/2008.11.06/nt_20081106_f17_v1.1_n.bin']
North,2008,11,7,9.963,0, ['/ecs/DP1/PM/NSIDC-0051.001/2008.11.07/nt_20081107_f17_v1.1_n.bin']
North,2008,11,8,10.062,0, ['/ecs/DP1/PM/NSIDC-0051.001/2008.11.08/nt_20081108_f17_v1.1_n.bin']
North,2008,11,9,10.089,0, ['/ecs/DP1/PM/NSIDC-0051.001/2008.11.09/nt_20081109_f17_v1.1_n.bin']
North,2008,11,10,10.122,0, ['/ecs/DP1/PM/NSIDC-0051.001/2008.11.10/nt_20081110_f17_v1.1_n.bin']
North,2008,11,11,10.129,0, ['/ecs/DP1/PM/NSIDC-0051.001/2008.11.11/nt_20081111_f17_v1.1_n.bin']
North,2008,11,12,10.09,0, ['/ecs/DP1/PM/NSIDC-0051.001/2008.11.12/nt_20081112_f17_v1.1_n.bin']
North,2008,11,13,10.111,0, ['/ecs/DP1/PM/NSIDC-0051.001/2008.11.13/nt_20081113_f17_v1.1_n.bin']
North,2008,11,14,10.119,0, ['/ecs/DP1/PM/NSIDC-0051.001/2008.11.14/nt_20081114_f17_v1.1_n.bin']
North,2008,11,15,10.215,0, ['/ecs/DP1/PM/NSIDC-0051.001/2008.11.15/nt_20081115_f17_v1.1_n.bin']
North,2008,11,16,10.339,0, ['/ecs/DP1/PM/NSIDC-0051.001/2008.11.16/nt_20081116_f17_v1.1_n.bin']
North,2008,11,17,10.476,0, ['/ecs/DP1/PM/NSIDC-0051.001/2008.11.17/nt_20081117_f17_v1.1_n.bin']
North,2008,11,18,10.468,0, ['/ecs/DP1/PM/NSIDC-0051.001/2008.11.18/nt_20081118_f17_v1.1_n.bin']
North,2008,11,19,10.637,0, ['/ecs/DP1/PM/NSIDC-0051.001/2008.11.19/nt_20081119_f17_v1.1_n.bin']
North,2008,11,20,10.715,0, ['/ecs/DP1/PM/NSIDC-0051.001/2008.11.20/nt_20081120_f17_v1.1_n.bin']
North,2008,11,21,10.667,0, ['/ecs/DP1/PM/NSIDC-0051.001/2008.11.21/nt_20081121_f17_v1.1_n.bin']
North,2008,11,22,10.696,0, ['/ecs/DP1/PM/NSIDC-0051.001/2008.11.22/nt_20081122_f17_v1.1_n.bin']
North,2008,11,23,10.785,0, ['/ecs/DP1/PM/NSIDC-0051.001/2008.11.23/nt_20081123_f17_v1.1_n.bin']
North,2008,11,24,10.912,0, ['/ecs/DP1/PM/NSIDC-0051.001/2008.11.24/nt_20081124_f17_v1.1_n.bin']
North,2008,11,25,10.928,0, ['/ecs/DP1/PM/NSIDC-0051.001/2008.11.25/nt_20081125_f17_v1.1_n.bin']
North,2008,11,26,11.029,0, ['/ecs/DP1/PM/NSIDC-0051.001/2008.11.26/nt_20081126_f17_v1.1_n.bin']
North,2008,11,27,11.043,0, ['/ecs/DP1/PM/NSIDC-0051.001/2008.11.27/nt_20081127_f17_v1.1_n.bin']
North,2008,11,28,11.122,0, ['/ecs/DP1/PM/NSIDC-0051.001/2008.11.28/nt_20081128_f17_v1.1_n.bin']
North,2008,11,29,11.152,0, ['/ecs/DP1/PM/NSIDC-0051.001/2008.11.29/nt_20081129_f17_v1.1_n.bin']
North,2008,11,30,11.252,0, ['/ecs/DP1/PM/NSIDC-0051.001/2008.11.30/nt_20081130_f17_v1.1_n.bin']
North,2008,12,1,11.492,0, ['/ecs/DP1/PM/NSIDC-0051.001/2008.12.01/nt_20081201_f17_v1.1_n.bin']
North,2008,12,2,11.521,0, ['/ecs/DP1/PM/NSIDC-0051.001/2008.12.02/nt_20081202_f17_v1.1_n.bin']
North,2008,12,3,11.586,0, ['/ecs/DP1/PM/NSIDC-0051.001/2008.12.03/nt_20081203_f17_v1.1_n.bin']
North,2008,12,4,11.68,0, ['/ecs/DP1/PM/NSIDC-0051.001/2008.12.04/nt_20081204_f17_v1.1_n.bin']
North,2008,12,5,11.781,0, ['/ecs/DP1/PM/NSIDC-0051.001/2008.12.05/nt_20081205_f17_v1.1_n.bin']
North,2008,12,6,11.811,0, ['/ecs/DP1/PM/NSIDC-0051.001/2008.12.06/nt_20081206_f17_v1.1_n.bin']
North,2008,12,7,11.936,0, ['/ecs/DP1/PM/NSIDC-0051.001/2008.12.07/nt_20081207_f17_v1.1_n.bin']
North,2008,12,8,12.147,0, ['/ecs/DP1/PM/NSIDC-0051.001/2008.12.08/nt_20081208_f17_v1.1_n.bin']
North,2008,12,9,12.224,0, ['/ecs/DP1/PM/NSIDC-0051.001/2008.12.09/nt_20081209_f17_v1.1_n.bin']
North,2008,12,10,12.343,0, ['/ecs/DP1/PM/NSIDC-0051.001/2008.12.10/nt_20081210_f17_v1.1_n.bin']
North,2008,12,11,12.35,0, ['/ecs/DP1/PM/NSIDC-0051.001/2008.12.11/nt_20081211_f17_v1.1_n.bin']
North,2008,12,12,12.424,0, ['/ecs/DP1/PM/NSIDC-0051.001/2008.12.12/nt_20081212_f17_v1.1_n.bin']
North,2008,12,13,12.309,0, ['/ecs/DP1/PM/NSIDC-0051.001/2008.12.13/nt_20081213_f17_v1.1_n.bin']
North,2008,12,14,12.281,0, ['/ecs/DP1/PM/NSIDC-0051.001/2008.12.14/nt_20081214_f17_v1.1_n.bin']
North,2008,12,15,12.377,0, ['/ecs/DP1/PM/NSIDC-0051.001/2008.12.15/nt_20081215_f17_v1.1_n.bin']
North,2008,12,16,12.407,0, ['/ecs/DP1/PM/NSIDC-0051.001/2008.12.16/nt_20081216_f17_v1.1_n.bin']
North,2008,12,17,12.367,0, ['/ecs/DP1/PM/NSIDC-0051.001/2008.12.17/nt_20081217_f17_v1.1_n.bin']
North,2008,12,18,12.357,0, ['/ecs/DP1/PM/NSIDC-0051.001/2008.12.18/nt_20081218_f17_v1.1_n.bin']
North,2008,12,19,12.447,0, ['/ecs/DP1/PM/NSIDC-0051.001/2008.12.19/nt_20081219_f17_v1.1_n.bin']
North,2008,12,20,12.461,0, ['/ecs/DP1/PM/NSIDC-0051.001/2008.12.20/nt_20081220_f17_v1.1_n.bin']
North,2008,12,21,12.436,0, ['/ecs/DP1/PM/NSIDC-0051.001/2008.12.21/nt_20081221_f17_v1.1_n.bin']
North,2008,12,22,12.676,0, ['/ecs/DP1/PM/NSIDC-0051.001/2008.12.22/nt_20081222_f17_v1.1_n.bin']
North,2008,12,23,12.636,0, ['/ecs/DP1/PM/NSIDC-0051.001/2008.12.23/nt_20081223_f17_v1.1_n.bin']
North,2008,12,24,12.698,0, ['/ecs/DP1/PM/NSIDC-0051.001/2008.12.24/nt_20081224_f17_v1.1_n.bin']
North,2008,12,25,12.794,0, ['/ecs/DP1/PM/NSIDC-0051.001/2008.12.25/nt_20081225_f17_v1.1_n.bin']
North,2008,12,26,12.94,0, ['/ecs/DP1/PM/NSIDC-0051.001/2008.12.26/nt_20081226_f17_v1.1_n.bin']
North,2008,12,27,12.847,0, ['/ecs/DP1/PM/NSIDC-0051.001/2008.12.27/nt_20081227_f17_v1.1_n.bin']
North,2008,12,28,12.882,0, ['/ecs/DP1/PM/NSIDC-0051.001/2008.12.28/nt_20081228_f17_v1.1_n.bin']
North,2008,12,29,12.926,0, ['/ecs/DP1/PM/NSIDC-0051.001/2008.12.29/nt_20081229_f17_v1.1_n.bin']
North,2008,12,30,12.929,0, ['/ecs/DP1/PM/NSIDC-0051.001/2008.12.30/nt_20081230_f17_v1.1_n.bin']
North,2008,12,31,13.048,0, ['/ecs/DP1/PM/NSIDC-0051.001/2008.12.31/nt_20081231_f17_v1.1_n.bin']
North,2009,1,1,13.189,0, ['/ecs/DP1/PM/NSIDC-0051.001/2009.01.01/nt_20090101_f17_v1.1_n.bin']
North,2009,1,2,13.18,0, ['/ecs/DP1/PM/NSIDC-0051.001/2009.01.02/nt_20090102_f17_v1.1_n.bin']
North,2009,1,3,13.267,0, ['/ecs/DP1/PM/NSIDC-0051.001/2009.01.03/nt_20090103_f17_v1.1_n.bin']
North,2009,1,4,13.286,0, ['/ecs/DP1/PM/NSIDC-0051.001/2009.01.04/nt_20090104_f17_v1.1_n.bin']
North,2009,1,5,13.352,0, ['/ecs/DP1/PM/NSIDC-0051.001/2009.01.05/nt_20090105_f17_v1.1_n.bin']
North,2009,1,6,13.447,0, ['/ecs/DP1/PM/NSIDC-0051.001/2009.01.06/nt_20090106_f17_v1.1_n.bin']
North,2009,1,7,13.478,0, ['/ecs/DP1/PM/NSIDC-0051.001/2009.01.07/nt_20090107_f17_v1.1_n.bin']
North,2009,1,8,13.586,0, ['/ecs/DP1/PM/NSIDC-0051.001/2009.01.08/nt_20090108_f17_v1.1_n.bin']
North,2009,1,9,13.646,0, ['/ecs/DP1/PM/NSIDC-0051.001/2009.01.09/nt_20090109_f17_v1.1_n.bin']
North,2009,1,10,13.73,0, ['/ecs/DP1/PM/NSIDC-0051.001/2009.01.10/nt_20090110_f17_v1.1_n.bin']
North,2009,1,11,13.777,0, ['/ecs/DP1/PM/NSIDC-0051.001/2009.01.11/nt_20090111_f17_v1.1_n.bin']
North,2009,1,12,13.79,0, ['/ecs/DP1/PM/NSIDC-0051.001/2009.01.12/nt_20090112_f17_v1.1_n.bin']
North,2009,1,13,13.857,0, ['/ecs/DP1/PM/NSIDC-0051.001/2009.01.13/nt_20090113_f17_v1.1_n.bin']
North,2009,1,14,14.008,0, ['/ecs/DP1/PM/NSIDC-0051.001/2009.01.14/nt_20090114_f17_v1.1_n.bin']
North,2009,1,15,14.115,0, ['/ecs/DP1/PM/NSIDC-0051.001/2009.01.15/nt_20090115_f17_v1.1_n.bin']
North,2009,1,16,14.123,0, ['/ecs/DP1/PM/NSIDC-0051.001/2009.01.16/nt_20090116_f17_v1.1_n.bin']
North,2009,1,17,14.094,0, ['/ecs/DP1/PM/NSIDC-0051.001/2009.01.17/nt_20090117_f17_v1.1_n.bin']
North,2009,1,18,14.162,0, ['/ecs/DP1/PM/NSIDC-0051.001/2009.01.18/nt_20090118_f17_v1.1_n.bin']
North,2009,1,19,14.268,0, ['/ecs/DP1/PM/NSIDC-0051.001/2009.01.19/nt_20090119_f17_v1.1_n.bin']
North,2009,1,20,14.19,0, ['/ecs/DP1/PM/NSIDC-0051.001/2009.01.20/nt_20090120_f17_v1.1_n.bin']
North,2009,1,21,14.168,0, ['/ecs/DP1/PM/NSIDC-0051.001/2009.01.21/nt_20090121_f17_v1.1_n.bin']
North,2009,1,22,14.251,0, ['/ecs/DP1/PM/NSIDC-0051.001/2009.01.22/nt_20090122_f17_v1.1_n.bin']
North,2009,1,23,14.232,0, ['/ecs/DP1/PM/NSIDC-0051.001/2009.01.23/nt_20090123_f17_v1.1_n.bin']
North,2009,1,24,14.184,0, ['/ecs/DP1/PM/NSIDC-0051.001/2009.01.24/nt_20090124_f17_v1.1_n.bin']
North,2009,1,25,14.166,0, ['/ecs/DP1/PM/NSIDC-0051.001/2009.01.25/nt_20090125_f17_v1.1_n.bin']
North,2009,1,26,14.133,0, ['/ecs/DP1/PM/NSIDC-0051.001/2009.01.26/nt_20090126_f17_v1.1_n.bin']
North,2009,1,27,14.231,0, ['/ecs/DP1/PM/NSIDC-0051.001/2009.01.27/nt_20090127_f17_v1.1_n.bin']
North,2009,1,28,14.291,0, ['/ecs/DP1/PM/NSIDC-0051.001/2009.01.28/nt_20090128_f17_v1.1_n.bin']
North,2009,1,29,14.336,0, ['/ecs/DP1/PM/NSIDC-0051.001/2009.01.29/nt_20090129_f17_v1.1_n.bin']
North,2009,1,30,14.38,0, ['/ecs/DP1/PM/NSIDC-0051.001/2009.01.30/nt_20090130_f17_v1.1_n.bin']
North,2009,1,31,14.408,0, ['/ecs/DP1/PM/NSIDC-0051.001/2009.01.31/nt_20090131_f17_v1.1_n.bin']
North,2009,2,1,14.502,0, ['/ecs/DP1/PM/NSIDC-0051.001/2009.02.01/nt_20090201_f17_v1.1_n.bin']
North,2009,2,2,14.604,0, ['/ecs/DP1/PM/NSIDC-0051.001/2009.02.02/nt_20090202_f17_v1.1_n.bin']
North,2009,2,3,14.531,0, ['/ecs/DP1/PM/NSIDC-0051.001/2009.02.03/nt_20090203_f17_v1.1_n.bin']
North,2009,2,4,14.507,0, ['/ecs/DP1/PM/NSIDC-0051.001/2009.02.04/nt_20090204_f17_v1.1_n.bin']
North,2009,2,5,14.58,0, ['/ecs/DP1/PM/NSIDC-0051.001/2009.02.05/nt_20090205_f17_v1.1_n.bin']
North,2009,2,6,14.662,0, ['/ecs/DP1/PM/NSIDC-0051.001/2009.02.06/nt_20090206_f17_v1.1_n.bin']
North,2009,2,7,14.774,0, ['/ecs/DP1/PM/NSIDC-0051.001/2009.02.07/nt_20090207_f17_v1.1_n.bin']
North,2009,2,8,14.856,0, ['/ecs/DP1/PM/NSIDC-0051.001/2009.02.08/nt_20090208_f17_v1.1_n.bin']
North,2009,2,9,14.879,0, ['/ecs/DP1/PM/NSIDC-0051.001/2009.02.09/nt_20090209_f17_v1.1_n.bin']
North,2009,2,10,14.853,0, ['/ecs/DP1/PM/NSIDC-0051.001/2009.02.10/nt_20090210_f17_v1.1_n.bin']
North,2009,2,11,14.772,0, ['/ecs/DP1/PM/NSIDC-0051.001/2009.02.11/nt_20090211_f17_v1.1_n.bin']
North,2009,2,12,14.762,0, ['/ecs/DP1/PM/NSIDC-0051.001/2009.02.12/nt_20090212_f17_v1.1_n.bin']
North,2009,2,13,14.845,0, ['/ecs/DP1/PM/NSIDC-0051.001/2009.02.13/nt_20090213_f17_v1.1_n.bin']
North,2009,2,14,14.848,0, ['/ecs/DP1/PM/NSIDC-0051.001/2009.02.14/nt_20090214_f17_v1.1_n.bin']
North,2009,2,15,14.882,0, ['/ecs/DP1/PM/NSIDC-0051.001/2009.02.15/nt_20090215_f17_v1.1_n.bin']
North,2009,2,16,14.901,0, ['/ecs/DP1/PM/NSIDC-0051.001/2009.02.16/nt_20090216_f17_v1.1_n.bin']
North,2009,2,17,14.982,0, ['/ecs/DP1/PM/NSIDC-0051.001/2009.02.17/nt_20090217_f17_v1.1_n.bin']
North,2009,2,18,14.969,0, ['/ecs/DP1/PM/NSIDC-0051.001/2009.02.18/nt_20090218_f17_v1.1_n.bin']
North,2009,2,19,14.851,0, ['/ecs/DP1/PM/NSIDC-0051.001/2009.02.19/nt_20090219_f17_v1.1_n.bin']
North,2009,2,20,14.872,0, ['/ecs/DP1/PM/NSIDC-0051.001/2009.02.20/nt_20090220_f17_v1.1_n.bin']
North,2009,2,21,14.882,0, ['/ecs/DP1/PM/NSIDC-0051.001/2009.02.21/nt_20090221_f17_v1.1_n.bin']
North,2009,2,22,14.8,0, ['/ecs/DP1/PM/NSIDC-0051.001/2009.02.22/nt_20090222_f17_v1.1_n.bin']
North,2009,2,23,14.811,0, ['/ecs/DP1/PM/NSIDC-0051.001/2009.02.23/nt_20090223_f17_v1.1_n.bin']
North,2009,2,24,14.809,0, ['/ecs/DP1/PM/NSIDC-0051.001/2009.02.24/nt_20090224_f17_v1.1_n.bin']
North,2009,2,25,14.847,0, ['/ecs/DP1/PM/NSIDC-0051.001/2009.02.25/nt_20090225_f17_v1.1_n.bin']
North,2009,2,26,14.991,0, ['/ecs/DP1/PM/NSIDC-0051.001/2009.02.26/nt_20090226_f17_v1.1_n.bin']
North,2009,2,27,15.039,0, ['/ecs/DP1/PM/NSIDC-0051.001/2009.02.27/nt_20090227_f17_v1.1_n.bin']
North,2009,2,28,15.112,0, ['/ecs/DP1/PM/NSIDC-0051.001/2009.02.28/nt_20090228_f17_v1.1_n.bin']
North,2009,3,1,15.168,0, ['/ecs/DP1/PM/NSIDC-0051.001/2009.03.01/nt_20090301_f17_v1.1_n.bin']
North,2009,3,2,15.195,0, ['/ecs/DP1/PM/NSIDC-0051.001/2009.03.02/nt_20090302_f17_v1.1_n.bin']
North,2009,3,3,15.126,0, ['/ecs/DP1/PM/NSIDC-0051.001/2009.03.03/nt_20090303_f17_v1.1_n.bin']
North,2009,3,4,15.067,0, ['/ecs/DP1/PM/NSIDC-0051.001/2009.03.04/nt_20090304_f17_v1.1_n.bin']
North,2009,3,5,15.123,0, ['/ecs/DP1/PM/NSIDC-0051.001/2009.03.05/nt_20090305_f17_v1.1_n.bin']
North,2009,3,6,15.162,0, ['/ecs/DP1/PM/NSIDC-0051.001/2009.03.06/nt_20090306_f17_v1.1_n.bin']
North,2009,3,7,15.076,0, ['/ecs/DP1/PM/NSIDC-0051.001/2009.03.07/nt_20090307_f17_v1.1_n.bin']
North,2009,3,8,14.955,0, ['/ecs/DP1/PM/NSIDC-0051.001/2009.03.08/nt_20090308_f17_v1.1_n.bin']
North,2009,3,9,14.878,0, ['/ecs/DP1/PM/NSIDC-0051.001/2009.03.09/nt_20090309_f17_v1.1_n.bin']
North,2009,3,10,14.833,0, ['/ecs/DP1/PM/NSIDC-0051.001/2009.03.10/nt_20090310_f17_v1.1_n.bin']
North,2009,3,11,14.894,0, ['/ecs/DP1/PM/NSIDC-0051.001/2009.03.11/nt_20090311_f17_v1.1_n.bin']
North,2009,3,12,14.861,0, ['/ecs/DP1/PM/NSIDC-0051.001/2009.03.12/nt_20090312_f17_v1.1_n.bin']
North,2009,3,13,14.884,0, ['/ecs/DP1/PM/NSIDC-0051.001/2009.03.13/nt_20090313_f17_v1.1_n.bin']
North,2009,3,14,14.959,0, ['/ecs/DP1/PM/NSIDC-0051.001/2009.03.14/nt_20090314_f17_v1.1_n.bin']
North,2009,3,15,14.939,0, ['/ecs/DP1/PM/NSIDC-0051.001/2009.03.15/nt_20090315_f17_v1.1_n.bin']
North,2009,3,16,14.942,0, ['/ecs/DP1/PM/NSIDC-0051.001/2009.03.16/nt_20090316_f17_v1.1_n.bin']
North,2009,3,17,15.015,0, ['/ecs/DP1/PM/NSIDC-0051.001/2009.03.17/nt_20090317_f17_v1.1_n.bin']
North,2009,3,18,14.968,0, ['/ecs/DP1/PM/NSIDC-0051.001/2009.03.18/nt_20090318_f17_v1.1_n.bin']
North,2009,3,19,14.959,0, ['/ecs/DP1/PM/NSIDC-0051.001/2009.03.19/nt_20090319_f17_v1.1_n.bin']
North,2009,3,20,14.962,0, ['/ecs/DP1/PM/NSIDC-0051.001/2009.03.20/nt_20090320_f17_v1.1_n.bin']
North,2009,3,21,15.004,0, ['/ecs/DP1/PM/NSIDC-0051.001/2009.03.21/nt_20090321_f17_v1.1_n.bin']
North,2009,3,22,15.052,0, ['/ecs/DP1/PM/NSIDC-0051.001/2009.03.22/nt_20090322_f17_v1.1_n.bin']
North,2009,3,23,15.073,0, ['/ecs/DP1/PM/NSIDC-0051.001/2009.03.23/nt_20090323_f17_v1.1_n.bin']
North,2009,3,24,15.027,0, ['/ecs/DP1/PM/NSIDC-0051.001/2009.03.24/nt_20090324_f17_v1.1_n.bin']
North,2009,3,25,15.022,0, ['/ecs/DP1/PM/NSIDC-0051.001/2009.03.25/nt_20090325_f17_v1.1_n.bin']
North,2009,3,26,14.981,0, ['/ecs/DP1/PM/NSIDC-0051.001/2009.03.26/nt_20090326_f17_v1.1_n.bin']
North,2009,3,27,14.954,0, ['/ecs/DP1/PM/NSIDC-0051.001/2009.03.27/nt_20090327_f17_v1.1_n.bin']
North,2009,3,28,14.906,0, ['/ecs/DP1/PM/NSIDC-0051.001/2009.03.28/nt_20090328_f17_v1.1_n.bin']
North,2009,3,29,14.881,0, ['/ecs/DP1/PM/NSIDC-0051.001/2009.03.29/nt_20090329_f17_v1.1_n.bin']
North,2009,3,30,14.864,0, ['/ecs/DP1/PM/NSIDC-0051.001/2009.03.30/nt_20090330_f17_v1.1_n.bin']
North,2009,3,31,14.762,0, ['/ecs/DP1/PM/NSIDC-0051.001/2009.03.31/nt_20090331_f17_v1.1_n.bin']
North,2009,4,1,14.73,0, ['/ecs/DP1/PM/NSIDC-0051.001/2009.04.01/nt_20090401_f17_v1.1_n.bin']
North,2009,4,2,14.728,0, ['/ecs/DP1/PM/NSIDC-0051.001/2009.04.02/nt_20090402_f17_v1.1_n.bin']
North,2009,4,3,14.779,0, ['/ecs/DP1/PM/NSIDC-0051.001/2009.04.03/nt_20090403_f17_v1.1_n.bin']
North,2009,4,4,14.818,0, ['/ecs/DP1/PM/NSIDC-0051.001/2009.04.04/nt_20090404_f17_v1.1_n.bin']
North,2009,4,5,14.753,0, ['/ecs/DP1/PM/NSIDC-0051.001/2009.04.05/nt_20090405_f17_v1.1_n.bin']
North,2009,4,6,14.684,0, ['/ecs/DP1/PM/NSIDC-0051.001/2009.04.06/nt_20090406_f17_v1.1_n.bin']
North,2009,4,7,14.732,0, ['/ecs/DP1/PM/NSIDC-0051.001/2009.04.07/nt_20090407_f17_v1.1_n.bin']
North,2009,4,8,14.668,0, ['/ecs/DP1/PM/NSIDC-0051.001/2009.04.08/nt_20090408_f17_v1.1_n.bin']
North,2009,4,9,14.667,0, ['/ecs/DP1/PM/NSIDC-0051.001/2009.04.09/nt_20090409_f17_v1.1_n.bin']
North,2009,4,10,14.638,0, ['/ecs/DP1/PM/NSIDC-0051.001/2009.04.10/nt_20090410_f17_v1.1_n.bin']
North,2009,4,11,14.61,0, ['/ecs/DP1/PM/NSIDC-0051.001/2009.04.11/nt_20090411_f17_v1.1_n.bin']
North,2009,4,12,14.653,0, ['/ecs/DP1/PM/NSIDC-0051.001/2009.04.12/nt_20090412_f17_v1.1_n.bin']
North,2009,4,13,14.561,0, ['/ecs/DP1/PM/NSIDC-0051.001/2009.04.13/nt_20090413_f17_v1.1_n.bin']
North,2009,4,14,14.521,0, ['/ecs/DP1/PM/NSIDC-0051.001/2009.04.14/nt_20090414_f17_v1.1_n.bin']
North,2009,4,15,14.561,0, ['/ecs/DP1/PM/NSIDC-0051.001/2009.04.15/nt_20090415_f17_v1.1_n.bin']
North,2009,4,16,14.517,0, ['/ecs/DP1/PM/NSIDC-0051.001/2009.04.16/nt_20090416_f17_v1.1_n.bin']
North,2009,4,17,14.434,0, ['/ecs/DP1/PM/NSIDC-0051.001/2009.04.17/nt_20090417_f17_v1.1_n.bin']
North,2009,4,18,14.41,0, ['/ecs/DP1/PM/NSIDC-0051.001/2009.04.18/nt_20090418_f17_v1.1_n.bin']
North,2009,4,19,14.402,0, ['/ecs/DP1/PM/NSIDC-0051.001/2009.04.19/nt_20090419_f17_v1.1_n.bin']
North,2009,4,20,14.479,0, ['/ecs/DP1/PM/NSIDC-0051.001/2009.04.20/nt_20090420_f17_v1.1_n.bin']
North,2009,4,21,14.438,0, ['/ecs/DP1/PM/NSIDC-0051.001/2009.04.21/nt_20090421_f17_v1.1_n.bin']
North,2009,4,22,14.435,0, ['/ecs/DP1/PM/NSIDC-0051.001/2009.04.22/nt_20090422_f17_v1.1_n.bin']
North,2009,4,23,14.309,0, ['/ecs/DP1/PM/NSIDC-0051.001/2009.04.23/nt_20090423_f17_v1.1_n.bin']
North,2009,4,24,14.268,0, ['/ecs/DP1/PM/NSIDC-0051.001/2009.04.24/nt_20090424_f17_v1.1_n.bin']
North,2009,4,25,14.279,0, ['/ecs/DP1/PM/NSIDC-0051.001/2009.04.25/nt_20090425_f17_v1.1_n.bin']
North,2009,4,26,14.278,0, ['/ecs/DP1/PM/NSIDC-0051.001/2009.04.26/nt_20090426_f17_v1.1_n.bin']
North,2009,4,27,14.185,0, ['/ecs/DP1/PM/NSIDC-0051.001/2009.04.27/nt_20090427_f17_v1.1_n.bin']
North,2009,4,28,14.123,0, ['/ecs/DP1/PM/NSIDC-0051.001/2009.04.28/nt_20090428_f17_v1.1_n.bin']
North,2009,4,29,14.128,0, ['/ecs/DP1/PM/NSIDC-0051.001/2009.04.29/nt_20090429_f17_v1.1_n.bin']
North,2009,4,30,14.081,0, ['/ecs/DP1/PM/NSIDC-0051.001/2009.04.30/nt_20090430_f17_v1.1_n.bin']
North,2009,5,1,13.956,0, ['/ecs/DP1/PM/NSIDC-0051.001/2009.05.01/nt_20090501_f17_v1.1_n.bin']
North,2009,5,2,13.901,0, ['/ecs/DP1/PM/NSIDC-0051.001/2009.05.02/nt_20090502_f17_v1.1_n.bin']
North,2009,5,3,13.857,0, ['/ecs/DP1/PM/NSIDC-0051.001/2009.05.03/nt_20090503_f17_v1.1_n.bin']
North,2009,5,4,13.863,0, ['/ecs/DP1/PM/NSIDC-0051.001/2009.05.04/nt_20090504_f17_v1.1_n.bin']
North,2009,5,5,13.78,0, ['/ecs/DP1/PM/NSIDC-0051.001/2009.05.05/nt_20090505_f17_v1.1_n.bin']
North,2009,5,6,13.763,0, ['/ecs/DP1/PM/NSIDC-0051.001/2009.05.06/nt_20090506_f17_v1.1_n.bin']
North,2009,5,7,13.693,0, ['/ecs/DP1/PM/NSIDC-0051.001/2009.05.07/nt_20090507_f17_v1.1_n.bin']
North,2009,5,8,13.683,0, ['/ecs/DP1/PM/NSIDC-0051.001/2009.05.08/nt_20090508_f17_v1.1_n.bin']
North,2009,5,9,13.616,0, ['/ecs/DP1/PM/NSIDC-0051.001/2009.05.09/nt_20090509_f17_v1.1_n.bin']
North,2009,5,10,13.576,0, ['/ecs/DP1/PM/NSIDC-0051.001/2009.05.10/nt_20090510_f17_v1.1_n.bin']
North,2009,5,11,13.457,0, ['/ecs/DP1/PM/NSIDC-0051.001/2009.05.11/nt_20090511_f17_v1.1_n.bin']
North,2009,5,12,13.406,0, ['/ecs/DP1/PM/NSIDC-0051.001/2009.05.12/nt_20090512_f17_v1.1_n.bin']
North,2009,5,13,13.379,0, ['/ecs/DP1/PM/NSIDC-0051.001/2009.05.13/nt_20090513_f17_v1.1_n.bin']
North,2009,5,14,13.334,0, ['/ecs/DP1/PM/NSIDC-0051.001/2009.05.14/nt_20090514_f17_v1.1_n.bin']
North,2009,5,15,13.288,0, ['/ecs/DP1/PM/NSIDC-0051.001/2009.05.15/nt_20090515_f17_v1.1_n.bin']
North,2009,5,16,13.17,0, ['/ecs/DP1/PM/NSIDC-0051.001/2009.05.16/nt_20090516_f17_v1.1_n.bin']
North,2009,5,17,13.155,0, ['/ecs/DP1/PM/NSIDC-0051.001/2009.05.17/nt_20090517_f17_v1.1_n.bin']
North,2009,5,18,13.061,0, ['/ecs/DP1/PM/NSIDC-0051.001/2009.05.18/nt_20090518_f17_v1.1_n.bin']
North,2009,5,19,12.992,0, ['/ecs/DP1/PM/NSIDC-0051.001/2009.05.19/nt_20090519_f17_v1.1_n.bin']
North,2009,5,20,13,0, ['/ecs/DP1/PM/NSIDC-0051.001/2009.05.20/nt_20090520_f17_v1.1_n.bin']
North,2009,5,21,12.942,0, ['/ecs/DP1/PM/NSIDC-0051.001/2009.05.21/nt_20090521_f17_v1.1_n.bin']
North,2009,5,22,12.906,0, ['/ecs/DP1/PM/NSIDC-0051.001/2009.05.22/nt_20090522_f17_v1.1_n.bin']
North,2009,5,23,12.822,0, ['/ecs/DP1/PM/NSIDC-0051.001/2009.05.23/nt_20090523_f17_v1.1_n.bin']
North,2009,5,24,12.732,0, ['/ecs/DP1/PM/NSIDC-0051.001/2009.05.24/nt_20090524_f17_v1.1_n.bin']
North,2009,5,25,12.637,0, ['/ecs/DP1/PM/NSIDC-0051.001/2009.05.25/nt_20090525_f17_v1.1_n.bin']
North,2009,5,26,12.582,0, ['/ecs/DP1/PM/NSIDC-0051.001/2009.05.26/nt_20090526_f17_v1.1_n.bin']
North,2009,5,27,12.575,0, ['/ecs/DP1/PM/NSIDC-0051.001/2009.05.27/nt_20090527_f17_v1.1_n.bin']
North,2009,5,28,12.541,0, ['/ecs/DP1/PM/NSIDC-0051.001/2009.05.28/nt_20090528_f17_v1.1_n.bin']
North,2009,5,29,12.465,0, ['/ecs/DP1/PM/NSIDC-0051.001/2009.05.29/nt_20090529_f17_v1.1_n.bin']
North,2009,5,30,12.376,0, ['/ecs/DP1/PM/NSIDC-0051.001/2009.05.30/nt_20090530_f17_v1.1_n.bin']
North,2009,5,31,12.28,0, ['/ecs/DP1/PM/NSIDC-0051.001/2009.05.31/nt_20090531_f17_v1.1_n.bin']
North,2009,6,1,12.139,0, ['/ecs/DP1/PM/NSIDC-0051.001/2009.06.01/nt_20090601_f17_v1.1_n.bin']
North,2009,6,2,12.02,0, ['/ecs/DP1/PM/NSIDC-0051.001/2009.06.02/nt_20090602_f17_v1.1_n.bin']
North,2009,6,3,11.922,0, ['/ecs/DP1/PM/NSIDC-0051.001/2009.06.03/nt_20090603_f17_v1.1_n.bin']
North,2009,6,4,11.909,0, ['/ecs/DP1/PM/NSIDC-0051.001/2009.06.04/nt_20090604_f17_v1.1_n.bin']
North,2009,6,5,11.884,0, ['/ecs/DP1/PM/NSIDC-0051.001/2009.06.05/nt_20090605_f17_v1.1_n.bin']
North,2009,6,6,11.783,0, ['/ecs/DP1/PM/NSIDC-0051.001/2009.06.06/nt_20090606_f17_v1.1_n.bin']
North,2009,6,7,11.74,0, ['/ecs/DP1/PM/NSIDC-0051.001/2009.06.07/nt_20090607_f17_v1.1_n.bin']
North,2009,6,8,11.676,0, ['/ecs/DP1/PM/NSIDC-0051.001/2009.06.08/nt_20090608_f17_v1.1_n.bin']
North,2009,6,9,11.632,0, ['/ecs/DP1/PM/NSIDC-0051.001/2009.06.09/nt_20090609_f17_v1.1_n.bin']
North,2009,6,10,11.629,0, ['/ecs/DP1/PM/NSIDC-0051.001/2009.06.10/nt_20090610_f17_v1.1_n.bin']
North,2009,6,11,11.657,0, ['/ecs/DP1/PM/NSIDC-0051.001/2009.06.11/nt_20090611_f17_v1.1_n.bin']
North,2009,6,12,11.671,0, ['/ecs/DP1/PM/NSIDC-0051.001/2009.06.12/nt_20090612_f17_v1.1_n.bin']
North,2009,6,13,11.624,0, ['/ecs/DP1/PM/NSIDC-0051.001/2009.06.13/nt_20090613_f17_v1.1_n.bin']
North,2009,6,14,11.554,0, ['/ecs/DP1/PM/NSIDC-0051.001/2009.06.14/nt_20090614_f17_v1.1_n.bin']
North,2009,6,15,11.497,0, ['/ecs/DP1/PM/NSIDC-0051.001/2009.06.15/nt_20090615_f17_v1.1_n.bin']
North,2009,6,16,11.385,0, ['/ecs/DP1/PM/NSIDC-0051.001/2009.06.16/nt_20090616_f17_v1.1_n.bin']
North,2009,6,17,11.293,0, ['/ecs/DP1/PM/NSIDC-0051.001/2009.06.17/nt_20090617_f17_v1.1_n.bin']
North,2009,6,18,11.285,0, ['/ecs/DP1/PM/NSIDC-0051.001/2009.06.18/nt_20090618_f17_v1.1_n.bin']
North,2009,6,19,11.188,0, ['/ecs/DP1/PM/NSIDC-0051.001/2009.06.19/nt_20090619_f17_v1.1_n.bin']
North,2009,6,20,11.169,0, ['/ecs/DP1/PM/NSIDC-0051.001/2009.06.20/nt_20090620_f17_v1.1_n.bin']
North,2009,6,21,11.096,0, ['/ecs/DP1/PM/NSIDC-0051.001/2009.06.21/nt_20090621_f17_v1.1_n.bin']
North,2009,6,22,11.064,0, ['/ecs/DP1/PM/NSIDC-0051.001/2009.06.22/nt_20090622_f17_v1.1_n.bin']
North,2009,6,23,10.882,0, ['/ecs/DP1/PM/NSIDC-0051.001/2009.06.23/nt_20090623_f17_v1.1_n.bin']
North,2009,6,24,10.769,0, ['/ecs/DP1/PM/NSIDC-0051.001/2009.06.24/nt_20090624_f17_v1.1_n.bin']
North,2009,6,25,10.717,0, ['/ecs/DP1/PM/NSIDC-0051.001/2009.06.25/nt_20090625_f17_v1.1_n.bin']
North,2009,6,26,10.633,0, ['/ecs/DP1/PM/NSIDC-0051.001/2009.06.26/nt_20090626_f17_v1.1_n.bin']
North,2009,6,27,10.626,0, ['/ecs/DP1/PM/NSIDC-0051.001/2009.06.27/nt_20090627_f17_v1.1_n.bin']
North,2009,6,28,10.437,0, ['/ecs/DP1/PM/NSIDC-0051.001/2009.06.28/nt_20090628_f17_v1.1_n.bin']
North,2009,6,29,10.334,0, ['/ecs/DP1/PM/NSIDC-0051.001/2009.06.29/nt_20090629_f17_v1.1_n.bin']
North,2009,6,30,10.393,0, ['/ecs/DP1/PM/NSIDC-0051.001/2009.06.30/nt_20090630_f17_v1.1_n.bin']
North,2009,7,1,10.054,0, ['/ecs/DP1/PM/NSIDC-0051.001/2009.07.01/nt_20090701_f17_v1.1_n.bin']
North,2009,7,2,9.929,0, ['/ecs/DP1/PM/NSIDC-0051.001/2009.07.02/nt_20090702_f17_v1.1_n.bin']
North,2009,7,3,9.858,0, ['/ecs/DP1/PM/NSIDC-0051.001/2009.07.03/nt_20090703_f17_v1.1_n.bin']
North,2009,7,4,9.695,0, ['/ecs/DP1/PM/NSIDC-0051.001/2009.07.04/nt_20090704_f17_v1.1_n.bin']
North,2009,7,5,9.643,0, ['/ecs/DP1/PM/NSIDC-0051.001/2009.07.05/nt_20090705_f17_v1.1_n.bin']
North,2009,7,6,9.504,0, ['/ecs/DP1/PM/NSIDC-0051.001/2009.07.06/nt_20090706_f17_v1.1_n.bin']
North,2009,7,7,9.386,0, ['/ecs/DP1/PM/NSIDC-0051.001/2009.07.07/nt_20090707_f17_v1.1_n.bin']
North,2009,7,8,9.292,0, ['/ecs/DP1/PM/NSIDC-0051.001/2009.07.08/nt_20090708_f17_v1.1_n.bin']
North,2009,7,9,9.18,0, ['/ecs/DP1/PM/NSIDC-0051.001/2009.07.09/nt_20090709_f17_v1.1_n.bin']
North,2009,7,10,9.03,0, ['/ecs/DP1/PM/NSIDC-0051.001/2009.07.10/nt_20090710_f17_v1.1_n.bin']
North,2009,7,11,9.001,0, ['/ecs/DP1/PM/NSIDC-0051.001/2009.07.11/nt_20090711_f17_v1.1_n.bin']
North,2009,7,12,8.989,0, ['/ecs/DP1/PM/NSIDC-0051.001/2009.07.12/nt_20090712_f17_v1.1_n.bin']
North,2009,7,13,8.801,0, ['/ecs/DP1/PM/NSIDC-0051.001/2009.07.13/nt_20090713_f17_v1.1_n.bin']
North,2009,7,14,8.701,0, ['/ecs/DP1/PM/NSIDC-0051.001/2009.07.14/nt_20090714_f17_v1.1_n.bin']
North,2009,7,15,8.573,0, ['/ecs/DP1/PM/NSIDC-0051.001/2009.07.15/nt_20090715_f17_v1.1_n.bin']
North,2009,7,16,8.512,0, ['/ecs/DP1/PM/NSIDC-0051.001/2009.07.16/nt_20090716_f17_v1.1_n.bin']
North,2009,7,17,8.416,0, ['/ecs/DP1/PM/NSIDC-0051.001/2009.07.17/nt_20090717_f17_v1.1_n.bin']
North,2009,7,18,8.374,0, ['/ecs/DP1/PM/NSIDC-0051.001/2009.07.18/nt_20090718_f17_v1.1_n.bin']
North,2009,7,19,8.235,0, ['/ecs/DP1/PM/NSIDC-0051.001/2009.07.19/nt_20090719_f17_v1.1_n.bin']
North,2009,7,20,8.123,0, ['/ecs/DP1/PM/NSIDC-0051.001/2009.07.20/nt_20090720_f17_v1.1_n.bin']
North,2009,7,21,7.952,0, ['/ecs/DP1/PM/NSIDC-0051.001/2009.07.21/nt_20090721_f17_v1.1_n.bin']
North,2009,7,22,7.76,0, ['/ecs/DP1/PM/NSIDC-0051.001/2009.07.22/nt_20090722_f17_v1.1_n.bin']
North,2009,7,23,7.694,0, ['/ecs/DP1/PM/NSIDC-0051.001/2009.07.23/nt_20090723_f17_v1.1_n.bin']
North,2009,7,24,7.548,0, ['/ecs/DP1/PM/NSIDC-0051.001/2009.07.24/nt_20090724_f17_v1.1_n.bin']
North,2009,7,25,7.422,0, ['/ecs/DP1/PM/NSIDC-0051.001/2009.07.25/nt_20090725_f17_v1.1_n.bin']
North,2009,7,26,7.337,0, ['/ecs/DP1/PM/NSIDC-0051.001/2009.07.26/nt_20090726_f17_v1.1_n.bin']
North,2009,7,27,7.227,0, ['/ecs/DP1/PM/NSIDC-0051.001/2009.07.27/nt_20090727_f17_v1.1_n.bin']
North,2009,7,28,7.107,0, ['/ecs/DP1/PM/NSIDC-0051.001/2009.07.28/nt_20090728_f17_v1.1_n.bin']
North,2009,7,29,7.067,0, ['/ecs/DP1/PM/NSIDC-0051.001/2009.07.29/nt_20090729_f17_v1.1_n.bin']
North,2009,7,30,7.001,0, ['/ecs/DP1/PM/NSIDC-0051.001/2009.07.30/nt_20090730_f17_v1.1_n.bin']
North,2009,7,31,7.018,0, ['/ecs/DP1/PM/NSIDC-0051.001/2009.07.31/nt_20090731_f17_v1.1_n.bin']
North,2009,8,1,6.994,0, ['/ecs/DP1/PM/NSIDC-0051.001/2009.08.01/nt_20090801_f17_v1.1_n.bin']
North,2009,8,2,6.936,0, ['/ecs/DP1/PM/NSIDC-0051.001/2009.08.02/nt_20090802_f17_v1.1_n.bin']
North,2009,8,3,6.905,0, ['/ecs/DP1/PM/NSIDC-0051.001/2009.08.03/nt_20090803_f17_v1.1_n.bin']
North,2009,8,4,6.839,0, ['/ecs/DP1/PM/NSIDC-0051.001/2009.08.04/nt_20090804_f17_v1.1_n.bin']
North,2009,8,5,6.805,0, ['/ecs/DP1/PM/NSIDC-0051.001/2009.08.05/nt_20090805_f17_v1.1_n.bin']
North,2009,8,6,6.776,0, ['/ecs/DP1/PM/NSIDC-0051.001/2009.08.06/nt_20090806_f17_v1.1_n.bin']
North,2009,8,7,6.719,0, ['/ecs/DP1/PM/NSIDC-0051.001/2009.08.07/nt_20090807_f17_v1.1_n.bin']
North,2009,8,8,6.703,0, ['/ecs/DP1/PM/NSIDC-0051.001/2009.08.08/nt_20090808_f17_v1.1_n.bin']
North,2009,8,9,6.574,0, ['/ecs/DP1/PM/NSIDC-0051.001/2009.08.09/nt_20090809_f17_v1.1_n.bin']
North,2009,8,10,6.51,0, ['/ecs/DP1/PM/NSIDC-0051.001/2009.08.10/nt_20090810_f17_v1.1_n.bin']
North,2009,8,11,6.493,0, ['/ecs/DP1/PM/NSIDC-0051.001/2009.08.11/nt_20090811_f17_v1.1_n.bin']
North,2009,8,12,6.442,0, ['/ecs/DP1/PM/NSIDC-0051.001/2009.08.12/nt_20090812_f17_v1.1_n.bin']
North,2009,8,13,6.377,0, ['/ecs/DP1/PM/NSIDC-0051.001/2009.08.13/nt_20090813_f17_v1.1_n.bin']
North,2009,8,14,6.234,0, ['/ecs/DP1/PM/NSIDC-0051.001/2009.08.14/nt_20090814_f17_v1.1_n.bin']
North,2009,8,15,6.192,0, ['/ecs/DP1/PM/NSIDC-0051.001/2009.08.15/nt_20090815_f17_v1.1_n.bin']
North,2009,8,16,6.143,0, ['/ecs/DP1/PM/NSIDC-0051.001/2009.08.16/nt_20090816_f17_v1.1_n.bin']
North,2009,8,17,6.077,0, ['/ecs/DP1/PM/NSIDC-0051.001/2009.08.17/nt_20090817_f17_v1.1_n.bin']
North,2009,8,18,6.002,0, ['/ecs/DP1/PM/NSIDC-0051.001/2009.08.18/nt_20090818_f17_v1.1_n.bin']
North,2009,8,19,5.869,0, ['/ecs/DP1/PM/NSIDC-0051.001/2009.08.19/nt_20090819_f17_v1.1_n.bin']
North,2009,8,20,5.815,0, ['/ecs/DP1/PM/NSIDC-0051.001/2009.08.20/nt_20090820_f17_v1.1_n.bin']
North,2009,8,21,5.783,0, ['/ecs/DP1/PM/NSIDC-0051.001/2009.08.21/nt_20090821_f17_v1.1_n.bin']
North,2009,8,22,5.714,0, ['/ecs/DP1/PM/NSIDC-0051.001/2009.08.22/nt_20090822_f17_v1.1_n.bin']
North,2009,8,23,5.622,0, ['/ecs/DP1/PM/NSIDC-0051.001/2009.08.23/nt_20090823_f17_v1.1_n.bin']
North,2009,8,24,5.568,0, ['/ecs/DP1/PM/NSIDC-0051.001/2009.08.24/nt_20090824_f17_v1.1_n.bin']
North,2009,8,25,5.584,0, ['/ecs/DP1/PM/NSIDC-0051.001/2009.08.25/nt_20090825_f17_v1.1_n.bin']
North,2009,8,26,5.518,0, ['/ecs/DP1/PM/NSIDC-0051.001/2009.08.26/nt_20090826_f17_v1.1_n.bin']
North,2009,8,27,5.46,0, ['/ecs/DP1/PM/NSIDC-0051.001/2009.08.27/nt_20090827_f17_v1.1_n.bin']
North,2009,8,28,5.47,0, ['/ecs/DP1/PM/NSIDC-0051.001/2009.08.28/nt_20090828_f17_v1.1_n.bin']
North,2009,8,29,5.419,0, ['/ecs/DP1/PM/NSIDC-0051.001/2009.08.29/nt_20090829_f17_v1.1_n.bin']
North,2009,8,30,5.318,0, ['/ecs/DP1/PM/NSIDC-0051.001/2009.08.30/nt_20090830_f17_v1.1_n.bin']
North,2009,8,31,5.347,0, ['/ecs/DP1/PM/NSIDC-0051.001/2009.08.31/nt_20090831_f17_v1.1_n.bin']
North,2009,9,1,5.355,0, ['/ecs/DP1/PM/NSIDC-0051.001/2009.09.01/nt_20090901_f17_v1.1_n.bin']
North,2009,9,2,5.257,0, ['/ecs/DP1/PM/NSIDC-0051.001/2009.09.02/nt_20090902_f17_v1.1_n.bin']
North,2009,9,3,5.26,0, ['/ecs/DP1/PM/NSIDC-0051.001/2009.09.03/nt_20090903_f17_v1.1_n.bin']
North,2009,9,4,5.193,0, ['/ecs/DP1/PM/NSIDC-0051.001/2009.09.04/nt_20090904_f17_v1.1_n.bin']
North,2009,9,5,5.269,0, ['/ecs/DP1/PM/NSIDC-0051.001/2009.09.05/nt_20090905_f17_v1.1_n.bin']
North,2009,9,6,5.175,0, ['/ecs/DP1/PM/NSIDC-0051.001/2009.09.06/nt_20090906_f17_v1.1_n.bin']
North,2009,9,7,5.214,0, ['/ecs/DP1/PM/NSIDC-0051.001/2009.09.07/nt_20090907_f17_v1.1_n.bin']
North,2009,9,8,5.132,0, ['/ecs/DP1/PM/NSIDC-0051.001/2009.09.08/nt_20090908_f17_v1.1_n.bin']
North,2009,9,9,5.165,0, ['/ecs/DP1/PM/NSIDC-0051.001/2009.09.09/nt_20090909_f17_v1.1_n.bin']
North,2009,9,10,5.17,0, ['/ecs/DP1/PM/NSIDC-0051.001/2009.09.10/nt_20090910_f17_v1.1_n.bin']
North,2009,9,11,5.113,0, ['/ecs/DP1/PM/NSIDC-0051.001/2009.09.11/nt_20090911_f17_v1.1_n.bin']
North,2009,9,12,5.047,0, ['/ecs/DP1/PM/NSIDC-0051.001/2009.09.12/nt_20090912_f17_v1.1_n.bin']
North,2009,9,13,5.103,0, ['/ecs/DP1/PM/NSIDC-0051.001/2009.09.13/nt_20090913_f17_v1.1_n.bin']
North,2009,9,14,5.198,0, ['/ecs/DP1/PM/NSIDC-0051.001/2009.09.14/nt_20090914_f17_v1.1_n.bin']
North,2009,9,15,5.213,0, ['/ecs/DP1/PM/NSIDC-0051.001/2009.09.15/nt_20090915_f17_v1.1_n.bin']
North,2009,9,16,5.175,0, ['/ecs/DP1/PM/NSIDC-0051.001/2009.09.16/nt_20090916_f17_v1.1_n.bin']
North,2009,9,17,5.196,0, ['/ecs/DP1/PM/NSIDC-0051.001/2009.09.17/nt_20090917_f17_v1.1_n.bin']
North,2009,9,18,5.211,0, ['/ecs/DP1/PM/NSIDC-0051.001/2009.09.18/nt_20090918_f17_v1.1_n.bin']
North,2009,9,19,5.195,0, ['/ecs/DP1/PM/NSIDC-0051.001/2009.09.19/nt_20090919_f17_v1.1_n.bin']
North,2009,9,20,5.24,0, ['/ecs/DP1/PM/NSIDC-0051.001/2009.09.20/nt_20090920_f17_v1.1_n.bin']
North,2009,9,21,5.276,0, ['/ecs/DP1/PM/NSIDC-0051.001/2009.09.21/nt_20090921_f17_v1.1_n.bin']
North,2009,9,22,5.341,0, ['/ecs/DP1/PM/NSIDC-0051.001/2009.09.22/nt_20090922_f17_v1.1_n.bin']
North,2009,9,23,5.349,0, ['/ecs/DP1/PM/NSIDC-0051.001/2009.09.23/nt_20090923_f17_v1.1_n.bin']
North,2009,9,24,5.32,0, ['/ecs/DP1/PM/NSIDC-0051.001/2009.09.24/nt_20090924_f17_v1.1_n.bin']
North,2009,9,25,5.377,0, ['/ecs/DP1/PM/NSIDC-0051.001/2009.09.25/nt_20090925_f17_v1.1_n.bin']
North,2009,9,26,5.383,0, ['/ecs/DP1/PM/NSIDC-0051.001/2009.09.26/nt_20090926_f17_v1.1_n.bin']
North,2009,9,27,5.444,0, ['/ecs/DP1/PM/NSIDC-0051.001/2009.09.27/nt_20090927_f17_v1.1_n.bin']
North,2009,9,28,5.456,0, ['/ecs/DP1/PM/NSIDC-0051.001/2009.09.28/nt_20090928_f17_v1.1_n.bin']
North,2009,9,29,5.473,0, ['/ecs/DP1/PM/NSIDC-0051.001/2009.09.29/nt_20090929_f17_v1.1_n.bin']
North,2009,9,30,5.549,0, ['/ecs/DP1/PM/NSIDC-0051.001/2009.09.30/nt_20090930_f17_v1.1_n.bin']
North,2009,10,1,5.682,0, ['/ecs/DP1/PM/NSIDC-0051.001/2009.10.01/nt_20091001_f17_v1.1_n.bin']
North,2009,10,2,5.774,0, ['/ecs/DP1/PM/NSIDC-0051.001/2009.10.02/nt_20091002_f17_v1.1_n.bin']
North,2009,10,3,5.769,0, ['/ecs/DP1/PM/NSIDC-0051.001/2009.10.03/nt_20091003_f17_v1.1_n.bin']
North,2009,10,4,5.798,0, ['/ecs/DP1/PM/NSIDC-0051.001/2009.10.04/nt_20091004_f17_v1.1_n.bin']
North,2009,10,5,5.852,0, ['/ecs/DP1/PM/NSIDC-0051.001/2009.10.05/nt_20091005_f17_v1.1_n.bin']
North,2009,10,6,5.846,0, ['/ecs/DP1/PM/NSIDC-0051.001/2009.10.06/nt_20091006_f17_v1.1_n.bin']
North,2009,10,7,5.878,0, ['/ecs/DP1/PM/NSIDC-0051.001/2009.10.07/nt_20091007_f17_v1.1_n.bin']
North,2009,10,8,5.915,0, ['/ecs/DP1/PM/NSIDC-0051.001/2009.10.08/nt_20091008_f17_v1.1_n.bin']
North,2009,10,9,5.962,0, ['/ecs/DP1/PM/NSIDC-0051.001/2009.10.09/nt_20091009_f17_v1.1_n.bin']
North,2009,10,10,6.219,0, ['/ecs/DP1/PM/NSIDC-0051.001/2009.10.10/nt_20091010_f17_v1.1_n.bin']
North,2009,10,11,6.432,0, ['/ecs/DP1/PM/NSIDC-0051.001/2009.10.11/nt_20091011_f17_v1.1_n.bin']
North,2009,10,12,6.526,0, ['/ecs/DP1/PM/NSIDC-0051.001/2009.10.12/nt_20091012_f17_v1.1_n.bin']
North,2009,10,13,6.522,0, ['/ecs/DP1/PM/NSIDC-0051.001/2009.10.13/nt_20091013_f17_v1.1_n.bin']
North,2009,10,14,6.665,0, ['/ecs/DP1/PM/NSIDC-0051.001/2009.10.14/nt_20091014_f17_v1.1_n.bin']
North,2009,10,15,6.838,0, ['/ecs/DP1/PM/NSIDC-0051.001/2009.10.15/nt_20091015_f17_v1.1_n.bin']
North,2009,10,16,6.856,0, ['/ecs/DP1/PM/NSIDC-0051.001/2009.10.16/nt_20091016_f17_v1.1_n.bin']
North,2009,10,17,6.942,0, ['/ecs/DP1/PM/NSIDC-0051.001/2009.10.17/nt_20091017_f17_v1.1_n.bin']
North,2009,10,18,7.073,0, ['/ecs/DP1/PM/NSIDC-0051.001/2009.10.18/nt_20091018_f17_v1.1_n.bin']
North,2009,10,19,7.196,0, ['/ecs/DP1/PM/NSIDC-0051.001/2009.10.19/nt_20091019_f17_v1.1_n.bin']
North,2009,10,20,7.307,0, ['/ecs/DP1/PM/NSIDC-0051.001/2009.10.20/nt_20091020_f17_v1.1_n.bin']
North,2009,10,21,7.385,0, ['/ecs/DP1/PM/NSIDC-0051.001/2009.10.21/nt_20091021_f17_v1.1_n.bin']
North,2009,10,22,7.529,0, ['/ecs/DP1/PM/NSIDC-0051.001/2009.10.22/nt_20091022_f17_v1.1_n.bin']
North,2009,10,23,7.608,0, ['/ecs/DP1/PM/NSIDC-0051.001/2009.10.23/nt_20091023_f17_v1.1_n.bin']
North,2009,10,24,7.665,0, ['/ecs/DP1/PM/NSIDC-0051.001/2009.10.24/nt_20091024_f17_v1.1_n.bin']
North,2009,10,25,7.646,0, ['/ecs/DP1/PM/NSIDC-0051.001/2009.10.25/nt_20091025_f17_v1.1_n.bin']
North,2009,10,26,7.822,0, ['/ecs/DP1/PM/NSIDC-0051.001/2009.10.26/nt_20091026_f17_v1.1_n.bin']
North,2009,10,27,8.02,0, ['/ecs/DP1/PM/NSIDC-0051.001/2009.10.27/nt_20091027_f17_v1.1_n.bin']
North,2009,10,28,8.189,0, ['/ecs/DP1/PM/NSIDC-0051.001/2009.10.28/nt_20091028_f17_v1.1_n.bin']
North,2009,10,29,8.386,0, ['/ecs/DP1/PM/NSIDC-0051.001/2009.10.29/nt_20091029_f17_v1.1_n.bin']
North,2009,10,30,8.543,0, ['/ecs/DP1/PM/NSIDC-0051.001/2009.10.30/nt_20091030_f17_v1.1_n.bin']
North,2009,10,31,8.685,0, ['/ecs/DP1/PM/NSIDC-0051.001/2009.10.31/nt_20091031_f17_v1.1_n.bin']
North,2009,11,1,8.723,0, ['/ecs/DP1/PM/NSIDC-0051.001/2009.11.01/nt_20091101_f17_v1.1_n.bin']
North,2009,11,2,8.758,0, ['/ecs/DP1/PM/NSIDC-0051.001/2009.11.02/nt_20091102_f17_v1.1_n.bin']
North,2009,11,3,8.807,0, ['/ecs/DP1/PM/NSIDC-0051.001/2009.11.03/nt_20091103_f17_v1.1_n.bin']
North,2009,11,4,8.824,0, ['/ecs/DP1/PM/NSIDC-0051.001/2009.11.04/nt_20091104_f17_v1.1_n.bin']
North,2009,11,5,8.882,0, ['/ecs/DP1/PM/NSIDC-0051.001/2009.11.05/nt_20091105_f17_v1.1_n.bin']
North,2009,11,6,9.012,0, ['/ecs/DP1/PM/NSIDC-0051.001/2009.11.06/nt_20091106_f17_v1.1_n.bin']
North,2009,11,7,9.086,0, ['/ecs/DP1/PM/NSIDC-0051.001/2009.11.07/nt_20091107_f17_v1.1_n.bin']
North,2009,11,8,9.07,0, ['/ecs/DP1/PM/NSIDC-0051.001/2009.11.08/nt_20091108_f17_v1.1_n.bin']
North,2009,11,9,9.187,0, ['/ecs/DP1/PM/NSIDC-0051.001/2009.11.09/nt_20091109_f17_v1.1_n.bin']
North,2009,11,10,9.249,0, ['/ecs/DP1/PM/NSIDC-0051.001/2009.11.10/nt_20091110_f17_v1.1_n.bin']
North,2009,11,11,9.318,0, ['/ecs/DP1/PM/NSIDC-0051.001/2009.11.11/nt_20091111_f17_v1.1_n.bin']
North,2009,11,12,9.283,0, ['/ecs/DP1/PM/NSIDC-0051.001/2009.11.12/nt_20091112_f17_v1.1_n.bin']
North,2009,11,13,9.324,0, ['/ecs/DP1/PM/NSIDC-0051.001/2009.11.13/nt_20091113_f17_v1.1_n.bin']
North,2009,11,14,9.465,0, ['/ecs/DP1/PM/NSIDC-0051.001/2009.11.14/nt_20091114_f17_v1.1_n.bin']
North,2009,11,15,9.714,0, ['/ecs/DP1/PM/NSIDC-0051.001/2009.11.15/nt_20091115_f17_v1.1_n.bin']
North,2009,11,16,9.835,0, ['/ecs/DP1/PM/NSIDC-0051.001/2009.11.16/nt_20091116_f17_v1.1_n.bin']
North,2009,11,17,9.919,0, ['/ecs/DP1/PM/NSIDC-0051.001/2009.11.17/nt_20091117_f17_v1.1_n.bin']
North,2009,11,18,10.001,0, ['/ecs/DP1/PM/NSIDC-0051.001/2009.11.18/nt_20091118_f17_v1.1_n.bin']
North,2009,11,19,10.09,0, ['/ecs/DP1/PM/NSIDC-0051.001/2009.11.19/nt_20091119_f17_v1.1_n.bin']
North,2009,11,20,10.141,0, ['/ecs/DP1/PM/NSIDC-0051.001/2009.11.20/nt_20091120_f17_v1.1_n.bin']
North,2009,11,21,10.207,0, ['/ecs/DP1/PM/NSIDC-0051.001/2009.11.21/nt_20091121_f17_v1.1_n.bin']
North,2009,11,22,10.332,0, ['/ecs/DP1/PM/NSIDC-0051.001/2009.11.22/nt_20091122_f17_v1.1_n.bin']
North,2009,11,23,10.465,0, ['/ecs/DP1/PM/NSIDC-0051.001/2009.11.23/nt_20091123_f17_v1.1_n.bin']
North,2009,11,24,10.575,0, ['/ecs/DP1/PM/NSIDC-0051.001/2009.11.24/nt_20091124_f17_v1.1_n.bin']
North,2009,11,25,10.66,0, ['/ecs/DP1/PM/NSIDC-0051.001/2009.11.25/nt_20091125_f17_v1.1_n.bin']
North,2009,11,26,10.774,0, ['/ecs/DP1/PM/NSIDC-0051.001/2009.11.26/nt_20091126_f17_v1.1_n.bin']
North,2009,11,27,10.804,0, ['/ecs/DP1/PM/NSIDC-0051.001/2009.11.27/nt_20091127_f17_v1.1_n.bin']
North,2009,11,28,10.858,0, ['/ecs/DP1/PM/NSIDC-0051.001/2009.11.28/nt_20091128_f17_v1.1_n.bin']
North,2009,11,29,10.86,0, ['/ecs/DP1/PM/NSIDC-0051.001/2009.11.29/nt_20091129_f17_v1.1_n.bin']
North,2009,11,30,10.929,0, ['/ecs/DP1/PM/NSIDC-0051.001/2009.11.30/nt_20091130_f17_v1.1_n.bin']
North,2009,12,1,11.13,0, ['/ecs/DP1/PM/NSIDC-0051.001/2009.12.01/nt_20091201_f17_v1.1_n.bin']
North,2009,12,2,11.256,0, ['/ecs/DP1/PM/NSIDC-0051.001/2009.12.02/nt_20091202_f17_v1.1_n.bin']
North,2009,12,3,11.318,0, ['/ecs/DP1/PM/NSIDC-0051.001/2009.12.03/nt_20091203_f17_v1.1_n.bin']
North,2009,12,4,11.416,0, ['/ecs/DP1/PM/NSIDC-0051.001/2009.12.04/nt_20091204_f17_v1.1_n.bin']
North,2009,12,5,11.631,0, ['/ecs/DP1/PM/NSIDC-0051.001/2009.12.05/nt_20091205_f17_v1.1_n.bin']
North,2009,12,6,11.529,0, ['/ecs/DP1/PM/NSIDC-0051.001/2009.12.06/nt_20091206_f17_v1.1_n.bin']
North,2009,12,7,11.585,0, ['/ecs/DP1/PM/NSIDC-0051.001/2009.12.07/nt_20091207_f17_v1.1_n.bin']
North,2009,12,8,11.56,0, ['/ecs/DP1/PM/NSIDC-0051.001/2009.12.08/nt_20091208_f17_v1.1_n.bin']
North,2009,12,9,11.592,0, ['/ecs/DP1/PM/NSIDC-0051.001/2009.12.09/nt_20091209_f17_v1.1_n.bin']
North,2009,12,10,11.681,0, ['/ecs/DP1/PM/NSIDC-0051.001/2009.12.10/nt_20091210_f17_v1.1_n.bin']
North,2009,12,11,11.695,0, ['/ecs/DP1/PM/NSIDC-0051.001/2009.12.11/nt_20091211_f17_v1.1_n.bin']
North,2009,12,12,11.842,0, ['/ecs/DP1/PM/NSIDC-0051.001/2009.12.12/nt_20091212_f17_v1.1_n.bin']
North,2009,12,13,11.957,0, ['/ecs/DP1/PM/NSIDC-0051.001/2009.12.13/nt_20091213_f17_v1.1_n.bin']
North,2009,12,14,12.121,0, ['/ecs/DP1/PM/NSIDC-0051.001/2009.12.14/nt_20091214_f17_v1.1_n.bin']
North,2009,12,15,12.215,0, ['/ecs/DP1/PM/NSIDC-0051.001/2009.12.15/nt_20091215_f17_v1.1_n.bin']
North,2009,12,16,12.344,0, ['/ecs/DP1/PM/NSIDC-0051.001/2009.12.16/nt_20091216_f17_v1.1_n.bin']
North,2009,12,17,12.433,0, ['/ecs/DP1/PM/NSIDC-0051.001/2009.12.17/nt_20091217_f17_v1.1_n.bin']
North,2009,12,18,12.504,0, ['/ecs/DP1/PM/NSIDC-0051.001/2009.12.18/nt_20091218_f17_v1.1_n.bin']
North,2009,12,19,12.488,0, ['/ecs/DP1/PM/NSIDC-0051.001/2009.12.19/nt_20091219_f17_v1.1_n.bin']
North,2009,12,20,12.527,0, ['/ecs/DP1/PM/NSIDC-0051.001/2009.12.20/nt_20091220_f17_v1.1_n.bin']
North,2009,12,21,12.617,0, ['/ecs/DP1/PM/NSIDC-0051.001/2009.12.21/nt_20091221_f17_v1.1_n.bin']
North,2009,12,22,12.64,0, ['/ecs/DP1/PM/NSIDC-0051.001/2009.12.22/nt_20091222_f17_v1.1_n.bin']
North,2009,12,23,12.639,0, ['/ecs/DP1/PM/NSIDC-0051.001/2009.12.23/nt_20091223_f17_v1.1_n.bin']
North,2009,12,24,12.688,0, ['/ecs/DP1/PM/NSIDC-0051.001/2009.12.24/nt_20091224_f17_v1.1_n.bin']
North,2009,12,25,12.744,0, ['/ecs/DP1/PM/NSIDC-0051.001/2009.12.25/nt_20091225_f17_v1.1_n.bin']
North,2009,12,26,12.87,0, ['/ecs/DP1/PM/NSIDC-0051.001/2009.12.26/nt_20091226_f17_v1.1_n.bin']
North,2009,12,27,12.868,0, ['/ecs/DP1/PM/NSIDC-0051.001/2009.12.27/nt_20091227_f17_v1.1_n.bin']
North,2009,12,28,13.024,0, ['/ecs/DP1/PM/NSIDC-0051.001/2009.12.28/nt_20091228_f17_v1.1_n.bin']
North,2009,12,29,13.103,0, ['/ecs/DP1/PM/NSIDC-0051.001/2009.12.29/nt_20091229_f17_v1.1_n.bin']
North,2009,12,30,13.118,0, ['/ecs/DP1/PM/NSIDC-0051.001/2009.12.30/nt_20091230_f17_v1.1_n.bin']
North,2009,12,31,13.061,0, ['/ecs/DP1/PM/NSIDC-0051.001/2009.12.31/nt_20091231_f17_v1.1_n.bin']
North,2010,1,1,13.205,0, ['/ecs/DP1/PM/NSIDC-0051.001/2010.01.01/nt_20100101_f17_v1.1_n.bin']
North,2010,1,2,13.232,0, ['/ecs/DP1/PM/NSIDC-0051.001/2010.01.02/nt_20100102_f17_v1.1_n.bin']
North,2010,1,3,13.254,0, ['/ecs/DP1/PM/NSIDC-0051.001/2010.01.03/nt_20100103_f17_v1.1_n.bin']
North,2010,1,4,13.236,0, ['/ecs/DP1/PM/NSIDC-0051.001/2010.01.04/nt_20100104_f17_v1.1_n.bin']
North,2010,1,5,13.337,0, ['/ecs/DP1/PM/NSIDC-0051.001/2010.01.05/nt_20100105_f17_v1.1_n.bin']
North,2010,1,6,13.458,0, ['/ecs/DP1/PM/NSIDC-0051.001/2010.01.06/nt_20100106_f17_v1.1_n.bin']
North,2010,1,7,13.499,0, ['/ecs/DP1/PM/NSIDC-0051.001/2010.01.07/nt_20100107_f17_v1.1_n.bin']
North,2010,1,8,13.536,0, ['/ecs/DP1/PM/NSIDC-0051.001/2010.01.08/nt_20100108_f17_v1.1_n.bin']
North,2010,1,9,13.584,0, ['/ecs/DP1/PM/NSIDC-0051.001/2010.01.09/nt_20100109_f17_v1.1_n.bin']
North,2010,1,10,13.603,0, ['/ecs/DP1/PM/NSIDC-0051.001/2010.01.10/nt_20100110_f17_v1.1_n.bin']
North,2010,1,11,13.695,0, ['/ecs/DP1/PM/NSIDC-0051.001/2010.01.11/nt_20100111_f17_v1.1_n.bin']
North,2010,1,12,13.672,0, ['/ecs/DP1/PM/NSIDC-0051.001/2010.01.12/nt_20100112_f17_v1.1_n.bin']
North,2010,1,13,13.728,0, ['/ecs/DP1/PM/NSIDC-0051.001/2010.01.13/nt_20100113_f17_v1.1_n.bin']
North,2010,1,14,13.76,0, ['/ecs/DP1/PM/NSIDC-0051.001/2010.01.14/nt_20100114_f17_v1.1_n.bin']
North,2010,1,15,13.846,0, ['/ecs/DP1/PM/NSIDC-0051.001/2010.01.15/nt_20100115_f17_v1.1_n.bin']
North,2010,1,16,13.82,0, ['/ecs/DP1/PM/NSIDC-0051.001/2010.01.16/nt_20100116_f17_v1.1_n.bin']
North,2010,1,17,13.812,0, ['/ecs/DP1/PM/NSIDC-0051.001/2010.01.17/nt_20100117_f17_v1.1_n.bin']
North,2010,1,18,13.826,0, ['/ecs/DP1/PM/NSIDC-0051.001/2010.01.18/nt_20100118_f17_v1.1_n.bin']
North,2010,1,19,13.881,0, ['/ecs/DP1/PM/NSIDC-0051.001/2010.01.19/nt_20100119_f17_v1.1_n.bin']
North,2010,1,20,13.96,0, ['/ecs/DP1/PM/NSIDC-0051.001/2010.01.20/nt_20100120_f17_v1.1_n.bin']
North,2010,1,21,13.94,0, ['/ecs/DP1/PM/NSIDC-0051.001/2010.01.21/nt_20100121_f17_v1.1_n.bin']
North,2010,1,22,13.889,0, ['/ecs/DP1/PM/NSIDC-0051.001/2010.01.22/nt_20100122_f17_v1.1_n.bin']
North,2010,1,23,13.866,0, ['/ecs/DP1/PM/NSIDC-0051.001/2010.01.23/nt_20100123_f17_v1.1_n.bin']
North,2010,1,24,13.904,0, ['/ecs/DP1/PM/NSIDC-0051.001/2010.01.24/nt_20100124_f17_v1.1_n.bin']
North,2010,1,25,13.991,0, ['/ecs/DP1/PM/NSIDC-0051.001/2010.01.25/nt_20100125_f17_v1.1_n.bin']
North,2010,1,26,14.089,0, ['/ecs/DP1/PM/NSIDC-0051.001/2010.01.26/nt_20100126_f17_v1.1_n.bin']
North,2010,1,27,14.045,0, ['/ecs/DP1/PM/NSIDC-0051.001/2010.01.27/nt_20100127_f17_v1.1_n.bin']
North,2010,1,28,13.949,0, ['/ecs/DP1/PM/NSIDC-0051.001/2010.01.28/nt_20100128_f17_v1.1_n.bin']
North,2010,1,29,14.041,0, ['/ecs/DP1/PM/NSIDC-0051.001/2010.01.29/nt_20100129_f17_v1.1_n.bin']
North,2010,1,30,14.111,0, ['/ecs/DP1/PM/NSIDC-0051.001/2010.01.30/nt_20100130_f17_v1.1_n.bin']
North,2010,1,31,14.142,0, ['/ecs/DP1/PM/NSIDC-0051.001/2010.01.31/nt_20100131_f17_v1.1_n.bin']
North,2010,2,1,14.209,0, ['/ecs/DP1/PM/NSIDC-0051.001/2010.02.01/nt_20100201_f17_v1.1_n.bin']
North,2010,2,2,14.266,0, ['/ecs/DP1/PM/NSIDC-0051.001/2010.02.02/nt_20100202_f17_v1.1_n.bin']
North,2010,2,3,14.255,0, ['/ecs/DP1/PM/NSIDC-0051.001/2010.02.03/nt_20100203_f17_v1.1_n.bin']
North,2010,2,4,14.309,0, ['/ecs/DP1/PM/NSIDC-0051.001/2010.02.04/nt_20100204_f17_v1.1_n.bin']
North,2010,2,5,14.317,0, ['/ecs/DP1/PM/NSIDC-0051.001/2010.02.05/nt_20100205_f17_v1.1_n.bin']
North,2010,2,6,14.319,0, ['/ecs/DP1/PM/NSIDC-0051.001/2010.02.06/nt_20100206_f17_v1.1_n.bin']
North,2010,2,7,14.24,0, ['/ecs/DP1/PM/NSIDC-0051.001/2010.02.07/nt_20100207_f17_v1.1_n.bin']
North,2010,2,8,14.322,0, ['/ecs/DP1/PM/NSIDC-0051.001/2010.02.08/nt_20100208_f17_v1.1_n.bin']
North,2010,2,9,14.441,0, ['/ecs/DP1/PM/NSIDC-0051.001/2010.02.09/nt_20100209_f17_v1.1_n.bin']
North,2010,2,10,14.365,0, ['/ecs/DP1/PM/NSIDC-0051.001/2010.02.10/nt_20100210_f17_v1.1_n.bin']
North,2010,2,11,14.394,0, ['/ecs/DP1/PM/NSIDC-0051.001/2010.02.11/nt_20100211_f17_v1.1_n.bin']
North,2010,2,12,14.515,0, ['/ecs/DP1/PM/NSIDC-0051.001/2010.02.12/nt_20100212_f17_v1.1_n.bin']
North,2010,2,13,14.556,0, ['/ecs/DP1/PM/NSIDC-0051.001/2010.02.13/nt_20100213_f17_v1.1_n.bin']
North,2010,2,14,14.652,0, ['/ecs/DP1/PM/NSIDC-0051.001/2010.02.14/nt_20100214_f17_v1.1_n.bin']
North,2010,2,15,14.685,0, ['/ecs/DP1/PM/NSIDC-0051.001/2010.02.15/nt_20100215_f17_v1.1_n.bin']
North,2010,2,16,14.715,0, ['/ecs/DP1/PM/NSIDC-0051.001/2010.02.16/nt_20100216_f17_v1.1_n.bin']
North,2010,2,17,14.823,0, ['/ecs/DP1/PM/NSIDC-0051.001/2010.02.17/nt_20100217_f17_v1.1_n.bin']
North,2010,2,18,14.853,0, ['/ecs/DP1/PM/NSIDC-0051.001/2010.02.18/nt_20100218_f17_v1.1_n.bin']
North,2010,2,19,14.775,0, ['/ecs/DP1/PM/NSIDC-0051.001/2010.02.19/nt_20100219_f17_v1.1_n.bin']
North,2010,2,20,14.729,0, ['/ecs/DP1/PM/NSIDC-0051.001/2010.02.20/nt_20100220_f17_v1.1_n.bin']
North,2010,2,21,14.733,0, ['/ecs/DP1/PM/NSIDC-0051.001/2010.02.21/nt_20100221_f17_v1.1_n.bin']
North,2010,2,22,14.84,0, ['/ecs/DP1/PM/NSIDC-0051.001/2010.02.22/nt_20100222_f17_v1.1_n.bin']
North,2010,2,23,14.875,0, ['/ecs/DP1/PM/NSIDC-0051.001/2010.02.23/nt_20100223_f17_v1.1_n.bin']
North,2010,2,24,14.812,0, ['/ecs/DP1/PM/NSIDC-0051.001/2010.02.24/nt_20100224_f17_v1.1_n.bin']
North,2010,2,25,14.803,0, ['/ecs/DP1/PM/NSIDC-0051.001/2010.02.25/nt_20100225_f17_v1.1_n.bin']
North,2010,2,26,14.767,0, ['/ecs/DP1/PM/NSIDC-0051.001/2010.02.26/nt_20100226_f17_v1.1_n.bin']
North,2010,2,27,14.789,0, ['/ecs/DP1/PM/NSIDC-0051.001/2010.02.27/nt_20100227_f17_v1.1_n.bin']
North,2010,2,28,14.921,0, ['/ecs/DP1/PM/NSIDC-0051.001/2010.02.28/nt_20100228_f17_v1.1_n.bin']
North,2010,3,1,14.914,0, ['/ecs/DP1/PM/NSIDC-0051.001/2010.03.01/nt_20100301_f17_v1.1_n.bin']
North,2010,3,2,15.019,0, ['/ecs/DP1/PM/NSIDC-0051.001/2010.03.02/nt_20100302_f17_v1.1_n.bin']
North,2010,3,3,15.037,0, ['/ecs/DP1/PM/NSIDC-0051.001/2010.03.03/nt_20100303_f17_v1.1_n.bin']
North,2010,3,4,15.14,0, ['/ecs/DP1/PM/NSIDC-0051.001/2010.03.04/nt_20100304_f17_v1.1_n.bin']
North,2010,3,5,15.233,0, ['/ecs/DP1/PM/NSIDC-0051.001/2010.03.05/nt_20100305_f17_v1.1_n.bin']
North,2010,3,6,15.216,0, ['/ecs/DP1/PM/NSIDC-0051.001/2010.03.06/nt_20100306_f17_v1.1_n.bin']
North,2010,3,7,15.165,0, ['/ecs/DP1/PM/NSIDC-0051.001/2010.03.07/nt_20100307_f17_v1.1_n.bin']
North,2010,3,8,15.148,0, ['/ecs/DP1/PM/NSIDC-0051.001/2010.03.08/nt_20100308_f17_v1.1_n.bin']
North,2010,3,9,15.1,0, ['/ecs/DP1/PM/NSIDC-0051.001/2010.03.09/nt_20100309_f17_v1.1_n.bin']
North,2010,3,10,15.113,0, ['/ecs/DP1/PM/NSIDC-0051.001/2010.03.10/nt_20100310_f17_v1.1_n.bin']
North,2010,3,11,15.072,0, ['/ecs/DP1/PM/NSIDC-0051.001/2010.03.11/nt_20100311_f17_v1.1_n.bin']
North,2010,3,12,15.098,0, ['/ecs/DP1/PM/NSIDC-0051.001/2010.03.12/nt_20100312_f17_v1.1_n.bin']
North,2010,3,13,15.122,0, ['/ecs/DP1/PM/NSIDC-0051.001/2010.03.13/nt_20100313_f17_v1.1_n.bin']
North,2010,3,14,15.104,0, ['/ecs/DP1/PM/NSIDC-0051.001/2010.03.14/nt_20100314_f17_v1.1_n.bin']
North,2010,3,15,15.1,0, ['/ecs/DP1/PM/NSIDC-0051.001/2010.03.15/nt_20100315_f17_v1.1_n.bin']
North,2010,3,16,15.142,0, ['/ecs/DP1/PM/NSIDC-0051.001/2010.03.16/nt_20100316_f17_v1.1_n.bin']
North,2010,3,17,15.173,0, ['/ecs/DP1/PM/NSIDC-0051.001/2010.03.17/nt_20100317_f17_v1.1_n.bin']
North,2010,3,18,15.171,0, ['/ecs/DP1/PM/NSIDC-0051.001/2010.03.18/nt_20100318_f17_v1.1_n.bin']
North,2010,3,19,15.134,0, ['/ecs/DP1/PM/NSIDC-0051.001/2010.03.19/nt_20100319_f17_v1.1_n.bin']
North,2010,3,20,15.122,0, ['/ecs/DP1/PM/NSIDC-0051.001/2010.03.20/nt_20100320_f17_v1.1_n.bin']
North,2010,3,21,15.129,0, ['/ecs/DP1/PM/NSIDC-0051.001/2010.03.21/nt_20100321_f17_v1.1_n.bin']
North,2010,3,22,15.058,0, ['/ecs/DP1/PM/NSIDC-0051.001/2010.03.22/nt_20100322_f17_v1.1_n.bin']
North,2010,3,23,15.052,0, ['/ecs/DP1/PM/NSIDC-0051.001/2010.03.23/nt_20100323_f17_v1.1_n.bin']
North,2010,3,24,15.179,0, ['/ecs/DP1/PM/NSIDC-0051.001/2010.03.24/nt_20100324_f17_v1.1_n.bin']
North,2010,3,25,15.118,0, ['/ecs/DP1/PM/NSIDC-0051.001/2010.03.25/nt_20100325_f17_v1.1_n.bin']
North,2010,3,26,15.174,0, ['/ecs/DP1/PM/NSIDC-0051.001/2010.03.26/nt_20100326_f17_v1.1_n.bin']
North,2010,3,27,15.149,0, ['/ecs/DP1/PM/NSIDC-0051.001/2010.03.27/nt_20100327_f17_v1.1_n.bin']
North,2010,3,28,15.147,0, ['/ecs/DP1/PM/NSIDC-0051.001/2010.03.28/nt_20100328_f17_v1.1_n.bin']
North,2010,3,29,15.248,0, ['/ecs/DP1/PM/NSIDC-0051.001/2010.03.29/nt_20100329_f17_v1.1_n.bin']
North,2010,3,30,15.31,0, ['/ecs/DP1/PM/NSIDC-0051.001/2010.03.30/nt_20100330_f17_v1.1_n.bin']
North,2010,3,31,15.351,0, ['/ecs/DP1/PM/NSIDC-0051.001/2010.03.31/nt_20100331_f17_v1.1_n.bin']
North,2010,4,1,15.279,0, ['/ecs/DP1/PM/NSIDC-0051.001/2010.04.01/nt_20100401_f17_v1.1_n.bin']
North,2010,4,2,15.229,0, ['/ecs/DP1/PM/NSIDC-0051.001/2010.04.02/nt_20100402_f17_v1.1_n.bin']
North,2010,4,3,15.149,0, ['/ecs/DP1/PM/NSIDC-0051.001/2010.04.03/nt_20100403_f17_v1.1_n.bin']
North,2010,4,4,15.122,0, ['/ecs/DP1/PM/NSIDC-0051.001/2010.04.04/nt_20100404_f17_v1.1_n.bin']
North,2010,4,5,15.053,0, ['/ecs/DP1/PM/NSIDC-0051.001/2010.04.05/nt_20100405_f17_v1.1_n.bin']
North,2010,4,6,15.054,0, ['/ecs/DP1/PM/NSIDC-0051.001/2010.04.06/nt_20100406_f17_v1.1_n.bin']
North,2010,4,7,14.995,0, ['/ecs/DP1/PM/NSIDC-0051.001/2010.04.07/nt_20100407_f17_v1.1_n.bin']
North,2010,4,8,14.978,0, ['/ecs/DP1/PM/NSIDC-0051.001/2010.04.08/nt_20100408_f17_v1.1_n.bin']
North,2010,4,9,14.967,0, ['/ecs/DP1/PM/NSIDC-0051.001/2010.04.09/nt_20100409_f17_v1.1_n.bin']
North,2010,4,10,14.882,0, ['/ecs/DP1/PM/NSIDC-0051.001/2010.04.10/nt_20100410_f17_v1.1_n.bin']
North,2010,4,11,14.805,0, ['/ecs/DP1/PM/NSIDC-0051.001/2010.04.11/nt_20100411_f17_v1.1_n.bin']
North,2010,4,12,14.751,0, ['/ecs/DP1/PM/NSIDC-0051.001/2010.04.12/nt_20100412_f17_v1.1_n.bin']
North,2010,4,13,14.704,0, ['/ecs/DP1/PM/NSIDC-0051.001/2010.04.13/nt_20100413_f17_v1.1_n.bin']
North,2010,4,14,14.694,0, ['/ecs/DP1/PM/NSIDC-0051.001/2010.04.14/nt_20100414_f17_v1.1_n.bin']
North,2010,4,15,14.621,0, ['/ecs/DP1/PM/NSIDC-0051.001/2010.04.15/nt_20100415_f17_v1.1_n.bin']
North,2010,4,16,14.589,0, ['/ecs/DP1/PM/NSIDC-0051.001/2010.04.16/nt_20100416_f17_v1.1_n.bin']
North,2010,4,17,14.581,0, ['/ecs/DP1/PM/NSIDC-0051.001/2010.04.17/nt_20100417_f17_v1.1_n.bin']
North,2010,4,18,14.527,0, ['/ecs/DP1/PM/NSIDC-0051.001/2010.04.18/nt_20100418_f17_v1.1_n.bin']
North,2010,4,19,14.499,0, ['/ecs/DP1/PM/NSIDC-0051.001/2010.04.19/nt_20100419_f17_v1.1_n.bin']
North,2010,4,20,14.492,0, ['/ecs/DP1/PM/NSIDC-0051.001/2010.04.20/nt_20100420_f17_v1.1_n.bin']
North,2010,4,21,14.451,0, ['/ecs/DP1/PM/NSIDC-0051.001/2010.04.21/nt_20100421_f17_v1.1_n.bin']
North,2010,4,22,14.443,0, ['/ecs/DP1/PM/NSIDC-0051.001/2010.04.22/nt_20100422_f17_v1.1_n.bin']
North,2010,4,23,14.42,0, ['/ecs/DP1/PM/NSIDC-0051.001/2010.04.23/nt_20100423_f17_v1.1_n.bin']
North,2010,4,24,14.343,0, ['/ecs/DP1/PM/NSIDC-0051.001/2010.04.24/nt_20100424_f17_v1.1_n.bin']
North,2010,4,25,14.261,0, ['/ecs/DP1/PM/NSIDC-0051.001/2010.04.25/nt_20100425_f17_v1.1_n.bin']
North,2010,4,26,14.223,0, ['/ecs/DP1/PM/NSIDC-0051.001/2010.04.26/nt_20100426_f17_v1.1_n.bin']
North,2010,4,27,14.292,0, ['/ecs/DP1/PM/NSIDC-0051.001/2010.04.27/nt_20100427_f17_v1.1_n.bin']
North,2010,4,28,14.177,0, ['/ecs/DP1/PM/NSIDC-0051.001/2010.04.28/nt_20100428_f17_v1.1_n.bin']
North,2010,4,29,14.147,0, ['/ecs/DP1/PM/NSIDC-0051.001/2010.04.29/nt_20100429_f17_v1.1_n.bin']
North,2010,4,30,14.034,0, ['/ecs/DP1/PM/NSIDC-0051.001/2010.04.30/nt_20100430_f17_v1.1_n.bin']
North,2010,5,1,13.88,0, ['/ecs/DP1/PM/NSIDC-0051.001/2010.05.01/nt_20100501_f17_v1.1_n.bin']
North,2010,5,2,13.821,0, ['/ecs/DP1/PM/NSIDC-0051.001/2010.05.02/nt_20100502_f17_v1.1_n.bin']
North,2010,5,3,13.7,0, ['/ecs/DP1/PM/NSIDC-0051.001/2010.05.03/nt_20100503_f17_v1.1_n.bin']
North,2010,5,4,13.641,0, ['/ecs/DP1/PM/NSIDC-0051.001/2010.05.04/nt_20100504_f17_v1.1_n.bin']
North,2010,5,5,13.549,0, ['/ecs/DP1/PM/NSIDC-0051.001/2010.05.05/nt_20100505_f17_v1.1_n.bin']
North,2010,5,6,13.54,0, ['/ecs/DP1/PM/NSIDC-0051.001/2010.05.06/nt_20100506_f17_v1.1_n.bin']
North,2010,5,7,13.47,0, ['/ecs/DP1/PM/NSIDC-0051.001/2010.05.07/nt_20100507_f17_v1.1_n.bin']
North,2010,5,8,13.415,0, ['/ecs/DP1/PM/NSIDC-0051.001/2010.05.08/nt_20100508_f17_v1.1_n.bin']
North,2010,5,9,13.341,0, ['/ecs/DP1/PM/NSIDC-0051.001/2010.05.09/nt_20100509_f17_v1.1_n.bin']
North,2010,5,10,13.224,0, ['/ecs/DP1/PM/NSIDC-0051.001/2010.05.10/nt_20100510_f17_v1.1_n.bin']
North,2010,5,11,13.137,0, ['/ecs/DP1/PM/NSIDC-0051.001/2010.05.11/nt_20100511_f17_v1.1_n.bin']
North,2010,5,12,13.159,0, ['/ecs/DP1/PM/NSIDC-0051.001/2010.05.12/nt_20100512_f17_v1.1_n.bin']
North,2010,5,13,13.099,0, ['/ecs/DP1/PM/NSIDC-0051.001/2010.05.13/nt_20100513_f17_v1.1_n.bin']
North,2010,5,14,13.005,0, ['/ecs/DP1/PM/NSIDC-0051.001/2010.05.14/nt_20100514_f17_v1.1_n.bin']
North,2010,5,15,12.955,0, ['/ecs/DP1/PM/NSIDC-0051.001/2010.05.15/nt_20100515_f17_v1.1_n.bin']
North,2010,5,16,12.864,0, ['/ecs/DP1/PM/NSIDC-0051.001/2010.05.16/nt_20100516_f17_v1.1_n.bin']
North,2010,5,17,12.782,0, ['/ecs/DP1/PM/NSIDC-0051.001/2010.05.17/nt_20100517_f17_v1.1_n.bin']
North,2010,5,18,12.685,0, ['/ecs/DP1/PM/NSIDC-0051.001/2010.05.18/nt_20100518_f17_v1.1_n.bin']
North,2010,5,19,12.64,0, ['/ecs/DP1/PM/NSIDC-0051.001/2010.05.19/nt_20100519_f17_v1.1_n.bin']
North,2010,5,20,12.573,0, ['/ecs/DP1/PM/NSIDC-0051.001/2010.05.20/nt_20100520_f17_v1.1_n.bin']
North,2010,5,21,12.508,0, ['/ecs/DP1/PM/NSIDC-0051.001/2010.05.21/nt_20100521_f17_v1.1_n.bin']
North,2010,5,22,12.455,0, ['/ecs/DP1/PM/NSIDC-0051.001/2010.05.22/nt_20100522_f17_v1.1_n.bin']
North,2010,5,23,12.375,0, ['/ecs/DP1/PM/NSIDC-0051.001/2010.05.23/nt_20100523_f17_v1.1_n.bin']
North,2010,5,24,12.328,0, ['/ecs/DP1/PM/NSIDC-0051.001/2010.05.24/nt_20100524_f17_v1.1_n.bin']
North,2010,5,25,12.294,0, ['/ecs/DP1/PM/NSIDC-0051.001/2010.05.25/nt_20100525_f17_v1.1_n.bin']
North,2010,5,26,12.204,0, ['/ecs/DP1/PM/NSIDC-0051.001/2010.05.26/nt_20100526_f17_v1.1_n.bin']
North,2010,5,27,12.105,0, ['/ecs/DP1/PM/NSIDC-0051.001/2010.05.27/nt_20100527_f17_v1.1_n.bin']
North,2010,5,28,12.115,0, ['/ecs/DP1/PM/NSIDC-0051.001/2010.05.28/nt_20100528_f17_v1.1_n.bin']
North,2010,5,29,12.052,0, ['/ecs/DP1/PM/NSIDC-0051.001/2010.05.29/nt_20100529_f17_v1.1_n.bin']
North,2010,5,30,12.003,0, ['/ecs/DP1/PM/NSIDC-0051.001/2010.05.30/nt_20100530_f17_v1.1_n.bin']
North,2010,5,31,11.93,0, ['/ecs/DP1/PM/NSIDC-0051.001/2010.05.31/nt_20100531_f17_v1.1_n.bin']
North,2010,6,1,11.795,0, ['/ecs/DP1/PM/NSIDC-0051.001/2010.06.01/nt_20100601_f17_v1.1_n.bin']
North,2010,6,2,11.691,0, ['/ecs/DP1/PM/NSIDC-0051.001/2010.06.02/nt_20100602_f17_v1.1_n.bin']
North,2010,6,3,11.634,0, ['/ecs/DP1/PM/NSIDC-0051.001/2010.06.03/nt_20100603_f17_v1.1_n.bin']
North,2010,6,4,11.57,0, ['/ecs/DP1/PM/NSIDC-0051.001/2010.06.04/nt_20100604_f17_v1.1_n.bin']
North,2010,6,5,11.495,0, ['/ecs/DP1/PM/NSIDC-0051.001/2010.06.05/nt_20100605_f17_v1.1_n.bin']
North,2010,6,6,11.407,0, ['/ecs/DP1/PM/NSIDC-0051.001/2010.06.06/nt_20100606_f17_v1.1_n.bin']
North,2010,6,7,11.369,0, ['/ecs/DP1/PM/NSIDC-0051.001/2010.06.07/nt_20100607_f17_v1.1_n.bin']
North,2010,6,8,11.254,0, ['/ecs/DP1/PM/NSIDC-0051.001/2010.06.08/nt_20100608_f17_v1.1_n.bin']
North,2010,6,9,11.162,0, ['/ecs/DP1/PM/NSIDC-0051.001/2010.06.09/nt_20100609_f17_v1.1_n.bin']
North,2010,6,10,11.076,0, ['/ecs/DP1/PM/NSIDC-0051.001/2010.06.10/nt_20100610_f17_v1.1_n.bin']
North,2010,6,11,10.996,0, ['/ecs/DP1/PM/NSIDC-0051.001/2010.06.11/nt_20100611_f17_v1.1_n.bin']
North,2010,6,12,10.906,0, ['/ecs/DP1/PM/NSIDC-0051.001/2010.06.12/nt_20100612_f17_v1.1_n.bin']
North,2010,6,13,10.89,0, ['/ecs/DP1/PM/NSIDC-0051.001/2010.06.13/nt_20100613_f17_v1.1_n.bin']
North,2010,6,14,10.811,0, ['/ecs/DP1/PM/NSIDC-0051.001/2010.06.14/nt_20100614_f17_v1.1_n.bin']
North,2010,6,15,10.748,0, ['/ecs/DP1/PM/NSIDC-0051.001/2010.06.15/nt_20100615_f17_v1.1_n.bin']
North,2010,6,16,10.693,0, ['/ecs/DP1/PM/NSIDC-0051.001/2010.06.16/nt_20100616_f17_v1.1_n.bin']
North,2010,6,17,10.642,0, ['/ecs/DP1/PM/NSIDC-0051.001/2010.06.17/nt_20100617_f17_v1.1_n.bin']
North,2010,6,18,10.399,0, ['/ecs/DP1/PM/NSIDC-0051.001/2010.06.18/nt_20100618_f17_v1.1_n.bin']
North,2010,6,19,10.315,0, ['/ecs/DP1/PM/NSIDC-0051.001/2010.06.19/nt_20100619_f17_v1.1_n.bin']
North,2010,6,20,10.131,0, ['/ecs/DP1/PM/NSIDC-0051.001/2010.06.20/nt_20100620_f17_v1.1_n.bin']
North,2010,6,21,10.104,0, ['/ecs/DP1/PM/NSIDC-0051.001/2010.06.21/nt_20100621_f17_v1.1_n.bin']
North,2010,6,22,10.014,0, ['/ecs/DP1/PM/NSIDC-0051.001/2010.06.22/nt_20100622_f17_v1.1_n.bin']
North,2010,6,23,9.981,0, ['/ecs/DP1/PM/NSIDC-0051.001/2010.06.23/nt_20100623_f17_v1.1_n.bin']
North,2010,6,24,9.814,0, ['/ecs/DP1/PM/NSIDC-0051.001/2010.06.24/nt_20100624_f17_v1.1_n.bin']
North,2010,6,25,9.694,0, ['/ecs/DP1/PM/NSIDC-0051.001/2010.06.25/nt_20100625_f17_v1.1_n.bin']
North,2010,6,26,9.645,0, ['/ecs/DP1/PM/NSIDC-0051.001/2010.06.26/nt_20100626_f17_v1.1_n.bin']
North,2010,6,27,9.501,0, ['/ecs/DP1/PM/NSIDC-0051.001/2010.06.27/nt_20100627_f17_v1.1_n.bin']
North,2010,6,28,9.328,0, ['/ecs/DP1/PM/NSIDC-0051.001/2010.06.28/nt_20100628_f17_v1.1_n.bin']
North,2010,6,29,9.231,0, ['/ecs/DP1/PM/NSIDC-0051.001/2010.06.29/nt_20100629_f17_v1.1_n.bin']
North,2010,6,30,9.257,0, ['/ecs/DP1/PM/NSIDC-0051.001/2010.06.30/nt_20100630_f17_v1.1_n.bin']
North,2010,7,1,9.022,0, ['/ecs/DP1/PM/NSIDC-0051.001/2010.07.01/nt_20100701_f17_v1.1_n.bin']
North,2010,7,2,8.943,0, ['/ecs/DP1/PM/NSIDC-0051.001/2010.07.02/nt_20100702_f17_v1.1_n.bin']
North,2010,7,3,8.987,0, ['/ecs/DP1/PM/NSIDC-0051.001/2010.07.03/nt_20100703_f17_v1.1_n.bin']
North,2010,7,4,8.938,0, ['/ecs/DP1/PM/NSIDC-0051.001/2010.07.04/nt_20100704_f17_v1.1_n.bin']
North,2010,7,5,8.89,0, ['/ecs/DP1/PM/NSIDC-0051.001/2010.07.05/nt_20100705_f17_v1.1_n.bin']
North,2010,7,6,8.774,0, ['/ecs/DP1/PM/NSIDC-0051.001/2010.07.06/nt_20100706_f17_v1.1_n.bin']
North,2010,7,7,8.721,0, ['/ecs/DP1/PM/NSIDC-0051.001/2010.07.07/nt_20100707_f17_v1.1_n.bin']
North,2010,7,8,8.746,0, ['/ecs/DP1/PM/NSIDC-0051.001/2010.07.08/nt_20100708_f17_v1.1_n.bin']
North,2010,7,9,8.669,0, ['/ecs/DP1/PM/NSIDC-0051.001/2010.07.09/nt_20100709_f17_v1.1_n.bin']
North,2010,7,10,8.611,0, ['/ecs/DP1/PM/NSIDC-0051.001/2010.07.10/nt_20100710_f17_v1.1_n.bin']
North,2010,7,11,8.58,0, ['/ecs/DP1/PM/NSIDC-0051.001/2010.07.11/nt_20100711_f17_v1.1_n.bin']
North,2010,7,12,8.509,0, ['/ecs/DP1/PM/NSIDC-0051.001/2010.07.12/nt_20100712_f17_v1.1_n.bin']
North,2010,7,13,8.369,0, ['/ecs/DP1/PM/NSIDC-0051.001/2010.07.13/nt_20100713_f17_v1.1_n.bin']
North,2010,7,14,8.311,0, ['/ecs/DP1/PM/NSIDC-0051.001/2010.07.14/nt_20100714_f17_v1.1_n.bin']
North,2010,7,15,8.253,0, ['/ecs/DP1/PM/NSIDC-0051.001/2010.07.15/nt_20100715_f17_v1.1_n.bin']
North,2010,7,16,8.189,0, ['/ecs/DP1/PM/NSIDC-0051.001/2010.07.16/nt_20100716_f17_v1.1_n.bin']
North,2010,7,17,8.117,0, ['/ecs/DP1/PM/NSIDC-0051.001/2010.07.17/nt_20100717_f17_v1.1_n.bin']
North,2010,7,18,7.959,0, ['/ecs/DP1/PM/NSIDC-0051.001/2010.07.18/nt_20100718_f17_v1.1_n.bin']
North,2010,7,19,7.799,0, ['/ecs/DP1/PM/NSIDC-0051.001/2010.07.19/nt_20100719_f17_v1.1_n.bin']
North,2010,7,20,7.805,0, ['/ecs/DP1/PM/NSIDC-0051.001/2010.07.20/nt_20100720_f17_v1.1_n.bin']
North,2010,7,21,7.749,0, ['/ecs/DP1/PM/NSIDC-0051.001/2010.07.21/nt_20100721_f17_v1.1_n.bin']
North,2010,7,22,7.658,0, ['/ecs/DP1/PM/NSIDC-0051.001/2010.07.22/nt_20100722_f17_v1.1_n.bin']
North,2010,7,23,7.461,0, ['/ecs/DP1/PM/NSIDC-0051.001/2010.07.23/nt_20100723_f17_v1.1_n.bin']
North,2010,7,24,7.458,0, ['/ecs/DP1/PM/NSIDC-0051.001/2010.07.24/nt_20100724_f17_v1.1_n.bin']
North,2010,7,25,7.378,0, ['/ecs/DP1/PM/NSIDC-0051.001/2010.07.25/nt_20100725_f17_v1.1_n.bin']
North,2010,7,26,7.32,0, ['/ecs/DP1/PM/NSIDC-0051.001/2010.07.26/nt_20100726_f17_v1.1_n.bin']
North,2010,7,27,7.202,0, ['/ecs/DP1/PM/NSIDC-0051.001/2010.07.27/nt_20100727_f17_v1.1_n.bin']
North,2010,7,28,7.193,0, ['/ecs/DP1/PM/NSIDC-0051.001/2010.07.28/nt_20100728_f17_v1.1_n.bin']
North,2010,7,29,7.034,0, ['/ecs/DP1/PM/NSIDC-0051.001/2010.07.29/nt_20100729_f17_v1.1_n.bin']
North,2010,7,30,6.9,0, ['/ecs/DP1/PM/NSIDC-0051.001/2010.07.30/nt_20100730_f17_v1.1_n.bin']
North,2010,7,31,6.77,0, ['/ecs/DP1/PM/NSIDC-0051.001/2010.07.31/nt_20100731_f17_v1.1_n.bin']
North,2010,8,1,6.623,0, ['/ecs/DP1/PM/NSIDC-0051.001/2010.08.01/nt_20100801_f17_v1.1_n.bin']
North,2010,8,2,6.565,0, ['/ecs/DP1/PM/NSIDC-0051.001/2010.08.02/nt_20100802_f17_v1.1_n.bin']
North,2010,8,3,6.574,0, ['/ecs/DP1/PM/NSIDC-0051.001/2010.08.03/nt_20100803_f17_v1.1_n.bin']
North,2010,8,4,6.558,0, ['/ecs/DP1/PM/NSIDC-0051.001/2010.08.04/nt_20100804_f17_v1.1_n.bin']
North,2010,8,5,6.449,0, ['/ecs/DP1/PM/NSIDC-0051.001/2010.08.05/nt_20100805_f17_v1.1_n.bin']
North,2010,8,6,6.365,0, ['/ecs/DP1/PM/NSIDC-0051.001/2010.08.06/nt_20100806_f17_v1.1_n.bin']
North,2010,8,7,6.303,0, ['/ecs/DP1/PM/NSIDC-0051.001/2010.08.07/nt_20100807_f17_v1.1_n.bin']
North,2010,8,8,6.263,0, ['/ecs/DP1/PM/NSIDC-0051.001/2010.08.08/nt_20100808_f17_v1.1_n.bin']
North,2010,8,9,6.217,0, ['/ecs/DP1/PM/NSIDC-0051.001/2010.08.09/nt_20100809_f17_v1.1_n.bin']
North,2010,8,10,6.209,0, ['/ecs/DP1/PM/NSIDC-0051.001/2010.08.10/nt_20100810_f17_v1.1_n.bin']
North,2010,8,11,6.086,0, ['/ecs/DP1/PM/NSIDC-0051.001/2010.08.11/nt_20100811_f17_v1.1_n.bin']
North,2010,8,12,6.055,0, ['/ecs/DP1/PM/NSIDC-0051.001/2010.08.12/nt_20100812_f17_v1.1_n.bin']
North,2010,8,13,6.013,0, ['/ecs/DP1/PM/NSIDC-0051.001/2010.08.13/nt_20100813_f17_v1.1_n.bin']
North,2010,8,14,5.949,0, ['/ecs/DP1/PM/NSIDC-0051.001/2010.08.14/nt_20100814_f17_v1.1_n.bin']
North,2010,8,15,5.947,0, ['/ecs/DP1/PM/NSIDC-0051.001/2010.08.15/nt_20100815_f17_v1.1_n.bin']
North,2010,8,16,5.928,0, ['/ecs/DP1/PM/NSIDC-0051.001/2010.08.16/nt_20100816_f17_v1.1_n.bin']
North,2010,8,17,5.855,0, ['/ecs/DP1/PM/NSIDC-0051.001/2010.08.17/nt_20100817_f17_v1.1_n.bin']
North,2010,8,18,5.789,0, ['/ecs/DP1/PM/NSIDC-0051.001/2010.08.18/nt_20100818_f17_v1.1_n.bin']
North,2010,8,19,5.742,0, ['/ecs/DP1/PM/NSIDC-0051.001/2010.08.19/nt_20100819_f17_v1.1_n.bin']
North,2010,8,20,5.679,0, ['/ecs/DP1/PM/NSIDC-0051.001/2010.08.20/nt_20100820_f17_v1.1_n.bin']
North,2010,8,21,5.596,0, ['/ecs/DP1/PM/NSIDC-0051.001/2010.08.21/nt_20100821_f17_v1.1_n.bin']
North,2010,8,22,5.54,0, ['/ecs/DP1/PM/NSIDC-0051.001/2010.08.22/nt_20100822_f17_v1.1_n.bin']
North,2010,8,23,5.508,0, ['/ecs/DP1/PM/NSIDC-0051.001/2010.08.23/nt_20100823_f17_v1.1_n.bin']
North,2010,8,24,5.479,0, ['/ecs/DP1/PM/NSIDC-0051.001/2010.08.24/nt_20100824_f17_v1.1_n.bin']
North,2010,8,25,5.396,0, ['/ecs/DP1/PM/NSIDC-0051.001/2010.08.25/nt_20100825_f17_v1.1_n.bin']
North,2010,8,26,5.337,0, ['/ecs/DP1/PM/NSIDC-0051.001/2010.08.26/nt_20100826_f17_v1.1_n.bin']
North,2010,8,27,5.278,0, ['/ecs/DP1/PM/NSIDC-0051.001/2010.08.27/nt_20100827_f17_v1.1_n.bin']
North,2010,8,28,5.272,0, ['/ecs/DP1/PM/NSIDC-0051.001/2010.08.28/nt_20100828_f17_v1.1_n.bin']
North,2010,8,29,5.216,0, ['/ecs/DP1/PM/NSIDC-0051.001/2010.08.29/nt_20100829_f17_v1.1_n.bin']
North,2010,8,30,5.184,0, ['/ecs/DP1/PM/NSIDC-0051.001/2010.08.30/nt_20100830_f17_v1.1_n.bin']
North,2010,8,31,5.147,0, ['/ecs/DP1/PM/NSIDC-0051.001/2010.08.31/nt_20100831_f17_v1.1_n.bin']
North,2010,9,1,5.129,0, ['/ecs/DP1/PM/NSIDC-0051.001/2010.09.01/nt_20100901_f17_v1.1_n.bin']
North,2010,9,2,5.074,0, ['/ecs/DP1/PM/NSIDC-0051.001/2010.09.02/nt_20100902_f17_v1.1_n.bin']
North,2010,9,3,5.023,0, ['/ecs/DP1/PM/NSIDC-0051.001/2010.09.03/nt_20100903_f17_v1.1_n.bin']
North,2010,9,4,4.95,0, ['/ecs/DP1/PM/NSIDC-0051.001/2010.09.04/nt_20100904_f17_v1.1_n.bin']
North,2010,9,5,4.925,0, ['/ecs/DP1/PM/NSIDC-0051.001/2010.09.05/nt_20100905_f17_v1.1_n.bin']
North,2010,9,6,4.913,0, ['/ecs/DP1/PM/NSIDC-0051.001/2010.09.06/nt_20100906_f17_v1.1_n.bin']
North,2010,9,7,4.813,0, ['/ecs/DP1/PM/NSIDC-0051.001/2010.09.07/nt_20100907_f17_v1.1_n.bin']
North,2010,9,8,4.753,0, ['/ecs/DP1/PM/NSIDC-0051.001/2010.09.08/nt_20100908_f17_v1.1_n.bin']
North,2010,9,9,4.75,0, ['/ecs/DP1/PM/NSIDC-0051.001/2010.09.09/nt_20100909_f17_v1.1_n.bin']
North,2010,9,10,4.758,0, ['/ecs/DP1/PM/NSIDC-0051.001/2010.09.10/nt_20100910_f17_v1.1_n.bin']
North,2010,9,11,4.821,0, ['/ecs/DP1/PM/NSIDC-0051.001/2010.09.11/nt_20100911_f17_v1.1_n.bin']
North,2010,9,12,4.777,0, ['/ecs/DP1/PM/NSIDC-0051.001/2010.09.12/nt_20100912_f17_v1.1_n.bin']
North,2010,9,13,4.812,0, ['/ecs/DP1/PM/NSIDC-0051.001/2010.09.13/nt_20100913_f17_v1.1_n.bin']
North,2010,9,14,4.808,0, ['/ecs/DP1/PM/NSIDC-0051.001/2010.09.14/nt_20100914_f17_v1.1_n.bin']
North,2010,9,15,4.73,0, ['/ecs/DP1/PM/NSIDC-0051.001/2010.09.15/nt_20100915_f17_v1.1_n.bin']
North,2010,9,16,4.709,0, ['/ecs/DP1/PM/NSIDC-0051.001/2010.09.16/nt_20100916_f17_v1.1_n.bin']
North,2010,9,17,4.618,0, ['/ecs/DP1/PM/NSIDC-0051.001/2010.09.17/nt_20100917_f17_v1.1_n.bin']
North,2010,9,18,4.628,0, ['/ecs/DP1/PM/NSIDC-0051.001/2010.09.18/nt_20100918_f17_v1.1_n.bin']
North,2010,9,19,4.59,0, ['/ecs/DP1/PM/NSIDC-0051.001/2010.09.19/nt_20100919_f17_v1.1_n.bin']
North,2010,9,20,4.602,0, ['/ecs/DP1/PM/NSIDC-0051.001/2010.09.20/nt_20100920_f17_v1.1_n.bin']
North,2010,9,21,4.637,0, ['/ecs/DP1/PM/NSIDC-0051.001/2010.09.21/nt_20100921_f17_v1.1_n.bin']
North,2010,9,22,4.662,0, ['/ecs/DP1/PM/NSIDC-0051.001/2010.09.22/nt_20100922_f17_v1.1_n.bin']
North,2010,9,23,4.718,0, ['/ecs/DP1/PM/NSIDC-0051.001/2010.09.23/nt_20100923_f17_v1.1_n.bin']
North,2010,9,24,4.805,0, ['/ecs/DP1/PM/NSIDC-0051.001/2010.09.24/nt_20100924_f17_v1.1_n.bin']
North,2010,9,25,4.898,0, ['/ecs/DP1/PM/NSIDC-0051.001/2010.09.25/nt_20100925_f17_v1.1_n.bin']
North,2010,9,26,5.003,0, ['/ecs/DP1/PM/NSIDC-0051.001/2010.09.26/nt_20100926_f17_v1.1_n.bin']
North,2010,9,27,5.178,0, ['/ecs/DP1/PM/NSIDC-0051.001/2010.09.27/nt_20100927_f17_v1.1_n.bin']
North,2010,9,28,5.249,0, ['/ecs/DP1/PM/NSIDC-0051.001/2010.09.28/nt_20100928_f17_v1.1_n.bin']
North,2010,9,29,5.285,0, ['/ecs/DP1/PM/NSIDC-0051.001/2010.09.29/nt_20100929_f17_v1.1_n.bin']
North,2010,9,30,5.334,0, ['/ecs/DP1/PM/NSIDC-0051.001/2010.09.30/nt_20100930_f17_v1.1_n.bin']
North,2010,10,1,5.451,0, ['/ecs/DP1/PM/NSIDC-0051.001/2010.10.01/nt_20101001_f17_v1.1_n.bin']
North,2010,10,2,5.569,0, ['/ecs/DP1/PM/NSIDC-0051.001/2010.10.02/nt_20101002_f17_v1.1_n.bin']
North,2010,10,3,5.674,0, ['/ecs/DP1/PM/NSIDC-0051.001/2010.10.03/nt_20101003_f17_v1.1_n.bin']
North,2010,10,4,5.845,0, ['/ecs/DP1/PM/NSIDC-0051.001/2010.10.04/nt_20101004_f17_v1.1_n.bin']
North,2010,10,5,5.898,0, ['/ecs/DP1/PM/NSIDC-0051.001/2010.10.05/nt_20101005_f17_v1.1_n.bin']
North,2010,10,6,5.944,0, ['/ecs/DP1/PM/NSIDC-0051.001/2010.10.06/nt_20101006_f17_v1.1_n.bin']
North,2010,10,7,5.939,0, ['/ecs/DP1/PM/NSIDC-0051.001/2010.10.07/nt_20101007_f17_v1.1_n.bin']
North,2010,10,8,6.063,0, ['/ecs/DP1/PM/NSIDC-0051.001/2010.10.08/nt_20101008_f17_v1.1_n.bin']
North,2010,10,9,6.222,0, ['/ecs/DP1/PM/NSIDC-0051.001/2010.10.09/nt_20101009_f17_v1.1_n.bin']
North,2010,10,10,6.458,0, ['/ecs/DP1/PM/NSIDC-0051.001/2010.10.10/nt_20101010_f17_v1.1_n.bin']
North,2010,10,11,6.649,0, ['/ecs/DP1/PM/NSIDC-0051.001/2010.10.11/nt_20101011_f17_v1.1_n.bin']
North,2010,10,12,6.679,0, ['/ecs/DP1/PM/NSIDC-0051.001/2010.10.12/nt_20101012_f17_v1.1_n.bin']
North,2010,10,13,6.741,0, ['/ecs/DP1/PM/NSIDC-0051.001/2010.10.13/nt_20101013_f17_v1.1_n.bin']
North,2010,10,14,6.85,0, ['/ecs/DP1/PM/NSIDC-0051.001/2010.10.14/nt_20101014_f17_v1.1_n.bin']
North,2010,10,15,6.913,0, ['/ecs/DP1/PM/NSIDC-0051.001/2010.10.15/nt_20101015_f17_v1.1_n.bin']
North,2010,10,16,7.018,0, ['/ecs/DP1/PM/NSIDC-0051.001/2010.10.16/nt_20101016_f17_v1.1_n.bin']
North,2010,10,17,7.109,0, ['/ecs/DP1/PM/NSIDC-0051.001/2010.10.17/nt_20101017_f17_v1.1_n.bin']
North,2010,10,18,7.322,0, ['/ecs/DP1/PM/NSIDC-0051.001/2010.10.18/nt_20101018_f17_v1.1_n.bin']
North,2010,10,19,7.451,0, ['/ecs/DP1/PM/NSIDC-0051.001/2010.10.19/nt_20101019_f17_v1.1_n.bin']
North,2010,10,20,7.508,0, ['/ecs/DP1/PM/NSIDC-0051.001/2010.10.20/nt_20101020_f17_v1.1_n.bin']
North,2010,10,21,7.628,0, ['/ecs/DP1/PM/NSIDC-0051.001/2010.10.21/nt_20101021_f17_v1.1_n.bin']
North,2010,10,22,7.711,0, ['/ecs/DP1/PM/NSIDC-0051.001/2010.10.22/nt_20101022_f17_v1.1_n.bin']
North,2010,10,23,7.738,0, ['/ecs/DP1/PM/NSIDC-0051.001/2010.10.23/nt_20101023_f17_v1.1_n.bin']
North,2010,10,24,7.772,0, ['/ecs/DP1/PM/NSIDC-0051.001/2010.10.24/nt_20101024_f17_v1.1_n.bin']
North,2010,10,25,7.799,0, ['/ecs/DP1/PM/NSIDC-0051.001/2010.10.25/nt_20101025_f17_v1.1_n.bin']
North,2010,10,26,7.872,0, ['/ecs/DP1/PM/NSIDC-0051.001/2010.10.26/nt_20101026_f17_v1.1_n.bin']
North,2010,10,27,7.995,0, ['/ecs/DP1/PM/NSIDC-0051.001/2010.10.27/nt_20101027_f17_v1.1_n.bin']
North,2010,10,28,8.022,0, ['/ecs/DP1/PM/NSIDC-0051.001/2010.10.28/nt_20101028_f17_v1.1_n.bin']
North,2010,10,29,8.076,0, ['/ecs/DP1/PM/NSIDC-0051.001/2010.10.29/nt_20101029_f17_v1.1_n.bin']
North,2010,10,30,8.202,0, ['/ecs/DP1/PM/NSIDC-0051.001/2010.10.30/nt_20101030_f17_v1.1_n.bin']
North,2010,10,31,8.383,0, ['/ecs/DP1/PM/NSIDC-0051.001/2010.10.31/nt_20101031_f17_v1.1_n.bin']
North,2010,11,1,8.533,0, ['/ecs/DP1/PM/NSIDC-0051.001/2010.11.01/nt_20101101_f17_v1.1_n.bin']
North,2010,11,2,8.734,0, ['/ecs/DP1/PM/NSIDC-0051.001/2010.11.02/nt_20101102_f17_v1.1_n.bin']
North,2010,11,3,8.891,0, ['/ecs/DP1/PM/NSIDC-0051.001/2010.11.03/nt_20101103_f17_v1.1_n.bin']
North,2010,11,4,8.968,0, ['/ecs/DP1/PM/NSIDC-0051.001/2010.11.04/nt_20101104_f17_v1.1_n.bin']
North,2010,11,5,8.972,0, ['/ecs/DP1/PM/NSIDC-0051.001/2010.11.05/nt_20101105_f17_v1.1_n.bin']
North,2010,11,6,9.016,0, ['/ecs/DP1/PM/NSIDC-0051.001/2010.11.06/nt_20101106_f17_v1.1_n.bin']
North,2010,11,7,9.106,0, ['/ecs/DP1/PM/NSIDC-0051.001/2010.11.07/nt_20101107_f17_v1.1_n.bin']
North,2010,11,8,9.169,0, ['/ecs/DP1/PM/NSIDC-0051.001/2010.11.08/nt_20101108_f17_v1.1_n.bin']
North,2010,11,9,9.3,0, ['/ecs/DP1/PM/NSIDC-0051.001/2010.11.09/nt_20101109_f17_v1.1_n.bin']
North,2010,11,10,9.373,0, ['/ecs/DP1/PM/NSIDC-0051.001/2010.11.10/nt_20101110_f17_v1.1_n.bin']
North,2010,11,11,9.456,0, ['/ecs/DP1/PM/NSIDC-0051.001/2010.11.11/nt_20101111_f17_v1.1_n.bin']
North,2010,11,12,9.521,0, ['/ecs/DP1/PM/NSIDC-0051.001/2010.11.12/nt_20101112_f17_v1.1_n.bin']
North,2010,11,13,9.522,0, ['/ecs/DP1/PM/NSIDC-0051.001/2010.11.13/nt_20101113_f17_v1.1_n.bin']
North,2010,11,14,9.593,0, ['/ecs/DP1/PM/NSIDC-0051.001/2010.11.14/nt_20101114_f17_v1.1_n.bin']
North,2010,11,15,9.647,0, ['/ecs/DP1/PM/NSIDC-0051.001/2010.11.15/nt_20101115_f17_v1.1_n.bin']
North,2010,11,16,9.686,0, ['/ecs/DP1/PM/NSIDC-0051.001/2010.11.16/nt_20101116_f17_v1.1_n.bin']
North,2010,11,17,9.717,0, ['/ecs/DP1/PM/NSIDC-0051.001/2010.11.17/nt_20101117_f17_v1.1_n.bin']
North,2010,11,18,9.745,0, ['/ecs/DP1/PM/NSIDC-0051.001/2010.11.18/nt_20101118_f17_v1.1_n.bin']
North,2010,11,19,9.827,0, ['/ecs/DP1/PM/NSIDC-0051.001/2010.11.19/nt_20101119_f17_v1.1_n.bin']
North,2010,11,20,9.888,0, ['/ecs/DP1/PM/NSIDC-0051.001/2010.11.20/nt_20101120_f17_v1.1_n.bin']
North,2010,11,21,9.939,0, ['/ecs/DP1/PM/NSIDC-0051.001/2010.11.21/nt_20101121_f17_v1.1_n.bin']
North,2010,11,22,9.958,0, ['/ecs/DP1/PM/NSIDC-0051.001/2010.11.22/nt_20101122_f17_v1.1_n.bin']
North,2010,11,23,10.005,0, ['/ecs/DP1/PM/NSIDC-0051.001/2010.11.23/nt_20101123_f17_v1.1_n.bin']
North,2010,11,24,10.002,0, ['/ecs/DP1/PM/NSIDC-0051.001/2010.11.24/nt_20101124_f17_v1.1_n.bin']
North,2010,11,25,10.078,0, ['/ecs/DP1/PM/NSIDC-0051.001/2010.11.25/nt_20101125_f17_v1.1_n.bin']
North,2010,11,26,10.155,0, ['/ecs/DP1/PM/NSIDC-0051.001/2010.11.26/nt_20101126_f17_v1.1_n.bin']
North,2010,11,27,10.274,0, ['/ecs/DP1/PM/NSIDC-0051.001/2010.11.27/nt_20101127_f17_v1.1_n.bin']
North,2010,11,28,10.347,0, ['/ecs/DP1/PM/NSIDC-0051.001/2010.11.28/nt_20101128_f17_v1.1_n.bin']
North,2010,11,29,10.48,0, ['/ecs/DP1/PM/NSIDC-0051.001/2010.11.29/nt_20101129_f17_v1.1_n.bin']
North,2010,11,30,10.517,0, ['/ecs/DP1/PM/NSIDC-0051.001/2010.11.30/nt_20101130_f17_v1.1_n.bin']
North,2010,12,1,10.673,0, ['/ecs/DP1/PM/NSIDC-0051.001/2010.12.01/nt_20101201_f17_v1.1_n.bin']
North,2010,12,2,10.797,0, ['/ecs/DP1/PM/NSIDC-0051.001/2010.12.02/nt_20101202_f17_v1.1_n.bin']
North,2010,12,3,10.913,0, ['/ecs/DP1/PM/NSIDC-0051.001/2010.12.03/nt_20101203_f17_v1.1_n.bin']
North,2010,12,4,10.995,0, ['/ecs/DP1/PM/NSIDC-0051.001/2010.12.04/nt_20101204_f17_v1.1_n.bin']
North,2010,12,5,11.164,0, ['/ecs/DP1/PM/NSIDC-0051.001/2010.12.05/nt_20101205_f17_v1.1_n.bin']
North,2010,12,6,11.24,0, ['/ecs/DP1/PM/NSIDC-0051.001/2010.12.06/nt_20101206_f17_v1.1_n.bin']
North,2010,12,7,11.247,0, ['/ecs/DP1/PM/NSIDC-0051.001/2010.12.07/nt_20101207_f17_v1.1_n.bin']
North,2010,12,8,11.354,0, ['/ecs/DP1/PM/NSIDC-0051.001/2010.12.08/nt_20101208_f17_v1.1_n.bin']
North,2010,12,9,11.524,0, ['/ecs/DP1/PM/NSIDC-0051.001/2010.12.09/nt_20101209_f17_v1.1_n.bin']
North,2010,12,10,11.539,0, ['/ecs/DP1/PM/NSIDC-0051.001/2010.12.10/nt_20101210_f17_v1.1_n.bin']
North,2010,12,11,11.74,0, ['/ecs/DP1/PM/NSIDC-0051.001/2010.12.11/nt_20101211_f17_v1.1_n.bin']
North,2010,12,12,11.78,0, ['/ecs/DP1/PM/NSIDC-0051.001/2010.12.12/nt_20101212_f17_v1.1_n.bin']
North,2010,12,13,11.854,0, ['/ecs/DP1/PM/NSIDC-0051.001/2010.12.13/nt_20101213_f17_v1.1_n.bin']
North,2010,12,14,12.051,0, ['/ecs/DP1/PM/NSIDC-0051.001/2010.12.14/nt_20101214_f17_v1.1_n.bin']
North,2010,12,15,12.05,0, ['/ecs/DP1/PM/NSIDC-0051.001/2010.12.15/nt_20101215_f17_v1.1_n.bin']
North,2010,12,16,12.013,0, ['/ecs/DP1/PM/NSIDC-0051.001/2010.12.16/nt_20101216_f17_v1.1_n.bin']
North,2010,12,17,11.943,0, ['/ecs/DP1/PM/NSIDC-0051.001/2010.12.17/nt_20101217_f17_v1.1_n.bin']
North,2010,12,18,11.928,0, ['/ecs/DP1/PM/NSIDC-0051.001/2010.12.18/nt_20101218_f17_v1.1_n.bin']
North,2010,12,19,11.974,0, ['/ecs/DP1/PM/NSIDC-0051.001/2010.12.19/nt_20101219_f17_v1.1_n.bin']
North,2010,12,20,11.976,0, ['/ecs/DP1/PM/NSIDC-0051.001/2010.12.20/nt_20101220_f17_v1.1_n.bin']
North,2010,12,21,12.104,0, ['/ecs/DP1/PM/NSIDC-0051.001/2010.12.21/nt_20101221_f17_v1.1_n.bin']
North,2010,12,22,12.205,0, ['/ecs/DP1/PM/NSIDC-0051.001/2010.12.22/nt_20101222_f17_v1.1_n.bin']
North,2010,12,23,12.279,0, ['/ecs/DP1/PM/NSIDC-0051.001/2010.12.23/nt_20101223_f17_v1.1_n.bin']
North,2010,12,24,12.351,0, ['/ecs/DP1/PM/NSIDC-0051.001/2010.12.24/nt_20101224_f17_v1.1_n.bin']
North,2010,12,25,12.311,0, ['/ecs/DP1/PM/NSIDC-0051.001/2010.12.25/nt_20101225_f17_v1.1_n.bin']
North,2010,12,26,12.31,0, ['/ecs/DP1/PM/NSIDC-0051.001/2010.12.26/nt_20101226_f17_v1.1_n.bin']
North,2010,12,27,12.358,0, ['/ecs/DP1/PM/NSIDC-0051.001/2010.12.27/nt_20101227_f17_v1.1_n.bin']
North,2010,12,28,12.398,0, ['/ecs/DP1/PM/NSIDC-0051.001/2010.12.28/nt_20101228_f17_v1.1_n.bin']
North,2010,12,29,12.457,0, ['/ecs/DP1/PM/NSIDC-0051.001/2010.12.29/nt_20101229_f17_v1.1_n.bin']
North,2010,12,30,12.558,0, ['/ecs/DP1/PM/NSIDC-0051.001/2010.12.30/nt_20101230_f17_v1.1_n.bin']
North,2010,12,31,12.67,0, ['/ecs/DP1/PM/NSIDC-0051.001/2010.12.31/nt_20101231_f17_v1.1_n.bin']
North,2011,1,1,12.896,0, ['/ecs/DP1/PM/NSIDC-0051.001/2011.01.01/nt_20110101_f17_v1.1_n.bin']
North,2011,1,2,12.915,0, ['/ecs/DP1/PM/NSIDC-0051.001/2011.01.02/nt_20110102_f17_v1.1_n.bin']
North,2011,1,3,12.926,0, ['/ecs/DP1/PM/NSIDC-0051.001/2011.01.03/nt_20110103_f17_v1.1_n.bin']
North,2011,1,4,13.051,0, ['/ecs/DP1/PM/NSIDC-0051.001/2011.01.04/nt_20110104_f17_v1.1_n.bin']
North,2011,1,5,13.176,0, ['/ecs/DP1/PM/NSIDC-0051.001/2011.01.05/nt_20110105_f17_v1.1_n.bin']
North,2011,1,6,13.169,0, ['/ecs/DP1/PM/NSIDC-0051.001/2011.01.06/nt_20110106_f17_v1.1_n.bin']
North,2011,1,7,13.173,0, ['/ecs/DP1/PM/NSIDC-0051.001/2011.01.07/nt_20110107_f17_v1.1_n.bin']
North,2011,1,8,13.184,0, ['/ecs/DP1/PM/NSIDC-0051.001/2011.01.08/nt_20110108_f17_v1.1_n.bin']
North,2011,1,9,13.153,0, ['/ecs/DP1/PM/NSIDC-0051.001/2011.01.09/nt_20110109_f17_v1.1_n.bin']
North,2011,1,10,13.177,0, ['/ecs/DP1/PM/NSIDC-0051.001/2011.01.10/nt_20110110_f17_v1.1_n.bin']
North,2011,1,11,13.212,0, ['/ecs/DP1/PM/NSIDC-0051.001/2011.01.11/nt_20110111_f17_v1.1_n.bin']
North,2011,1,12,13.221,0, ['/ecs/DP1/PM/NSIDC-0051.001/2011.01.12/nt_20110112_f17_v1.1_n.bin']
North,2011,1,13,13.331,0, ['/ecs/DP1/PM/NSIDC-0051.001/2011.01.13/nt_20110113_f17_v1.1_n.bin']
North,2011,1,14,13.403,0, ['/ecs/DP1/PM/NSIDC-0051.001/2011.01.14/nt_20110114_f17_v1.1_n.bin']
North,2011,1,15,13.489,0, ['/ecs/DP1/PM/NSIDC-0051.001/2011.01.15/nt_20110115_f17_v1.1_n.bin']
North,2011,1,16,13.509,0, ['/ecs/DP1/PM/NSIDC-0051.001/2011.01.16/nt_20110116_f17_v1.1_n.bin']
North,2011,1,17,13.482,0, ['/ecs/DP1/PM/NSIDC-0051.001/2011.01.17/nt_20110117_f17_v1.1_n.bin']
North,2011,1,18,13.506,0, ['/ecs/DP1/PM/NSIDC-0051.001/2011.01.18/nt_20110118_f17_v1.1_n.bin']
North,2011,1,19,13.637,0, ['/ecs/DP1/PM/NSIDC-0051.001/2011.01.19/nt_20110119_f17_v1.1_n.bin']
North,2011,1,20,13.609,0, ['/ecs/DP1/PM/NSIDC-0051.001/2011.01.20/nt_20110120_f17_v1.1_n.bin']
North,2011,1,21,13.59,0, ['/ecs/DP1/PM/NSIDC-0051.001/2011.01.21/nt_20110121_f17_v1.1_n.bin']
North,2011,1,22,13.669,0, ['/ecs/DP1/PM/NSIDC-0051.001/2011.01.22/nt_20110122_f17_v1.1_n.bin']
North,2011,1,23,13.66,0, ['/ecs/DP1/PM/NSIDC-0051.001/2011.01.23/nt_20110123_f17_v1.1_n.bin']
North,2011,1,24,13.769,0, ['/ecs/DP1/PM/NSIDC-0051.001/2011.01.24/nt_20110124_f17_v1.1_n.bin']
North,2011,1,25,13.745,0, ['/ecs/DP1/PM/NSIDC-0051.001/2011.01.25/nt_20110125_f17_v1.1_n.bin']
North,2011,1,26,13.767,0, ['/ecs/DP1/PM/NSIDC-0051.001/2011.01.26/nt_20110126_f17_v1.1_n.bin']
North,2011,1,27,13.932,0, ['/ecs/DP1/PM/NSIDC-0051.001/2011.01.27/nt_20110127_f17_v1.1_n.bin']
North,2011,1,28,13.998,0, ['/ecs/DP1/PM/NSIDC-0051.001/2011.01.28/nt_20110128_f17_v1.1_n.bin']
North,2011,1,29,13.968,0, ['/ecs/DP1/PM/NSIDC-0051.001/2011.01.29/nt_20110129_f17_v1.1_n.bin']
North,2011,1,30,13.999,0, ['/ecs/DP1/PM/NSIDC-0051.001/2011.01.30/nt_20110130_f17_v1.1_n.bin']
North,2011,1,31,14.067,0, ['/ecs/DP1/PM/NSIDC-0051.001/2011.01.31/nt_20110131_f17_v1.1_n.bin']
North,2011,2,1,14.117,0, ['/ecs/DP1/PM/NSIDC-0051.001/2011.02.01/nt_20110201_f17_v1.1_n.bin']
North,2011,2,2,14.155,0, ['/ecs/DP1/PM/NSIDC-0051.001/2011.02.02/nt_20110202_f17_v1.1_n.bin']
North,2011,2,3,14.16,0, ['/ecs/DP1/PM/NSIDC-0051.001/2011.02.03/nt_20110203_f17_v1.1_n.bin']
North,2011,2,4,14.158,0, ['/ecs/DP1/PM/NSIDC-0051.001/2011.02.04/nt_20110204_f17_v1.1_n.bin']
North,2011,2,5,14.157,0, ['/ecs/DP1/PM/NSIDC-0051.001/2011.02.05/nt_20110205_f17_v1.1_n.bin']
North,2011,2,6,14.217,0, ['/ecs/DP1/PM/NSIDC-0051.001/2011.02.06/nt_20110206_f17_v1.1_n.bin']
North,2011,2,7,14.198,0, ['/ecs/DP1/PM/NSIDC-0051.001/2011.02.07/nt_20110207_f17_v1.1_n.bin']
North,2011,2,8,14.319,0, ['/ecs/DP1/PM/NSIDC-0051.001/2011.02.08/nt_20110208_f17_v1.1_n.bin']
North,2011,2,9,14.221,0, ['/ecs/DP1/PM/NSIDC-0051.001/2011.02.09/nt_20110209_f17_v1.1_n.bin']
North,2011,2,10,14.265,0, ['/ecs/DP1/PM/NSIDC-0051.001/2011.02.10/nt_20110210_f17_v1.1_n.bin']
North,2011,2,11,14.284,0, ['/ecs/DP1/PM/NSIDC-0051.001/2011.02.11/nt_20110211_f17_v1.1_n.bin']
North,2011,2,12,14.302,0, ['/ecs/DP1/PM/NSIDC-0051.001/2011.02.12/nt_20110212_f17_v1.1_n.bin']
North,2011,2,13,14.404,0, ['/ecs/DP1/PM/NSIDC-0051.001/2011.02.13/nt_20110213_f17_v1.1_n.bin']
North,2011,2,14,14.379,0, ['/ecs/DP1/PM/NSIDC-0051.001/2011.02.14/nt_20110214_f17_v1.1_n.bin']
North,2011,2,15,14.493,0, ['/ecs/DP1/PM/NSIDC-0051.001/2011.02.15/nt_20110215_f17_v1.1_n.bin']
North,2011,2,16,14.493,0, ['/ecs/DP1/PM/NSIDC-0051.001/2011.02.16/nt_20110216_f17_v1.1_n.bin']
North,2011,2,17,14.476,0, ['/ecs/DP1/PM/NSIDC-0051.001/2011.02.17/nt_20110217_f17_v1.1_n.bin']
North,2011,2,18,14.49,0, ['/ecs/DP1/PM/NSIDC-0051.001/2011.02.18/nt_20110218_f17_v1.1_n.bin']
North,2011,2,19,14.489,0, ['/ecs/DP1/PM/NSIDC-0051.001/2011.02.19/nt_20110219_f17_v1.1_n.bin']
North,2011,2,20,14.467,0, ['/ecs/DP1/PM/NSIDC-0051.001/2011.02.20/nt_20110220_f17_v1.1_n.bin']
North,2011,2,21,14.477,0, ['/ecs/DP1/PM/NSIDC-0051.001/2011.02.21/nt_20110221_f17_v1.1_n.bin']
North,2011,2,22,14.47,0, ['/ecs/DP1/PM/NSIDC-0051.001/2011.02.22/nt_20110222_f17_v1.1_n.bin']
North,2011,2,23,14.571,0, ['/ecs/DP1/PM/NSIDC-0051.001/2011.02.23/nt_20110223_f17_v1.1_n.bin']
North,2011,2,24,14.49,0, ['/ecs/DP1/PM/NSIDC-0051.001/2011.02.24/nt_20110224_f17_v1.1_n.bin']
North,2011,2,25,14.466,0, ['/ecs/DP1/PM/NSIDC-0051.001/2011.02.25/nt_20110225_f17_v1.1_n.bin']
North,2011,2,26,14.517,0, ['/ecs/DP1/PM/NSIDC-0051.001/2011.02.26/nt_20110226_f17_v1.1_n.bin']
North,2011,2,27,14.47,0, ['/ecs/DP1/PM/NSIDC-0051.001/2011.02.27/nt_20110227_f17_v1.1_n.bin']
North,2011,2,28,14.46,0, ['/ecs/DP1/PM/NSIDC-0051.001/2011.02.28/nt_20110228_f17_v1.1_n.bin']
North,2011,3,1,14.472,0, ['/ecs/DP1/PM/NSIDC-0051.001/2011.03.01/nt_20110301_f17_v1.1_n.bin']
North,2011,3,2,14.44,0, ['/ecs/DP1/PM/NSIDC-0051.001/2011.03.02/nt_20110302_f17_v1.1_n.bin']
North,2011,3,3,14.545,0, ['/ecs/DP1/PM/NSIDC-0051.001/2011.03.03/nt_20110303_f17_v1.1_n.bin']
North,2011,3,4,14.554,0, ['/ecs/DP1/PM/NSIDC-0051.001/2011.03.04/nt_20110304_f17_v1.1_n.bin']
North,2011,3,5,14.646,0, ['/ecs/DP1/PM/NSIDC-0051.001/2011.03.05/nt_20110305_f17_v1.1_n.bin']
North,2011,3,6,14.673,0, ['/ecs/DP1/PM/NSIDC-0051.001/2011.03.06/nt_20110306_f17_v1.1_n.bin']
North,2011,3,7,14.704,0, ['/ecs/DP1/PM/NSIDC-0051.001/2011.03.07/nt_20110307_f17_v1.1_n.bin']
North,2011,3,8,14.654,0, ['/ecs/DP1/PM/NSIDC-0051.001/2011.03.08/nt_20110308_f17_v1.1_n.bin']
North,2011,3,9,14.656,0, ['/ecs/DP1/PM/NSIDC-0051.001/2011.03.09/nt_20110309_f17_v1.1_n.bin']
North,2011,3,10,14.578,0, ['/ecs/DP1/PM/NSIDC-0051.001/2011.03.10/nt_20110310_f17_v1.1_n.bin']
North,2011,3,11,14.553,0, ['/ecs/DP1/PM/NSIDC-0051.001/2011.03.11/nt_20110311_f17_v1.1_n.bin']
North,2011,3,12,14.542,0, ['/ecs/DP1/PM/NSIDC-0051.001/2011.03.12/nt_20110312_f17_v1.1_n.bin']
North,2011,3,13,14.592,0, ['/ecs/DP1/PM/NSIDC-0051.001/2011.03.13/nt_20110313_f17_v1.1_n.bin']
North,2011,3,14,14.619,0, ['/ecs/DP1/PM/NSIDC-0051.001/2011.03.14/nt_20110314_f17_v1.1_n.bin']
North,2011,3,15,14.602,0, ['/ecs/DP1/PM/NSIDC-0051.001/2011.03.15/nt_20110315_f17_v1.1_n.bin']
North,2011,3,16,14.676,0, ['/ecs/DP1/PM/NSIDC-0051.001/2011.03.16/nt_20110316_f17_v1.1_n.bin']
North,2011,3,17,14.673,0, ['/ecs/DP1/PM/NSIDC-0051.001/2011.03.17/nt_20110317_f17_v1.1_n.bin']
North,2011,3,18,14.606,0, ['/ecs/DP1/PM/NSIDC-0051.001/2011.03.18/nt_20110318_f17_v1.1_n.bin']
North,2011,3,19,14.504,0, ['/ecs/DP1/PM/NSIDC-0051.001/2011.03.19/nt_20110319_f17_v1.1_n.bin']
North,2011,3,20,14.458,0, ['/ecs/DP1/PM/NSIDC-0051.001/2011.03.20/nt_20110320_f17_v1.1_n.bin']
North,2011,3,21,14.438,0, ['/ecs/DP1/PM/NSIDC-0051.001/2011.03.21/nt_20110321_f17_v1.1_n.bin']
North,2011,3,22,14.423,0, ['/ecs/DP1/PM/NSIDC-0051.001/2011.03.22/nt_20110322_f17_v1.1_n.bin']
North,2011,3,23,14.501,0, ['/ecs/DP1/PM/NSIDC-0051.001/2011.03.23/nt_20110323_f17_v1.1_n.bin']
North,2011,3,24,14.483,0, ['/ecs/DP1/PM/NSIDC-0051.001/2011.03.24/nt_20110324_f17_v1.1_n.bin']
North,2011,3,25,14.449,0, ['/ecs/DP1/PM/NSIDC-0051.001/2011.03.25/nt_20110325_f17_v1.1_n.bin']
North,2011,3,26,14.475,0, ['/ecs/DP1/PM/NSIDC-0051.001/2011.03.26/nt_20110326_f17_v1.1_n.bin']
North,2011,3,27,14.475,0, ['/ecs/DP1/PM/NSIDC-0051.001/2011.03.27/nt_20110327_f17_v1.1_n.bin']
North,2011,3,28,14.431,0, ['/ecs/DP1/PM/NSIDC-0051.001/2011.03.28/nt_20110328_f17_v1.1_n.bin']
North,2011,3,29,14.451,0, ['/ecs/DP1/PM/NSIDC-0051.001/2011.03.29/nt_20110329_f17_v1.1_n.bin']
North,2011,3,30,14.521,0, ['/ecs/DP1/PM/NSIDC-0051.001/2011.03.30/nt_20110330_f17_v1.1_n.bin']
North,2011,3,31,14.548,0, ['/ecs/DP1/PM/NSIDC-0051.001/2011.03.31/nt_20110331_f17_v1.1_n.bin']
North,2011,4,1,14.529,0, ['/ecs/DP1/PM/NSIDC-0051.001/2011.04.01/nt_20110401_f17_v1.1_n.bin']
North,2011,4,2,14.557,0, ['/ecs/DP1/PM/NSIDC-0051.001/2011.04.02/nt_20110402_f17_v1.1_n.bin']
North,2011,4,3,14.423,0, ['/ecs/DP1/PM/NSIDC-0051.001/2011.04.03/nt_20110403_f17_v1.1_n.bin']
North,2011,4,4,14.33,0, ['/ecs/DP1/PM/NSIDC-0051.001/2011.04.04/nt_20110404_f17_v1.1_n.bin']
North,2011,4,5,14.4,0, ['/ecs/DP1/PM/NSIDC-0051.001/2011.04.05/nt_20110405_f17_v1.1_n.bin']
North,2011,4,6,14.35,0, ['/ecs/DP1/PM/NSIDC-0051.001/2011.04.06/nt_20110406_f17_v1.1_n.bin']
North,2011,4,7,14.397,0, ['/ecs/DP1/PM/NSIDC-0051.001/2011.04.07/nt_20110407_f17_v1.1_n.bin']
North,2011,4,8,14.254,0, ['/ecs/DP1/PM/NSIDC-0051.001/2011.04.08/nt_20110408_f17_v1.1_n.bin']
North,2011,4,9,14.22,0, ['/ecs/DP1/PM/NSIDC-0051.001/2011.04.09/nt_20110409_f17_v1.1_n.bin']
North,2011,4,10,14.241,0, ['/ecs/DP1/PM/NSIDC-0051.001/2011.04.10/nt_20110410_f17_v1.1_n.bin']
North,2011,4,11,14.26,0, ['/ecs/DP1/PM/NSIDC-0051.001/2011.04.11/nt_20110411_f17_v1.1_n.bin']
North,2011,4,12,14.261,0, ['/ecs/DP1/PM/NSIDC-0051.001/2011.04.12/nt_20110412_f17_v1.1_n.bin']
North,2011,4,13,14.232,0, ['/ecs/DP1/PM/NSIDC-0051.001/2011.04.13/nt_20110413_f17_v1.1_n.bin']
North,2011,4,14,14.264,0, ['/ecs/DP1/PM/NSIDC-0051.001/2011.04.14/nt_20110414_f17_v1.1_n.bin']
North,2011,4,15,14.232,0, ['/ecs/DP1/PM/NSIDC-0051.001/2011.04.15/nt_20110415_f17_v1.1_n.bin']
North,2011,4,16,14.157,0, ['/ecs/DP1/PM/NSIDC-0051.001/2011.04.16/nt_20110416_f17_v1.1_n.bin']
North,2011,4,17,14.138,0, ['/ecs/DP1/PM/NSIDC-0051.001/2011.04.17/nt_20110417_f17_v1.1_n.bin']
North,2011,4,18,14.077,0, ['/ecs/DP1/PM/NSIDC-0051.001/2011.04.18/nt_20110418_f17_v1.1_n.bin']
North,2011,4,19,14.035,0, ['/ecs/DP1/PM/NSIDC-0051.001/2011.04.19/nt_20110419_f17_v1.1_n.bin']
North,2011,4,20,13.953,0, ['/ecs/DP1/PM/NSIDC-0051.001/2011.04.20/nt_20110420_f17_v1.1_n.bin']
North,2011,4,21,13.959,0, ['/ecs/DP1/PM/NSIDC-0051.001/2011.04.21/nt_20110421_f17_v1.1_n.bin']
North,2011,4,22,13.929,0, ['/ecs/DP1/PM/NSIDC-0051.001/2011.04.22/nt_20110422_f17_v1.1_n.bin']
North,2011,4,23,13.926,0, ['/ecs/DP1/PM/NSIDC-0051.001/2011.04.23/nt_20110423_f17_v1.1_n.bin']
North,2011,4,24,13.896,0, ['/ecs/DP1/PM/NSIDC-0051.001/2011.04.24/nt_20110424_f17_v1.1_n.bin']
North,2011,4,25,13.765,0, ['/ecs/DP1/PM/NSIDC-0051.001/2011.04.25/nt_20110425_f17_v1.1_n.bin']
North,2011,4,26,13.78,0, ['/ecs/DP1/PM/NSIDC-0051.001/2011.04.26/nt_20110426_f17_v1.1_n.bin']
North,2011,4,27,13.727,0, ['/ecs/DP1/PM/NSIDC-0051.001/2011.04.27/nt_20110427_f17_v1.1_n.bin']
North,2011,4,28,13.709,0, ['/ecs/DP1/PM/NSIDC-0051.001/2011.04.28/nt_20110428_f17_v1.1_n.bin']
North,2011,4,29,13.636,0, ['/ecs/DP1/PM/NSIDC-0051.001/2011.04.29/nt_20110429_f17_v1.1_n.bin']
North,2011,4,30,13.597,0, ['/ecs/DP1/PM/NSIDC-0051.001/2011.04.30/nt_20110430_f17_v1.1_n.bin']
North,2011,5,1,13.414,0, ['/ecs/DP1/PM/NSIDC-0051.001/2011.05.01/nt_20110501_f17_v1.1_n.bin']
North,2011,5,2,13.388,0, ['/ecs/DP1/PM/NSIDC-0051.001/2011.05.02/nt_20110502_f17_v1.1_n.bin']
North,2011,5,3,13.269,0, ['/ecs/DP1/PM/NSIDC-0051.001/2011.05.03/nt_20110503_f17_v1.1_n.bin']
North,2011,5,4,13.21,0, ['/ecs/DP1/PM/NSIDC-0051.001/2011.05.04/nt_20110504_f17_v1.1_n.bin']
North,2011,5,5,13.218,0, ['/ecs/DP1/PM/NSIDC-0051.001/2011.05.05/nt_20110505_f17_v1.1_n.bin']
North,2011,5,6,13.213,0, ['/ecs/DP1/PM/NSIDC-0051.001/2011.05.06/nt_20110506_f17_v1.1_n.bin']
North,2011,5,7,13.179,0, ['/ecs/DP1/PM/NSIDC-0051.001/2011.05.07/nt_20110507_f17_v1.1_n.bin']
North,2011,5,8,13.101,0, ['/ecs/DP1/PM/NSIDC-0051.001/2011.05.08/nt_20110508_f17_v1.1_n.bin']
North,2011,5,9,13.085,0, ['/ecs/DP1/PM/NSIDC-0051.001/2011.05.09/nt_20110509_f17_v1.1_n.bin']
North,2011,5,10,13.038,0, ['/ecs/DP1/PM/NSIDC-0051.001/2011.05.10/nt_20110510_f17_v1.1_n.bin']
North,2011,5,11,12.969,0, ['/ecs/DP1/PM/NSIDC-0051.001/2011.05.11/nt_20110511_f17_v1.1_n.bin']
North,2011,5,12,12.872,0, ['/ecs/DP1/PM/NSIDC-0051.001/2011.05.12/nt_20110512_f17_v1.1_n.bin']
North,2011,5,13,12.781,0, ['/ecs/DP1/PM/NSIDC-0051.001/2011.05.13/nt_20110513_f17_v1.1_n.bin']
North,2011,5,14,12.726,0, ['/ecs/DP1/PM/NSIDC-0051.001/2011.05.14/nt_20110514_f17_v1.1_n.bin']
North,2011,5,15,12.695,0, ['/ecs/DP1/PM/NSIDC-0051.001/2011.05.15/nt_20110515_f17_v1.1_n.bin']
North,2011,5,16,12.658,0, ['/ecs/DP1/PM/NSIDC-0051.001/2011.05.16/nt_20110516_f17_v1.1_n.bin']
North,2011,5,17,12.636,0, ['/ecs/DP1/PM/NSIDC-0051.001/2011.05.17/nt_20110517_f17_v1.1_n.bin']
North,2011,5,18,12.575,0, ['/ecs/DP1/PM/NSIDC-0051.001/2011.05.18/nt_20110518_f17_v1.1_n.bin']
North,2011,5,19,12.538,0, ['/ecs/DP1/PM/NSIDC-0051.001/2011.05.19/nt_20110519_f17_v1.1_n.bin']
North,2011,5,20,12.425,0, ['/ecs/DP1/PM/NSIDC-0051.001/2011.05.20/nt_20110520_f17_v1.1_n.bin']
North,2011,5,21,12.415,0, ['/ecs/DP1/PM/NSIDC-0051.001/2011.05.21/nt_20110521_f17_v1.1_n.bin']
North,2011,5,22,12.391,0, ['/ecs/DP1/PM/NSIDC-0051.001/2011.05.22/nt_20110522_f17_v1.1_n.bin']
North,2011,5,23,12.427,0, ['/ecs/DP1/PM/NSIDC-0051.001/2011.05.23/nt_20110523_f17_v1.1_n.bin']
North,2011,5,24,12.283,0, ['/ecs/DP1/PM/NSIDC-0051.001/2011.05.24/nt_20110524_f17_v1.1_n.bin']
North,2011,5,25,12.223,0, ['/ecs/DP1/PM/NSIDC-0051.001/2011.05.25/nt_20110525_f17_v1.1_n.bin']
North,2011,5,26,12.106,0, ['/ecs/DP1/PM/NSIDC-0051.001/2011.05.26/nt_20110526_f17_v1.1_n.bin']
North,2011,5,27,12.098,0, ['/ecs/DP1/PM/NSIDC-0051.001/2011.05.27/nt_20110527_f17_v1.1_n.bin']
North,2011,5,28,12.105,0, ['/ecs/DP1/PM/NSIDC-0051.001/2011.05.28/nt_20110528_f17_v1.1_n.bin']
North,2011,5,29,12.044,0, ['/ecs/DP1/PM/NSIDC-0051.001/2011.05.29/nt_20110529_f17_v1.1_n.bin']
North,2011,5,30,12.04,0, ['/ecs/DP1/PM/NSIDC-0051.001/2011.05.30/nt_20110530_f17_v1.1_n.bin']
North,2011,5,31,11.982,0, ['/ecs/DP1/PM/NSIDC-0051.001/2011.05.31/nt_20110531_f17_v1.1_n.bin']
North,2011,6,1,11.829,0, ['/ecs/DP1/PM/NSIDC-0051.001/2011.06.01/nt_20110601_f17_v1.1_n.bin']
North,2011,6,2,11.763,0, ['/ecs/DP1/PM/NSIDC-0051.001/2011.06.02/nt_20110602_f17_v1.1_n.bin']
North,2011,6,3,11.762,0, ['/ecs/DP1/PM/NSIDC-0051.001/2011.06.03/nt_20110603_f17_v1.1_n.bin']
North,2011,6,4,11.748,0, ['/ecs/DP1/PM/NSIDC-0051.001/2011.06.04/nt_20110604_f17_v1.1_n.bin']
North,2011,6,5,11.624,0, ['/ecs/DP1/PM/NSIDC-0051.001/2011.06.05/nt_20110605_f17_v1.1_n.bin']
North,2011,6,6,11.528,0, ['/ecs/DP1/PM/NSIDC-0051.001/2011.06.06/nt_20110606_f17_v1.1_n.bin']
North,2011,6,7,11.458,0, ['/ecs/DP1/PM/NSIDC-0051.001/2011.06.07/nt_20110607_f17_v1.1_n.bin']
North,2011,6,8,11.333,0, ['/ecs/DP1/PM/NSIDC-0051.001/2011.06.08/nt_20110608_f17_v1.1_n.bin']
North,2011,6,9,11.326,0, ['/ecs/DP1/PM/NSIDC-0051.001/2011.06.09/nt_20110609_f17_v1.1_n.bin']
North,2011,6,10,11.259,0, ['/ecs/DP1/PM/NSIDC-0051.001/2011.06.10/nt_20110610_f17_v1.1_n.bin']
North,2011,6,11,11.161,0, ['/ecs/DP1/PM/NSIDC-0051.001/2011.06.11/nt_20110611_f17_v1.1_n.bin']
North,2011,6,12,11.011,0, ['/ecs/DP1/PM/NSIDC-0051.001/2011.06.12/nt_20110612_f17_v1.1_n.bin']
North,2011,6,13,10.956,0, ['/ecs/DP1/PM/NSIDC-0051.001/2011.06.13/nt_20110613_f17_v1.1_n.bin']
North,2011,6,14,10.921,0, ['/ecs/DP1/PM/NSIDC-0051.001/2011.06.14/nt_20110614_f17_v1.1_n.bin']
North,2011,6,15,10.811,0, ['/ecs/DP1/PM/NSIDC-0051.001/2011.06.15/nt_20110615_f17_v1.1_n.bin']
North,2011,6,16,10.726,0, ['/ecs/DP1/PM/NSIDC-0051.001/2011.06.16/nt_20110616_f17_v1.1_n.bin']
North,2011,6,17,10.595,0, ['/ecs/DP1/PM/NSIDC-0051.001/2011.06.17/nt_20110617_f17_v1.1_n.bin']
North,2011,6,18,10.557,0, ['/ecs/DP1/PM/NSIDC-0051.001/2011.06.18/nt_20110618_f17_v1.1_n.bin']
North,2011,6,19,10.436,0, ['/ecs/DP1/PM/NSIDC-0051.001/2011.06.19/nt_20110619_f17_v1.1_n.bin']
North,2011,6,20,10.377,0, ['/ecs/DP1/PM/NSIDC-0051.001/2011.06.20/nt_20110620_f17_v1.1_n.bin']
North,2011,6,21,10.3,0, ['/ecs/DP1/PM/NSIDC-0051.001/2011.06.21/nt_20110621_f17_v1.1_n.bin']
North,2011,6,22,10.231,0, ['/ecs/DP1/PM/NSIDC-0051.001/2011.06.22/nt_20110622_f17_v1.1_n.bin']
North,2011,6,23,10.131,0, ['/ecs/DP1/PM/NSIDC-0051.001/2011.06.23/nt_20110623_f17_v1.1_n.bin']
North,2011,6,24,10.087,0, ['/ecs/DP1/PM/NSIDC-0051.001/2011.06.24/nt_20110624_f17_v1.1_n.bin']
North,2011,6,25,10.029,0, ['/ecs/DP1/PM/NSIDC-0051.001/2011.06.25/nt_20110625_f17_v1.1_n.bin']
North,2011,6,26,9.897,0, ['/ecs/DP1/PM/NSIDC-0051.001/2011.06.26/nt_20110626_f17_v1.1_n.bin']
North,2011,6,27,9.732,0, ['/ecs/DP1/PM/NSIDC-0051.001/2011.06.27/nt_20110627_f17_v1.1_n.bin']
North,2011,6,28,9.697,0, ['/ecs/DP1/PM/NSIDC-0051.001/2011.06.28/nt_20110628_f17_v1.1_n.bin']
North,2011,6,29,9.643,0, ['/ecs/DP1/PM/NSIDC-0051.001/2011.06.29/nt_20110629_f17_v1.1_n.bin']
North,2011,6,30,9.532,0, ['/ecs/DP1/PM/NSIDC-0051.001/2011.06.30/nt_20110630_f17_v1.1_n.bin']
North,2011,7,1,9.27,0, ['/ecs/DP1/PM/NSIDC-0051.001/2011.07.01/nt_20110701_f17_v1.1_n.bin']
North,2011,7,2,9.206,0, ['/ecs/DP1/PM/NSIDC-0051.001/2011.07.02/nt_20110702_f17_v1.1_n.bin']
North,2011,7,3,9.144,0, ['/ecs/DP1/PM/NSIDC-0051.001/2011.07.03/nt_20110703_f17_v1.1_n.bin']
North,2011,7,4,8.962,0, ['/ecs/DP1/PM/NSIDC-0051.001/2011.07.04/nt_20110704_f17_v1.1_n.bin']
North,2011,7,5,8.916,0, ['/ecs/DP1/PM/NSIDC-0051.001/2011.07.05/nt_20110705_f17_v1.1_n.bin']
North,2011,7,6,8.801,0, ['/ecs/DP1/PM/NSIDC-0051.001/2011.07.06/nt_20110706_f17_v1.1_n.bin']
North,2011,7,7,8.688,0, ['/ecs/DP1/PM/NSIDC-0051.001/2011.07.07/nt_20110707_f17_v1.1_n.bin']
North,2011,7,8,8.537,0, ['/ecs/DP1/PM/NSIDC-0051.001/2011.07.08/nt_20110708_f17_v1.1_n.bin']
North,2011,7,9,8.37,0, ['/ecs/DP1/PM/NSIDC-0051.001/2011.07.09/nt_20110709_f17_v1.1_n.bin']
North,2011,7,10,8.253,0, ['/ecs/DP1/PM/NSIDC-0051.001/2011.07.10/nt_20110710_f17_v1.1_n.bin']
North,2011,7,11,8.144,0, ['/ecs/DP1/PM/NSIDC-0051.001/2011.07.11/nt_20110711_f17_v1.1_n.bin']
North,2011,7,12,7.955,0, ['/ecs/DP1/PM/NSIDC-0051.001/2011.07.12/nt_20110712_f17_v1.1_n.bin']
North,2011,7,13,7.765,0, ['/ecs/DP1/PM/NSIDC-0051.001/2011.07.13/nt_20110713_f17_v1.1_n.bin']
North,2011,7,14,7.704,0, ['/ecs/DP1/PM/NSIDC-0051.001/2011.07.14/nt_20110714_f17_v1.1_n.bin']
North,2011,7,15,7.609,0, ['/ecs/DP1/PM/NSIDC-0051.001/2011.07.15/nt_20110715_f17_v1.1_n.bin']
North,2011,7,16,7.549,0, ['/ecs/DP1/PM/NSIDC-0051.001/2011.07.16/nt_20110716_f17_v1.1_n.bin']
North,2011,7,17,7.444,0, ['/ecs/DP1/PM/NSIDC-0051.001/2011.07.17/nt_20110717_f17_v1.1_n.bin']
North,2011,7,18,7.299,0, ['/ecs/DP1/PM/NSIDC-0051.001/2011.07.18/nt_20110718_f17_v1.1_n.bin']
North,2011,7,19,7.259,0, ['/ecs/DP1/PM/NSIDC-0051.001/2011.07.19/nt_20110719_f17_v1.1_n.bin']
North,2011,7,20,7.198,0, ['/ecs/DP1/PM/NSIDC-0051.001/2011.07.20/nt_20110720_f17_v1.1_n.bin']
North,2011,7,21,7.067,0, ['/ecs/DP1/PM/NSIDC-0051.001/2011.07.21/nt_20110721_f17_v1.1_n.bin']
North,2011,7,22,7.048,0, ['/ecs/DP1/PM/NSIDC-0051.001/2011.07.22/nt_20110722_f17_v1.1_n.bin']
North,2011,7,23,6.999,0, ['/ecs/DP1/PM/NSIDC-0051.001/2011.07.23/nt_20110723_f17_v1.1_n.bin']
North,2011,7,24,6.925,0, ['/ecs/DP1/PM/NSIDC-0051.001/2011.07.24/nt_20110724_f17_v1.1_n.bin']
North,2011,7,25,6.909,0, ['/ecs/DP1/PM/NSIDC-0051.001/2011.07.25/nt_20110725_f17_v1.1_n.bin']
North,2011,7,26,6.808,0, ['/ecs/DP1/PM/NSIDC-0051.001/2011.07.26/nt_20110726_f17_v1.1_n.bin']
North,2011,7,27,6.805,0, ['/ecs/DP1/PM/NSIDC-0051.001/2011.07.27/nt_20110727_f17_v1.1_n.bin']
North,2011,7,28,6.75,0, ['/ecs/DP1/PM/NSIDC-0051.001/2011.07.28/nt_20110728_f17_v1.1_n.bin']
North,2011,7,29,6.718,0, ['/ecs/DP1/PM/NSIDC-0051.001/2011.07.29/nt_20110729_f17_v1.1_n.bin']
North,2011,7,30,6.693,0, ['/ecs/DP1/PM/NSIDC-0051.001/2011.07.30/nt_20110730_f17_v1.1_n.bin']
North,2011,7,31,6.661,0, ['/ecs/DP1/PM/NSIDC-0051.001/2011.07.31/nt_20110731_f17_v1.1_n.bin']
North,2011,8,1,6.572,0, ['/ecs/DP1/PM/NSIDC-0051.001/2011.08.01/nt_20110801_f17_v1.1_n.bin']
North,2011,8,2,6.61,0, ['/ecs/DP1/PM/NSIDC-0051.001/2011.08.02/nt_20110802_f17_v1.1_n.bin']
North,2011,8,3,6.52,0, ['/ecs/DP1/PM/NSIDC-0051.001/2011.08.03/nt_20110803_f17_v1.1_n.bin']
North,2011,8,4,6.462,0, ['/ecs/DP1/PM/NSIDC-0051.001/2011.08.04/nt_20110804_f17_v1.1_n.bin']
North,2011,8,5,6.298,0, ['/ecs/DP1/PM/NSIDC-0051.001/2011.08.05/nt_20110805_f17_v1.1_n.bin']
North,2011,8,6,6.17,0, ['/ecs/DP1/PM/NSIDC-0051.001/2011.08.06/nt_20110806_f17_v1.1_n.bin']
North,2011,8,7,6.071,0, ['/ecs/DP1/PM/NSIDC-0051.001/2011.08.07/nt_20110807_f17_v1.1_n.bin']
North,2011,8,8,5.945,0, ['/ecs/DP1/PM/NSIDC-0051.001/2011.08.08/nt_20110808_f17_v1.1_n.bin']
North,2011,8,9,5.873,0, ['/ecs/DP1/PM/NSIDC-0051.001/2011.08.09/nt_20110809_f17_v1.1_n.bin']
North,2011,8,10,5.857,0, ['/ecs/DP1/PM/NSIDC-0051.001/2011.08.10/nt_20110810_f17_v1.1_n.bin']
North,2011,8,11,5.843,0, ['/ecs/DP1/PM/NSIDC-0051.001/2011.08.11/nt_20110811_f17_v1.1_n.bin']
North,2011,8,12,5.779,0, ['/ecs/DP1/PM/NSIDC-0051.001/2011.08.12/nt_20110812_f17_v1.1_n.bin']
North,2011,8,13,5.649,0, ['/ecs/DP1/PM/NSIDC-0051.001/2011.08.13/nt_20110813_f17_v1.1_n.bin']
North,2011,8,14,5.52,0, ['/ecs/DP1/PM/NSIDC-0051.001/2011.08.14/nt_20110814_f17_v1.1_n.bin']
North,2011,8,15,5.418,0, ['/ecs/DP1/PM/NSIDC-0051.001/2011.08.15/nt_20110815_f17_v1.1_n.bin']
North,2011,8,16,5.451,0, ['/ecs/DP1/PM/NSIDC-0051.001/2011.08.16/nt_20110816_f17_v1.1_n.bin']
North,2011,8,17,5.438,0, ['/ecs/DP1/PM/NSIDC-0051.001/2011.08.17/nt_20110817_f17_v1.1_n.bin']
North,2011,8,18,5.331,0, ['/ecs/DP1/PM/NSIDC-0051.001/2011.08.18/nt_20110818_f17_v1.1_n.bin']
North,2011,8,19,5.255,0, ['/ecs/DP1/PM/NSIDC-0051.001/2011.08.19/nt_20110819_f17_v1.1_n.bin']
North,2011,8,20,5.18,0, ['/ecs/DP1/PM/NSIDC-0051.001/2011.08.20/nt_20110820_f17_v1.1_n.bin']
North,2011,8,21,5.12,0, ['/ecs/DP1/PM/NSIDC-0051.001/2011.08.21/nt_20110821_f17_v1.1_n.bin']
North,2011,8,22,5.015,0, ['/ecs/DP1/PM/NSIDC-0051.001/2011.08.22/nt_20110822_f17_v1.1_n.bin']
North,2011,8,23,4.98,0, ['/ecs/DP1/PM/NSIDC-0051.001/2011.08.23/nt_20110823_f17_v1.1_n.bin']
North,2011,8,24,4.952,0, ['/ecs/DP1/PM/NSIDC-0051.001/2011.08.24/nt_20110824_f17_v1.1_n.bin']
North,2011,8,25,4.84,0, ['/ecs/DP1/PM/NSIDC-0051.001/2011.08.25/nt_20110825_f17_v1.1_n.bin']
North,2011,8,26,4.843,0, ['/ecs/DP1/PM/NSIDC-0051.001/2011.08.26/nt_20110826_f17_v1.1_n.bin']
North,2011,8,27,4.838,0, ['/ecs/DP1/PM/NSIDC-0051.001/2011.08.27/nt_20110827_f17_v1.1_n.bin']
North,2011,8,28,4.799,0, ['/ecs/DP1/PM/NSIDC-0051.001/2011.08.28/nt_20110828_f17_v1.1_n.bin']
North,2011,8,29,4.716,0, ['/ecs/DP1/PM/NSIDC-0051.001/2011.08.29/nt_20110829_f17_v1.1_n.bin']
North,2011,8,30,4.649,0, ['/ecs/DP1/PM/NSIDC-0051.001/2011.08.30/nt_20110830_f17_v1.1_n.bin']
North,2011,8,31,4.582,0, ['/ecs/DP1/PM/NSIDC-0051.001/2011.08.31/nt_20110831_f17_v1.1_n.bin']
North,2011,9,1,4.592,0, ['/ecs/DP1/PM/NSIDC-0051.001/2011.09.01/nt_20110901_f17_v1.1_n.bin']
North,2011,9,2,4.597,0, ['/ecs/DP1/PM/NSIDC-0051.001/2011.09.02/nt_20110902_f17_v1.1_n.bin']
North,2011,9,3,4.527,0, ['/ecs/DP1/PM/NSIDC-0051.001/2011.09.03/nt_20110903_f17_v1.1_n.bin']
North,2011,9,4,4.425,0, ['/ecs/DP1/PM/NSIDC-0051.001/2011.09.04/nt_20110904_f17_v1.1_n.bin']
North,2011,9,5,4.382,0, ['/ecs/DP1/PM/NSIDC-0051.001/2011.09.05/nt_20110905_f17_v1.1_n.bin']
North,2011,9,6,4.367,0, ['/ecs/DP1/PM/NSIDC-0051.001/2011.09.06/nt_20110906_f17_v1.1_n.bin']
North,2011,9,7,4.351,0, ['/ecs/DP1/PM/NSIDC-0051.001/2011.09.07/nt_20110907_f17_v1.1_n.bin']
North,2011,9,8,4.333,0, ['/ecs/DP1/PM/NSIDC-0051.001/2011.09.08/nt_20110908_f17_v1.1_n.bin']
North,2011,9,9,4.353,0, ['/ecs/DP1/PM/NSIDC-0051.001/2011.09.09/nt_20110909_f17_v1.1_n.bin']
North,2011,9,10,4.338,0, ['/ecs/DP1/PM/NSIDC-0051.001/2011.09.10/nt_20110910_f17_v1.1_n.bin']
North,2011,9,11,4.346,0, ['/ecs/DP1/PM/NSIDC-0051.001/2011.09.11/nt_20110911_f17_v1.1_n.bin']
North,2011,9,12,4.369,0, ['/ecs/DP1/PM/NSIDC-0051.001/2011.09.12/nt_20110912_f17_v1.1_n.bin']
North,2011,9,13,4.445,0, ['/ecs/DP1/PM/NSIDC-0051.001/2011.09.13/nt_20110913_f17_v1.1_n.bin']
North,2011,9,14,4.514,0, ['/ecs/DP1/PM/NSIDC-0051.001/2011.09.14/nt_20110914_f17_v1.1_n.bin']
North,2011,9,15,4.555,0, ['/ecs/DP1/PM/NSIDC-0051.001/2011.09.15/nt_20110915_f17_v1.1_n.bin']
North,2011,9,16,4.525,0, ['/ecs/DP1/PM/NSIDC-0051.001/2011.09.16/nt_20110916_f17_v1.1_n.bin']
North,2011,9,17,4.523,0, ['/ecs/DP1/PM/NSIDC-0051.001/2011.09.17/nt_20110917_f17_v1.1_n.bin']
North,2011,9,18,4.576,0, ['/ecs/DP1/PM/NSIDC-0051.001/2011.09.18/nt_20110918_f17_v1.1_n.bin']
North,2011,9,19,4.516,0, ['/ecs/DP1/PM/NSIDC-0051.001/2011.09.19/nt_20110919_f17_v1.1_n.bin']
North,2011,9,20,4.595,0, ['/ecs/DP1/PM/NSIDC-0051.001/2011.09.20/nt_20110920_f17_v1.1_n.bin']
North,2011,9,21,4.58,0, ['/ecs/DP1/PM/NSIDC-0051.001/2011.09.21/nt_20110921_f17_v1.1_n.bin']
North,2011,9,22,4.642,0, ['/ecs/DP1/PM/NSIDC-0051.001/2011.09.22/nt_20110922_f17_v1.1_n.bin']
North,2011,9,23,4.705,0, ['/ecs/DP1/PM/NSIDC-0051.001/2011.09.23/nt_20110923_f17_v1.1_n.bin']
North,2011,9,24,4.68,0, ['/ecs/DP1/PM/NSIDC-0051.001/2011.09.24/nt_20110924_f17_v1.1_n.bin']
North,2011,9,25,4.748,0, ['/ecs/DP1/PM/NSIDC-0051.001/2011.09.25/nt_20110925_f17_v1.1_n.bin']
North,2011,9,26,4.777,0, ['/ecs/DP1/PM/NSIDC-0051.001/2011.09.26/nt_20110926_f17_v1.1_n.bin']
North,2011,9,27,4.826,0, ['/ecs/DP1/PM/NSIDC-0051.001/2011.09.27/nt_20110927_f17_v1.1_n.bin']
North,2011,9,28,4.835,0, ['/ecs/DP1/PM/NSIDC-0051.001/2011.09.28/nt_20110928_f17_v1.1_n.bin']
North,2011,9,29,4.873,0, ['/ecs/DP1/PM/NSIDC-0051.001/2011.09.29/nt_20110929_f17_v1.1_n.bin']
North,2011,9,30,4.945,0, ['/ecs/DP1/PM/NSIDC-0051.001/2011.09.30/nt_20110930_f17_v1.1_n.bin']
North,2011,10,1,5.162,0, ['/ecs/DP1/PM/NSIDC-0051.001/2011.10.01/nt_20111001_f17_v1.1_n.bin']
North,2011,10,2,5.18,0, ['/ecs/DP1/PM/NSIDC-0051.001/2011.10.02/nt_20111002_f17_v1.1_n.bin']
North,2011,10,3,5.245,0, ['/ecs/DP1/PM/NSIDC-0051.001/2011.10.03/nt_20111003_f17_v1.1_n.bin']
North,2011,10,4,5.27,0, ['/ecs/DP1/PM/NSIDC-0051.001/2011.10.04/nt_20111004_f17_v1.1_n.bin']
North,2011,10,5,5.298,0, ['/ecs/DP1/PM/NSIDC-0051.001/2011.10.05/nt_20111005_f17_v1.1_n.bin']
North,2011,10,6,5.341,0, ['/ecs/DP1/PM/NSIDC-0051.001/2011.10.06/nt_20111006_f17_v1.1_n.bin']
North,2011,10,7,5.47,0, ['/ecs/DP1/PM/NSIDC-0051.001/2011.10.07/nt_20111007_f17_v1.1_n.bin']
North,2011,10,8,5.601,0, ['/ecs/DP1/PM/NSIDC-0051.001/2011.10.08/nt_20111008_f17_v1.1_n.bin']
North,2011,10,9,5.711,0, ['/ecs/DP1/PM/NSIDC-0051.001/2011.10.09/nt_20111009_f17_v1.1_n.bin']
North,2011,10,10,5.729,0, ['/ecs/DP1/PM/NSIDC-0051.001/2011.10.10/nt_20111010_f17_v1.1_n.bin']
North,2011,10,11,5.757,0, ['/ecs/DP1/PM/NSIDC-0051.001/2011.10.11/nt_20111011_f17_v1.1_n.bin']
North,2011,10,12,5.814,0, ['/ecs/DP1/PM/NSIDC-0051.001/2011.10.12/nt_20111012_f17_v1.1_n.bin']
North,2011,10,13,5.901,0, ['/ecs/DP1/PM/NSIDC-0051.001/2011.10.13/nt_20111013_f17_v1.1_n.bin']
North,2011,10,14,5.979,0, ['/ecs/DP1/PM/NSIDC-0051.001/2011.10.14/nt_20111014_f17_v1.1_n.bin']
North,2011,10,15,6.084,0, ['/ecs/DP1/PM/NSIDC-0051.001/2011.10.15/nt_20111015_f17_v1.1_n.bin']
North,2011,10,16,6.191,0, ['/ecs/DP1/PM/NSIDC-0051.001/2011.10.16/nt_20111016_f17_v1.1_n.bin']
North,2011,10,17,6.337,0, ['/ecs/DP1/PM/NSIDC-0051.001/2011.10.17/nt_20111017_f17_v1.1_n.bin']
North,2011,10,18,6.433,0, ['/ecs/DP1/PM/NSIDC-0051.001/2011.10.18/nt_20111018_f17_v1.1_n.bin']
North,2011,10,19,6.432,0, ['/ecs/DP1/PM/NSIDC-0051.001/2011.10.19/nt_20111019_f17_v1.1_n.bin']
North,2011,10,20,6.496,0, ['/ecs/DP1/PM/NSIDC-0051.001/2011.10.20/nt_20111020_f17_v1.1_n.bin']
North,2011,10,21,6.66,0, ['/ecs/DP1/PM/NSIDC-0051.001/2011.10.21/nt_20111021_f17_v1.1_n.bin']
North,2011,10,22,6.906,0, ['/ecs/DP1/PM/NSIDC-0051.001/2011.10.22/nt_20111022_f17_v1.1_n.bin']
North,2011,10,23,7.128,0, ['/ecs/DP1/PM/NSIDC-0051.001/2011.10.23/nt_20111023_f17_v1.1_n.bin']
North,2011,10,24,7.38,0, ['/ecs/DP1/PM/NSIDC-0051.001/2011.10.24/nt_20111024_f17_v1.1_n.bin']
North,2011,10,25,7.648,0, ['/ecs/DP1/PM/NSIDC-0051.001/2011.10.25/nt_20111025_f17_v1.1_n.bin']
North,2011,10,26,7.841,0, ['/ecs/DP1/PM/NSIDC-0051.001/2011.10.26/nt_20111026_f17_v1.1_n.bin']
North,2011,10,27,8.061,0, ['/ecs/DP1/PM/NSIDC-0051.001/2011.10.27/nt_20111027_f17_v1.1_n.bin']
North,2011,10,28,8.183,0, ['/ecs/DP1/PM/NSIDC-0051.001/2011.10.28/nt_20111028_f17_v1.1_n.bin']
North,2011,10,29,8.28,0, ['/ecs/DP1/PM/NSIDC-0051.001/2011.10.29/nt_20111029_f17_v1.1_n.bin']
North,2011,10,30,8.397,0, ['/ecs/DP1/PM/NSIDC-0051.001/2011.10.30/nt_20111030_f17_v1.1_n.bin']
North,2011,10,31,8.486,0, ['/ecs/DP1/PM/NSIDC-0051.001/2011.10.31/nt_20111031_f17_v1.1_n.bin']
North,2011,11,1,8.727,0, ['/ecs/DP1/PM/NSIDC-0051.001/2011.11.01/nt_20111101_f17_v1.1_n.bin']
North,2011,11,2,8.812,0, ['/ecs/DP1/PM/NSIDC-0051.001/2011.11.02/nt_20111102_f17_v1.1_n.bin']
North,2011,11,3,8.93,0, ['/ecs/DP1/PM/NSIDC-0051.001/2011.11.03/nt_20111103_f17_v1.1_n.bin']
North,2011,11,4,9.061,0, ['/ecs/DP1/PM/NSIDC-0051.001/2011.11.04/nt_20111104_f17_v1.1_n.bin']
North,2011,11,5,9.108,0, ['/ecs/DP1/PM/NSIDC-0051.001/2011.11.05/nt_20111105_f17_v1.1_n.bin']
North,2011,11,6,9.134,0, ['/ecs/DP1/PM/NSIDC-0051.001/2011.11.06/nt_20111106_f17_v1.1_n.bin']
North,2011,11,7,9.142,0, ['/ecs/DP1/PM/NSIDC-0051.001/2011.11.07/nt_20111107_f17_v1.1_n.bin']
North,2011,11,8,9.145,0, ['/ecs/DP1/PM/NSIDC-0051.001/2011.11.08/nt_20111108_f17_v1.1_n.bin']
North,2011,11,9,9.206,0, ['/ecs/DP1/PM/NSIDC-0051.001/2011.11.09/nt_20111109_f17_v1.1_n.bin']
North,2011,11,10,9.188,0, ['/ecs/DP1/PM/NSIDC-0051.001/2011.11.10/nt_20111110_f17_v1.1_n.bin']
North,2011,11,11,9.329,0, ['/ecs/DP1/PM/NSIDC-0051.001/2011.11.11/nt_20111111_f17_v1.1_n.bin']
North,2011,11,12,9.458,0, ['/ecs/DP1/PM/NSIDC-0051.001/2011.11.12/nt_20111112_f17_v1.1_n.bin']
North,2011,11,13,9.502,0, ['/ecs/DP1/PM/NSIDC-0051.001/2011.11.13/nt_20111113_f17_v1.1_n.bin']
North,2011,11,14,9.643,0, ['/ecs/DP1/PM/NSIDC-0051.001/2011.11.14/nt_20111114_f17_v1.1_n.bin']
North,2011,11,15,9.751,0, ['/ecs/DP1/PM/NSIDC-0051.001/2011.11.15/nt_20111115_f17_v1.1_n.bin']
North,2011,11,16,9.807,0, ['/ecs/DP1/PM/NSIDC-0051.001/2011.11.16/nt_20111116_f17_v1.1_n.bin']
North,2011,11,17,9.904,0, ['/ecs/DP1/PM/NSIDC-0051.001/2011.11.17/nt_20111117_f17_v1.1_n.bin']
North,2011,11,18,9.893,0, ['/ecs/DP1/PM/NSIDC-0051.001/2011.11.18/nt_20111118_f17_v1.1_n.bin']
North,2011,11,19,9.972,0, ['/ecs/DP1/PM/NSIDC-0051.001/2011.11.19/nt_20111119_f17_v1.1_n.bin']
North,2011,11,20,10.095,0, ['/ecs/DP1/PM/NSIDC-0051.001/2011.11.20/nt_20111120_f17_v1.1_n.bin']
North,2011,11,21,10.329,0, ['/ecs/DP1/PM/NSIDC-0051.001/2011.11.21/nt_20111121_f17_v1.1_n.bin']
North,2011,11,22,10.264,0, ['/ecs/DP1/PM/NSIDC-0051.001/2011.11.22/nt_20111122_f17_v1.1_n.bin']
North,2011,11,23,10.376,0, ['/ecs/DP1/PM/NSIDC-0051.001/2011.11.23/nt_20111123_f17_v1.1_n.bin']
North,2011,11,24,10.438,0, ['/ecs/DP1/PM/NSIDC-0051.001/2011.11.24/nt_20111124_f17_v1.1_n.bin']
North,2011,11,25,10.5,0, ['/ecs/DP1/PM/NSIDC-0051.001/2011.11.25/nt_20111125_f17_v1.1_n.bin']
North,2011,11,26,10.545,0, ['/ecs/DP1/PM/NSIDC-0051.001/2011.11.26/nt_20111126_f17_v1.1_n.bin']
North,2011,11,27,10.64,0, ['/ecs/DP1/PM/NSIDC-0051.001/2011.11.27/nt_20111127_f17_v1.1_n.bin']
North,2011,11,28,10.661,0, ['/ecs/DP1/PM/NSIDC-0051.001/2011.11.28/nt_20111128_f17_v1.1_n.bin']
North,2011,11,29,10.782,0, ['/ecs/DP1/PM/NSIDC-0051.001/2011.11.29/nt_20111129_f17_v1.1_n.bin']
North,2011,11,30,10.812,0, ['/ecs/DP1/PM/NSIDC-0051.001/2011.11.30/nt_20111130_f17_v1.1_n.bin']
North,2011,12,1,11.038,0, ['/ecs/DP1/PM/NSIDC-0051.001/2011.12.01/nt_20111201_f17_v1.1_n.bin']
North,2011,12,2,10.974,0, ['/ecs/DP1/PM/NSIDC-0051.001/2011.12.02/nt_20111202_f17_v1.1_n.bin']
North,2011,12,3,11.08,0, ['/ecs/DP1/PM/NSIDC-0051.001/2011.12.03/nt_20111203_f17_v1.1_n.bin']
North,2011,12,4,11.247,0, ['/ecs/DP1/PM/NSIDC-0051.001/2011.12.04/nt_20111204_f17_v1.1_n.bin']
North,2011,12,5,11.331,0, ['/ecs/DP1/PM/NSIDC-0051.001/2011.12.05/nt_20111205_f17_v1.1_n.bin']
North,2011,12,6,11.507,0, ['/ecs/DP1/PM/NSIDC-0051.001/2011.12.06/nt_20111206_f17_v1.1_n.bin']
North,2011,12,7,11.548,0, ['/ecs/DP1/PM/NSIDC-0051.001/2011.12.07/nt_20111207_f17_v1.1_n.bin']
North,2011,12,8,11.696,0, ['/ecs/DP1/PM/NSIDC-0051.001/2011.12.08/nt_20111208_f17_v1.1_n.bin']
North,2011,12,9,11.807,0, ['/ecs/DP1/PM/NSIDC-0051.001/2011.12.09/nt_20111209_f17_v1.1_n.bin']
North,2011,12,10,11.827,0, ['/ecs/DP1/PM/NSIDC-0051.001/2011.12.10/nt_20111210_f17_v1.1_n.bin']
North,2011,12,11,11.781,0, ['/ecs/DP1/PM/NSIDC-0051.001/2011.12.11/nt_20111211_f17_v1.1_n.bin']
North,2011,12,12,11.958,0, ['/ecs/DP1/PM/NSIDC-0051.001/2011.12.12/nt_20111212_f17_v1.1_n.bin']
North,2011,12,13,12.01,0, ['/ecs/DP1/PM/NSIDC-0051.001/2011.12.13/nt_20111213_f17_v1.1_n.bin']
North,2011,12,14,12.117,0, ['/ecs/DP1/PM/NSIDC-0051.001/2011.12.14/nt_20111214_f17_v1.1_n.bin']
North,2011,12,15,12.191,0, ['/ecs/DP1/PM/NSIDC-0051.001/2011.12.15/nt_20111215_f17_v1.1_n.bin']
North,2011,12,16,12.305,0, ['/ecs/DP1/PM/NSIDC-0051.001/2011.12.16/nt_20111216_f17_v1.1_n.bin']
North,2011,12,17,12.245,0, ['/ecs/DP1/PM/NSIDC-0051.001/2011.12.17/nt_20111217_f17_v1.1_n.bin']
North,2011,12,18,12.285,0, ['/ecs/DP1/PM/NSIDC-0051.001/2011.12.18/nt_20111218_f17_v1.1_n.bin']
North,2011,12,19,12.369,0, ['/ecs/DP1/PM/NSIDC-0051.001/2011.12.19/nt_20111219_f17_v1.1_n.bin']
North,2011,12,20,12.391,0, ['/ecs/DP1/PM/NSIDC-0051.001/2011.12.20/nt_20111220_f17_v1.1_n.bin']
North,2011,12,21,12.529,0, ['/ecs/DP1/PM/NSIDC-0051.001/2011.12.21/nt_20111221_f17_v1.1_n.bin']
North,2011,12,22,12.633,0, ['/ecs/DP1/PM/NSIDC-0051.001/2011.12.22/nt_20111222_f17_v1.1_n.bin']
North,2011,12,23,12.713,0, ['/ecs/DP1/PM/NSIDC-0051.001/2011.12.23/nt_20111223_f17_v1.1_n.bin']
North,2011,12,24,12.771,0, ['/ecs/DP1/PM/NSIDC-0051.001/2011.12.24/nt_20111224_f17_v1.1_n.bin']
North,2011,12,25,12.725,0, ['/ecs/DP1/PM/NSIDC-0051.001/2011.12.25/nt_20111225_f17_v1.1_n.bin']
North,2011,12,26,12.682,0, ['/ecs/DP1/PM/NSIDC-0051.001/2011.12.26/nt_20111226_f17_v1.1_n.bin']
North,2011,12,27,12.755,0, ['/ecs/DP1/PM/NSIDC-0051.001/2011.12.27/nt_20111227_f17_v1.1_n.bin']
North,2011,12,28,12.854,0, ['/ecs/DP1/PM/NSIDC-0051.001/2011.12.28/nt_20111228_f17_v1.1_n.bin']
North,2011,12,29,13.097,0, ['/ecs/DP1/PM/NSIDC-0051.001/2011.12.29/nt_20111229_f17_v1.1_n.bin']
North,2011,12,30,13.115,0, ['/ecs/DP1/PM/NSIDC-0051.001/2011.12.30/nt_20111230_f17_v1.1_n.bin']
North,2011,12,31,13.18,0, ['/ecs/DP1/PM/NSIDC-0051.001/2011.12.31/nt_20111231_f17_v1.1_n.bin']
North,2012,1,1,13.353,0, ['/ecs/DP1/PM/NSIDC-0051.001/2012.01.01/nt_20120101_f17_v1.1_n.bin']
North,2012,1,2,13.421,0, ['/ecs/DP1/PM/NSIDC-0051.001/2012.01.02/nt_20120102_f17_v1.1_n.bin']
North,2012,1,3,13.379,0, ['/ecs/DP1/PM/NSIDC-0051.001/2012.01.03/nt_20120103_f17_v1.1_n.bin']
North,2012,1,4,13.414,0, ['/ecs/DP1/PM/NSIDC-0051.001/2012.01.04/nt_20120104_f17_v1.1_n.bin']
North,2012,1,5,13.417,0, ['/ecs/DP1/PM/NSIDC-0051.001/2012.01.05/nt_20120105_f17_v1.1_n.bin']
North,2012,1,6,13.404,0, ['/ecs/DP1/PM/NSIDC-0051.001/2012.01.06/nt_20120106_f17_v1.1_n.bin']
North,2012,1,7,13.477,0, ['/ecs/DP1/PM/NSIDC-0051.001/2012.01.07/nt_20120107_f17_v1.1_n.bin']
North,2012,1,8,13.544,0, ['/ecs/DP1/PM/NSIDC-0051.001/2012.01.08/nt_20120108_f17_v1.1_n.bin']
North,2012,1,9,13.64,0, ['/ecs/DP1/PM/NSIDC-0051.001/2012.01.09/nt_20120109_f17_v1.1_n.bin']
North,2012,1,10,13.691,0, ['/ecs/DP1/PM/NSIDC-0051.001/2012.01.10/nt_20120110_f17_v1.1_n.bin']
North,2012,1,11,13.749,0, ['/ecs/DP1/PM/NSIDC-0051.001/2012.01.11/nt_20120111_f17_v1.1_n.bin']
North,2012,1,12,13.879,0, ['/ecs/DP1/PM/NSIDC-0051.001/2012.01.12/nt_20120112_f17_v1.1_n.bin']
North,2012,1,13,13.883,0, ['/ecs/DP1/PM/NSIDC-0051.001/2012.01.13/nt_20120113_f17_v1.1_n.bin']
North,2012,1,14,13.84,0, ['/ecs/DP1/PM/NSIDC-0051.001/2012.01.14/nt_20120114_f17_v1.1_n.bin']
North,2012,1,15,13.703,0, ['/ecs/DP1/PM/NSIDC-0051.001/2012.01.15/nt_20120115_f17_v1.1_n.bin']
North,2012,1,16,13.624,0, ['/ecs/DP1/PM/NSIDC-0051.001/2012.01.16/nt_20120116_f17_v1.1_n.bin']
North,2012,1,17,13.599,0, ['/ecs/DP1/PM/NSIDC-0051.001/2012.01.17/nt_20120117_f17_v1.1_n.bin']
North,2012,1,18,13.655,0, ['/ecs/DP1/PM/NSIDC-0051.001/2012.01.18/nt_20120118_f17_v1.1_n.bin']
North,2012,1,19,13.673,0, ['/ecs/DP1/PM/NSIDC-0051.001/2012.01.19/nt_20120119_f17_v1.1_n.bin']
North,2012,1,20,13.676,0, ['/ecs/DP1/PM/NSIDC-0051.001/2012.01.20/nt_20120120_f17_v1.1_n.bin']
North,2012,1,21,13.782,0, ['/ecs/DP1/PM/NSIDC-0051.001/2012.01.21/nt_20120121_f17_v1.1_n.bin']
North,2012,1,22,13.89,0, ['/ecs/DP1/PM/NSIDC-0051.001/2012.01.22/nt_20120122_f17_v1.1_n.bin']
North,2012,1,23,13.964,0, ['/ecs/DP1/PM/NSIDC-0051.001/2012.01.23/nt_20120123_f17_v1.1_n.bin']
North,2012,1,24,13.982,0, ['/ecs/DP1/PM/NSIDC-0051.001/2012.01.24/nt_20120124_f17_v1.1_n.bin']
North,2012,1,25,13.914,0, ['/ecs/DP1/PM/NSIDC-0051.001/2012.01.25/nt_20120125_f17_v1.1_n.bin']
North,2012,1,26,13.962,0, ['/ecs/DP1/PM/NSIDC-0051.001/2012.01.26/nt_20120126_f17_v1.1_n.bin']
North,2012,1,27,13.93,0, ['/ecs/DP1/PM/NSIDC-0051.001/2012.01.27/nt_20120127_f17_v1.1_n.bin']
North,2012,1,28,14.048,0, ['/ecs/DP1/PM/NSIDC-0051.001/2012.01.28/nt_20120128_f17_v1.1_n.bin']
North,2012,1,29,14.035,0, ['/ecs/DP1/PM/NSIDC-0051.001/2012.01.29/nt_20120129_f17_v1.1_n.bin']
North,2012,1,30,14.036,0, ['/ecs/DP1/PM/NSIDC-0051.001/2012.01.30/nt_20120130_f17_v1.1_n.bin']
North,2012,1,31,14.048,0, ['/ecs/DP1/PM/NSIDC-0051.001/2012.01.31/nt_20120131_f17_v1.1_n.bin']
North,2012,2,1,14.11,0, ['/ecs/DP1/PM/NSIDC-0051.001/2012.02.01/nt_20120201_f17_v1.1_n.bin']
North,2012,2,2,14.137,0, ['/ecs/DP1/PM/NSIDC-0051.001/2012.02.02/nt_20120202_f17_v1.1_n.bin']
North,2012,2,3,14.078,0, ['/ecs/DP1/PM/NSIDC-0051.001/2012.02.03/nt_20120203_f17_v1.1_n.bin']
North,2012,2,4,14.11,0, ['/ecs/DP1/PM/NSIDC-0051.001/2012.02.04/nt_20120204_f17_v1.1_n.bin']
North,2012,2,5,14.169,0, ['/ecs/DP1/PM/NSIDC-0051.001/2012.02.05/nt_20120205_f17_v1.1_n.bin']
North,2012,2,6,14.204,0, ['/ecs/DP1/PM/NSIDC-0051.001/2012.02.06/nt_20120206_f17_v1.1_n.bin']
North,2012,2,7,14.263,0, ['/ecs/DP1/PM/NSIDC-0051.001/2012.02.07/nt_20120207_f17_v1.1_n.bin']
North,2012,2,8,14.356,0, ['/ecs/DP1/PM/NSIDC-0051.001/2012.02.08/nt_20120208_f17_v1.1_n.bin']
North,2012,2,9,14.325,0, ['/ecs/DP1/PM/NSIDC-0051.001/2012.02.09/nt_20120209_f17_v1.1_n.bin']
North,2012,2,10,14.353,0, ['/ecs/DP1/PM/NSIDC-0051.001/2012.02.10/nt_20120210_f17_v1.1_n.bin']
North,2012,2,11,14.456,0, ['/ecs/DP1/PM/NSIDC-0051.001/2012.02.11/nt_20120211_f17_v1.1_n.bin']
North,2012,2,12,14.546,0, ['/ecs/DP1/PM/NSIDC-0051.001/2012.02.12/nt_20120212_f17_v1.1_n.bin']
North,2012,2,13,14.585,0, ['/ecs/DP1/PM/NSIDC-0051.001/2012.02.13/nt_20120213_f17_v1.1_n.bin']
North,2012,2,14,14.663,0, ['/ecs/DP1/PM/NSIDC-0051.001/2012.02.14/nt_20120214_f17_v1.1_n.bin']
North,2012,2,15,14.697,0, ['/ecs/DP1/PM/NSIDC-0051.001/2012.02.15/nt_20120215_f17_v1.1_n.bin']
North,2012,2,16,14.678,0, ['/ecs/DP1/PM/NSIDC-0051.001/2012.02.16/nt_20120216_f17_v1.1_n.bin']
North,2012,2,17,14.675,0, ['/ecs/DP1/PM/NSIDC-0051.001/2012.02.17/nt_20120217_f17_v1.1_n.bin']
North,2012,2,18,14.71,0, ['/ecs/DP1/PM/NSIDC-0051.001/2012.02.18/nt_20120218_f17_v1.1_n.bin']
North,2012,2,19,14.677,0, ['/ecs/DP1/PM/NSIDC-0051.001/2012.02.19/nt_20120219_f17_v1.1_n.bin']
North,2012,2,20,14.697,0, ['/ecs/DP1/PM/NSIDC-0051.001/2012.02.20/nt_20120220_f17_v1.1_n.bin']
North,2012,2,21,14.709,0, ['/ecs/DP1/PM/NSIDC-0051.001/2012.02.21/nt_20120221_f17_v1.1_n.bin']
North,2012,2,22,14.729,0, ['/ecs/DP1/PM/NSIDC-0051.001/2012.02.22/nt_20120222_f17_v1.1_n.bin']
North,2012,2,23,14.797,0, ['/ecs/DP1/PM/NSIDC-0051.001/2012.02.23/nt_20120223_f17_v1.1_n.bin']
North,2012,2,24,14.786,0, ['/ecs/DP1/PM/NSIDC-0051.001/2012.02.24/nt_20120224_f17_v1.1_n.bin']
North,2012,2,25,14.817,0, ['/ecs/DP1/PM/NSIDC-0051.001/2012.02.25/nt_20120225_f17_v1.1_n.bin']
North,2012,2,26,14.854,0, ['/ecs/DP1/PM/NSIDC-0051.001/2012.02.26/nt_20120226_f17_v1.1_n.bin']
North,2012,2,27,14.853,0, ['/ecs/DP1/PM/NSIDC-0051.001/2012.02.27/nt_20120227_f17_v1.1_n.bin']
North,2012,2,28,14.997,0, ['/ecs/DP1/PM/NSIDC-0051.001/2012.02.28/nt_20120228_f17_v1.1_n.bin']
North,2012,2,29,15.016,0, ['/ecs/DP1/PM/NSIDC-0051.001/2012.02.29/nt_20120229_f17_v1.1_n.bin']
North,2012,3,1,15.133,0, ['/ecs/DP1/PM/NSIDC-0051.001/2012.03.01/nt_20120301_f17_v1.1_n.bin']
North,2012,3,2,15.196,0, ['/ecs/DP1/PM/NSIDC-0051.001/2012.03.02/nt_20120302_f17_v1.1_n.bin']
North,2012,3,3,15.212,0, ['/ecs/DP1/PM/NSIDC-0051.001/2012.03.03/nt_20120303_f17_v1.1_n.bin']
North,2012,3,4,15.298,0, ['/ecs/DP1/PM/NSIDC-0051.001/2012.03.04/nt_20120304_f17_v1.1_n.bin']
North,2012,3,5,15.263,0, ['/ecs/DP1/PM/NSIDC-0051.001/2012.03.05/nt_20120305_f17_v1.1_n.bin']
North,2012,3,6,15.211,0, ['/ecs/DP1/PM/NSIDC-0051.001/2012.03.06/nt_20120306_f17_v1.1_n.bin']
North,2012,3,7,15.187,0, ['/ecs/DP1/PM/NSIDC-0051.001/2012.03.07/nt_20120307_f17_v1.1_n.bin']
North,2012,3,8,15.169,0, ['/ecs/DP1/PM/NSIDC-0051.001/2012.03.08/nt_20120308_f17_v1.1_n.bin']
North,2012,3,9,15.2,0, ['/ecs/DP1/PM/NSIDC-0051.001/2012.03.09/nt_20120309_f17_v1.1_n.bin']
North,2012,3,10,15.17,0, ['/ecs/DP1/PM/NSIDC-0051.001/2012.03.10/nt_20120310_f17_v1.1_n.bin']
North,2012,3,11,15.168,0, ['/ecs/DP1/PM/NSIDC-0051.001/2012.03.11/nt_20120311_f17_v1.1_n.bin']
North,2012,3,12,15.167,0, ['/ecs/DP1/PM/NSIDC-0051.001/2012.03.12/nt_20120312_f17_v1.1_n.bin']
North,2012,3,13,15.069,0, ['/ecs/DP1/PM/NSIDC-0051.001/2012.03.13/nt_20120313_f17_v1.1_n.bin']
North,2012,3,14,15.078,0, ['/ecs/DP1/PM/NSIDC-0051.001/2012.03.14/nt_20120314_f17_v1.1_n.bin']
North,2012,3,15,15.266,0, ['/ecs/DP1/PM/NSIDC-0051.001/2012.03.15/nt_20120315_f17_v1.1_n.bin']
North,2012,3,16,15.29,0, ['/ecs/DP1/PM/NSIDC-0051.001/2012.03.16/nt_20120316_f17_v1.1_n.bin']
North,2012,3,17,15.294,0, ['/ecs/DP1/PM/NSIDC-0051.001/2012.03.17/nt_20120317_f17_v1.1_n.bin']
North,2012,3,18,15.307,0, ['/ecs/DP1/PM/NSIDC-0051.001/2012.03.18/nt_20120318_f17_v1.1_n.bin']
North,2012,3,19,15.29,0, ['/ecs/DP1/PM/NSIDC-0051.001/2012.03.19/nt_20120319_f17_v1.1_n.bin']
North,2012,3,20,15.291,0, ['/ecs/DP1/PM/NSIDC-0051.001/2012.03.20/nt_20120320_f17_v1.1_n.bin']
North,2012,3,21,15.218,0, ['/ecs/DP1/PM/NSIDC-0051.001/2012.03.21/nt_20120321_f17_v1.1_n.bin']
North,2012,3,22,15.204,0, ['/ecs/DP1/PM/NSIDC-0051.001/2012.03.22/nt_20120322_f17_v1.1_n.bin']
North,2012,3,23,15.165,0, ['/ecs/DP1/PM/NSIDC-0051.001/2012.03.23/nt_20120323_f17_v1.1_n.bin']
North,2012,3,24,15.157,0, ['/ecs/DP1/PM/NSIDC-0051.001/2012.03.24/nt_20120324_f17_v1.1_n.bin']
North,2012,3,25,15.107,0, ['/ecs/DP1/PM/NSIDC-0051.001/2012.03.25/nt_20120325_f17_v1.1_n.bin']
North,2012,3,26,15.166,0, ['/ecs/DP1/PM/NSIDC-0051.001/2012.03.26/nt_20120326_f17_v1.1_n.bin']
North,2012,3,27,15.152,0, ['/ecs/DP1/PM/NSIDC-0051.001/2012.03.27/nt_20120327_f17_v1.1_n.bin']
North,2012,3,28,15.16,0, ['/ecs/DP1/PM/NSIDC-0051.001/2012.03.28/nt_20120328_f17_v1.1_n.bin']
North,2012,3,29,15.193,0, ['/ecs/DP1/PM/NSIDC-0051.001/2012.03.29/nt_20120329_f17_v1.1_n.bin']
North,2012,3,30,15.14,0, ['/ecs/DP1/PM/NSIDC-0051.001/2012.03.30/nt_20120330_f17_v1.1_n.bin']
North,2012,3,31,15.163,0, ['/ecs/DP1/PM/NSIDC-0051.001/2012.03.31/nt_20120331_f17_v1.1_n.bin']
North,2012,4,1,15.107,0, ['/ecs/DP1/PM/NSIDC-0051.001/2012.04.01/nt_20120401_f17_v1.1_n.bin']
North,2012,4,2,15.077,0, ['/ecs/DP1/PM/NSIDC-0051.001/2012.04.02/nt_20120402_f17_v1.1_n.bin']
North,2012,4,3,15.117,0, ['/ecs/DP1/PM/NSIDC-0051.001/2012.04.03/nt_20120403_f17_v1.1_n.bin']
North,2012,4,4,15.065,0, ['/ecs/DP1/PM/NSIDC-0051.001/2012.04.04/nt_20120404_f17_v1.1_n.bin']
North,2012,4,5,14.942,0, ['/ecs/DP1/PM/NSIDC-0051.001/2012.04.05/nt_20120405_f17_v1.1_n.bin']
North,2012,4,6,14.919,0, ['/ecs/DP1/PM/NSIDC-0051.001/2012.04.06/nt_20120406_f17_v1.1_n.bin']
North,2012,4,7,14.803,0, ['/ecs/DP1/PM/NSIDC-0051.001/2012.04.07/nt_20120407_f17_v1.1_n.bin']
North,2012,4,8,14.853,0, ['/ecs/DP1/PM/NSIDC-0051.001/2012.04.08/nt_20120408_f17_v1.1_n.bin']
North,2012,4,9,14.796,0, ['/ecs/DP1/PM/NSIDC-0051.001/2012.04.09/nt_20120409_f17_v1.1_n.bin']
North,2012,4,10,14.786,0, ['/ecs/DP1/PM/NSIDC-0051.001/2012.04.10/nt_20120410_f17_v1.1_n.bin']
North,2012,4,11,14.705,0, ['/ecs/DP1/PM/NSIDC-0051.001/2012.04.11/nt_20120411_f17_v1.1_n.bin']
North,2012,4,12,14.687,0, ['/ecs/DP1/PM/NSIDC-0051.001/2012.04.12/nt_20120412_f17_v1.1_n.bin']
North,2012,4,13,14.655,0, ['/ecs/DP1/PM/NSIDC-0051.001/2012.04.13/nt_20120413_f17_v1.1_n.bin']
North,2012,4,14,14.657,0, ['/ecs/DP1/PM/NSIDC-0051.001/2012.04.14/nt_20120414_f17_v1.1_n.bin']
North,2012,4,15,14.679,0, ['/ecs/DP1/PM/NSIDC-0051.001/2012.04.15/nt_20120415_f17_v1.1_n.bin']
North,2012,4,16,14.731,0, ['/ecs/DP1/PM/NSIDC-0051.001/2012.04.16/nt_20120416_f17_v1.1_n.bin']
North,2012,4,17,14.663,0, ['/ecs/DP1/PM/NSIDC-0051.001/2012.04.17/nt_20120417_f17_v1.1_n.bin']
North,2012,4,18,14.613,0, ['/ecs/DP1/PM/NSIDC-0051.001/2012.04.18/nt_20120418_f17_v1.1_n.bin']
North,2012,4,19,14.579,0, ['/ecs/DP1/PM/NSIDC-0051.001/2012.04.19/nt_20120419_f17_v1.1_n.bin']
North,2012,4,20,14.603,0, ['/ecs/DP1/PM/NSIDC-0051.001/2012.04.20/nt_20120420_f17_v1.1_n.bin']
North,2012,4,21,14.597,0, ['/ecs/DP1/PM/NSIDC-0051.001/2012.04.21/nt_20120421_f17_v1.1_n.bin']
North,2012,4,22,14.523,0, ['/ecs/DP1/PM/NSIDC-0051.001/2012.04.22/nt_20120422_f17_v1.1_n.bin']
North,2012,4,23,14.501,0, ['/ecs/DP1/PM/NSIDC-0051.001/2012.04.23/nt_20120423_f17_v1.1_n.bin']
North,2012,4,24,14.455,0, ['/ecs/DP1/PM/NSIDC-0051.001/2012.04.24/nt_20120424_f17_v1.1_n.bin']
North,2012,4,25,14.39,0, ['/ecs/DP1/PM/NSIDC-0051.001/2012.04.25/nt_20120425_f17_v1.1_n.bin']
North,2012,4,26,14.272,0, ['/ecs/DP1/PM/NSIDC-0051.001/2012.04.26/nt_20120426_f17_v1.1_n.bin']
North,2012,4,27,14.164,0, ['/ecs/DP1/PM/NSIDC-0051.001/2012.04.27/nt_20120427_f17_v1.1_n.bin']
North,2012,4,28,14.091,0, ['/ecs/DP1/PM/NSIDC-0051.001/2012.04.28/nt_20120428_f17_v1.1_n.bin']
North,2012,4,29,13.94,0, ['/ecs/DP1/PM/NSIDC-0051.001/2012.04.29/nt_20120429_f17_v1.1_n.bin']
North,2012,4,30,13.803,0, ['/ecs/DP1/PM/NSIDC-0051.001/2012.04.30/nt_20120430_f17_v1.1_n.bin']
North,2012,5,1,13.596,0, ['/ecs/DP1/PM/NSIDC-0051.001/2012.05.01/nt_20120501_f17_v1.1_n.bin']
North,2012,5,2,13.584,0, ['/ecs/DP1/PM/NSIDC-0051.001/2012.05.02/nt_20120502_f17_v1.1_n.bin']
North,2012,5,3,13.562,0, ['/ecs/DP1/PM/NSIDC-0051.001/2012.05.03/nt_20120503_f17_v1.1_n.bin']
North,2012,5,4,13.491,0, ['/ecs/DP1/PM/NSIDC-0051.001/2012.05.04/nt_20120504_f17_v1.1_n.bin']
North,2012,5,5,13.477,0, ['/ecs/DP1/PM/NSIDC-0051.001/2012.05.05/nt_20120505_f17_v1.1_n.bin']
North,2012,5,6,13.461,0, ['/ecs/DP1/PM/NSIDC-0051.001/2012.05.06/nt_20120506_f17_v1.1_n.bin']
North,2012,5,7,13.442,0, ['/ecs/DP1/PM/NSIDC-0051.001/2012.05.07/nt_20120507_f17_v1.1_n.bin']
North,2012,5,8,13.375,0, ['/ecs/DP1/PM/NSIDC-0051.001/2012.05.08/nt_20120508_f17_v1.1_n.bin']
North,2012,5,9,13.353,0, ['/ecs/DP1/PM/NSIDC-0051.001/2012.05.09/nt_20120509_f17_v1.1_n.bin']
North,2012,5,10,13.359,0, ['/ecs/DP1/PM/NSIDC-0051.001/2012.05.10/nt_20120510_f17_v1.1_n.bin']
North,2012,5,11,13.377,0, ['/ecs/DP1/PM/NSIDC-0051.001/2012.05.11/nt_20120511_f17_v1.1_n.bin']
North,2012,5,12,13.308,0, ['/ecs/DP1/PM/NSIDC-0051.001/2012.05.12/nt_20120512_f17_v1.1_n.bin']
North,2012,5,13,13.22,0, ['/ecs/DP1/PM/NSIDC-0051.001/2012.05.13/nt_20120513_f17_v1.1_n.bin']
North,2012,5,14,13.117,0, ['/ecs/DP1/PM/NSIDC-0051.001/2012.05.14/nt_20120514_f17_v1.1_n.bin']
North,2012,5,15,13.067,0, ['/ecs/DP1/PM/NSIDC-0051.001/2012.05.15/nt_20120515_f17_v1.1_n.bin']
North,2012,5,16,13.008,0, ['/ecs/DP1/PM/NSIDC-0051.001/2012.05.16/nt_20120516_f17_v1.1_n.bin']
North,2012,5,17,12.967,0, ['/ecs/DP1/PM/NSIDC-0051.001/2012.05.17/nt_20120517_f17_v1.1_n.bin']
North,2012,5,18,12.957,0, ['/ecs/DP1/PM/NSIDC-0051.001/2012.05.18/nt_20120518_f17_v1.1_n.bin']
North,2012,5,19,12.926,0, ['/ecs/DP1/PM/NSIDC-0051.001/2012.05.19/nt_20120519_f17_v1.1_n.bin']
North,2012,5,20,12.807,0, ['/ecs/DP1/PM/NSIDC-0051.001/2012.05.20/nt_20120520_f17_v1.1_n.bin']
North,2012,5,21,12.727,0, ['/ecs/DP1/PM/NSIDC-0051.001/2012.05.21/nt_20120521_f17_v1.1_n.bin']
North,2012,5,22,12.649,0, ['/ecs/DP1/PM/NSIDC-0051.001/2012.05.22/nt_20120522_f17_v1.1_n.bin']
North,2012,5,23,12.664,0, ['/ecs/DP1/PM/NSIDC-0051.001/2012.05.23/nt_20120523_f17_v1.1_n.bin']
North,2012,5,24,12.594,0, ['/ecs/DP1/PM/NSIDC-0051.001/2012.05.24/nt_20120524_f17_v1.1_n.bin']
North,2012,5,25,12.539,0, ['/ecs/DP1/PM/NSIDC-0051.001/2012.05.25/nt_20120525_f17_v1.1_n.bin']
North,2012,5,26,12.553,0, ['/ecs/DP1/PM/NSIDC-0051.001/2012.05.26/nt_20120526_f17_v1.1_n.bin']
North,2012,5,27,12.516,0, ['/ecs/DP1/PM/NSIDC-0051.001/2012.05.27/nt_20120527_f17_v1.1_n.bin']
North,2012,5,28,12.499,0, ['/ecs/DP1/PM/NSIDC-0051.001/2012.05.28/nt_20120528_f17_v1.1_n.bin']
North,2012,5,29,12.429,0, ['/ecs/DP1/PM/NSIDC-0051.001/2012.05.29/nt_20120529_f17_v1.1_n.bin']
North,2012,5,30,12.4,0, ['/ecs/DP1/PM/NSIDC-0051.001/2012.05.30/nt_20120530_f17_v1.1_n.bin']
North,2012,5,31,12.342,0, ['/ecs/DP1/PM/NSIDC-0051.001/2012.05.31/nt_20120531_f17_v1.1_n.bin']
North,2012,6,1,12.111,0, ['/ecs/DP1/PM/NSIDC-0051.001/2012.06.01/nt_20120601_f17_v1.1_n.bin']
North,2012,6,2,12.042,0, ['/ecs/DP1/PM/NSIDC-0051.001/2012.06.02/nt_20120602_f17_v1.1_n.bin']
North,2012,6,3,11.97,0, ['/ecs/DP1/PM/NSIDC-0051.001/2012.06.03/nt_20120603_f17_v1.1_n.bin']
North,2012,6,4,11.975,0, ['/ecs/DP1/PM/NSIDC-0051.001/2012.06.04/nt_20120604_f17_v1.1_n.bin']
North,2012,6,5,11.883,0, ['/ecs/DP1/PM/NSIDC-0051.001/2012.06.05/nt_20120605_f17_v1.1_n.bin']
North,2012,6,6,11.744,0, ['/ecs/DP1/PM/NSIDC-0051.001/2012.06.06/nt_20120606_f17_v1.1_n.bin']
North,2012,6,7,11.558,0, ['/ecs/DP1/PM/NSIDC-0051.001/2012.06.07/nt_20120607_f17_v1.1_n.bin']
North,2012,6,8,11.376,0, ['/ecs/DP1/PM/NSIDC-0051.001/2012.06.08/nt_20120608_f17_v1.1_n.bin']
North,2012,6,9,11.205,0, ['/ecs/DP1/PM/NSIDC-0051.001/2012.06.09/nt_20120609_f17_v1.1_n.bin']
North,2012,6,10,11.072,0, ['/ecs/DP1/PM/NSIDC-0051.001/2012.06.10/nt_20120610_f17_v1.1_n.bin']
North,2012,6,11,10.947,0, ['/ecs/DP1/PM/NSIDC-0051.001/2012.06.11/nt_20120611_f17_v1.1_n.bin']
North,2012,6,12,10.838,0, ['/ecs/DP1/PM/NSIDC-0051.001/2012.06.12/nt_20120612_f17_v1.1_n.bin']
North,2012,6,13,10.747,0, ['/ecs/DP1/PM/NSIDC-0051.001/2012.06.13/nt_20120613_f17_v1.1_n.bin']
North,2012,6,14,10.662,0, ['/ecs/DP1/PM/NSIDC-0051.001/2012.06.14/nt_20120614_f17_v1.1_n.bin']
North,2012,6,15,10.614,0, ['/ecs/DP1/PM/NSIDC-0051.001/2012.06.15/nt_20120615_f17_v1.1_n.bin']
North,2012,6,16,10.407,0, ['/ecs/DP1/PM/NSIDC-0051.001/2012.06.16/nt_20120616_f17_v1.1_n.bin']
North,2012,6,17,10.429,0, ['/ecs/DP1/PM/NSIDC-0051.001/2012.06.17/nt_20120617_f17_v1.1_n.bin']
North,2012,6,18,10.346,0, ['/ecs/DP1/PM/NSIDC-0051.001/2012.06.18/nt_20120618_f17_v1.1_n.bin']
North,2012,6,19,10.299,0, ['/ecs/DP1/PM/NSIDC-0051.001/2012.06.19/nt_20120619_f17_v1.1_n.bin']
North,2012,6,20,10.291,0, ['/ecs/DP1/PM/NSIDC-0051.001/2012.06.20/nt_20120620_f17_v1.1_n.bin']
North,2012,6,21,10.265,0, ['/ecs/DP1/PM/NSIDC-0051.001/2012.06.21/nt_20120621_f17_v1.1_n.bin']
North,2012,6,22,10.093,0, ['/ecs/DP1/PM/NSIDC-0051.001/2012.06.22/nt_20120622_f17_v1.1_n.bin']
North,2012,6,23,10.035,0, ['/ecs/DP1/PM/NSIDC-0051.001/2012.06.23/nt_20120623_f17_v1.1_n.bin']
North,2012,6,24,9.937,0, ['/ecs/DP1/PM/NSIDC-0051.001/2012.06.24/nt_20120624_f17_v1.1_n.bin']
North,2012,6,25,9.777,0, ['/ecs/DP1/PM/NSIDC-0051.001/2012.06.25/nt_20120625_f17_v1.1_n.bin']
North,2012,6,26,9.712,0, ['/ecs/DP1/PM/NSIDC-0051.001/2012.06.26/nt_20120626_f17_v1.1_n.bin']
North,2012,6,27,9.678,0, ['/ecs/DP1/PM/NSIDC-0051.001/2012.06.27/nt_20120627_f17_v1.1_n.bin']
North,2012,6,28,9.495,0, ['/ecs/DP1/PM/NSIDC-0051.001/2012.06.28/nt_20120628_f17_v1.1_n.bin']
North,2012,6,29,9.393,0, ['/ecs/DP1/PM/NSIDC-0051.001/2012.06.29/nt_20120629_f17_v1.1_n.bin']
North,2012,6,30,9.335,0, ['/ecs/DP1/PM/NSIDC-0051.001/2012.06.30/nt_20120630_f17_v1.1_n.bin']
North,2012,7,1,9.062,0, ['/ecs/DP1/PM/NSIDC-0051.001/2012.07.01/nt_20120701_f17_v1.1_n.bin']
North,2012,7,2,8.971,0, ['/ecs/DP1/PM/NSIDC-0051.001/2012.07.02/nt_20120702_f17_v1.1_n.bin']
North,2012,7,3,8.954,0, ['/ecs/DP1/PM/NSIDC-0051.001/2012.07.03/nt_20120703_f17_v1.1_n.bin']
North,2012,7,4,8.847,0, ['/ecs/DP1/PM/NSIDC-0051.001/2012.07.04/nt_20120704_f17_v1.1_n.bin']
North,2012,7,5,8.634,0, ['/ecs/DP1/PM/NSIDC-0051.001/2012.07.05/nt_20120705_f17_v1.1_n.bin']
North,2012,7,6,8.572,0, ['/ecs/DP1/PM/NSIDC-0051.001/2012.07.06/nt_20120706_f17_v1.1_n.bin']
North,2012,7,7,8.521,0, ['/ecs/DP1/PM/NSIDC-0051.001/2012.07.07/nt_20120707_f17_v1.1_n.bin']
North,2012,7,8,8.398,0, ['/ecs/DP1/PM/NSIDC-0051.001/2012.07.08/nt_20120708_f17_v1.1_n.bin']
North,2012,7,9,8.174,0, ['/ecs/DP1/PM/NSIDC-0051.001/2012.07.09/nt_20120709_f17_v1.1_n.bin']
North,2012,7,10,8.13,0, ['/ecs/DP1/PM/NSIDC-0051.001/2012.07.10/nt_20120710_f17_v1.1_n.bin']
North,2012,7,11,8.032,0, ['/ecs/DP1/PM/NSIDC-0051.001/2012.07.11/nt_20120711_f17_v1.1_n.bin']
North,2012,7,12,7.946,0, ['/ecs/DP1/PM/NSIDC-0051.001/2012.07.12/nt_20120712_f17_v1.1_n.bin']
North,2012,7,13,7.917,0, ['/ecs/DP1/PM/NSIDC-0051.001/2012.07.13/nt_20120713_f17_v1.1_n.bin']
North,2012,7,14,7.868,0, ['/ecs/DP1/PM/NSIDC-0051.001/2012.07.14/nt_20120714_f17_v1.1_n.bin']
North,2012,7,15,7.705,0, ['/ecs/DP1/PM/NSIDC-0051.001/2012.07.15/nt_20120715_f17_v1.1_n.bin']
North,2012,7,16,7.606,0, ['/ecs/DP1/PM/NSIDC-0051.001/2012.07.16/nt_20120716_f17_v1.1_n.bin']
North,2012,7,17,7.481,0, ['/ecs/DP1/PM/NSIDC-0051.001/2012.07.17/nt_20120717_f17_v1.1_n.bin']
North,2012,7,18,7.42,0, ['/ecs/DP1/PM/NSIDC-0051.001/2012.07.18/nt_20120718_f17_v1.1_n.bin']
North,2012,7,19,7.35,0, ['/ecs/DP1/PM/NSIDC-0051.001/2012.07.19/nt_20120719_f17_v1.1_n.bin']
North,2012,7,20,7.34,0, ['/ecs/DP1/PM/NSIDC-0051.001/2012.07.20/nt_20120720_f17_v1.1_n.bin']
North,2012,7,21,7.297,0, ['/ecs/DP1/PM/NSIDC-0051.001/2012.07.21/nt_20120721_f17_v1.1_n.bin']
North,2012,7,22,7.184,0, ['/ecs/DP1/PM/NSIDC-0051.001/2012.07.22/nt_20120722_f17_v1.1_n.bin']
North,2012,7,23,7.118,0, ['/ecs/DP1/PM/NSIDC-0051.001/2012.07.23/nt_20120723_f17_v1.1_n.bin']
North,2012,7,24,7.035,0, ['/ecs/DP1/PM/NSIDC-0051.001/2012.07.24/nt_20120724_f17_v1.1_n.bin']
North,2012,7,25,6.931,0, ['/ecs/DP1/PM/NSIDC-0051.001/2012.07.25/nt_20120725_f17_v1.1_n.bin']
North,2012,7,26,6.809,0, ['/ecs/DP1/PM/NSIDC-0051.001/2012.07.26/nt_20120726_f17_v1.1_n.bin']
North,2012,7,27,6.677,0, ['/ecs/DP1/PM/NSIDC-0051.001/2012.07.27/nt_20120727_f17_v1.1_n.bin']
North,2012,7,28,6.6,0, ['/ecs/DP1/PM/NSIDC-0051.001/2012.07.28/nt_20120728_f17_v1.1_n.bin']
North,2012,7,29,6.478,0, ['/ecs/DP1/PM/NSIDC-0051.001/2012.07.29/nt_20120729_f17_v1.1_n.bin']
North,2012,7,30,6.4,0, ['/ecs/DP1/PM/NSIDC-0051.001/2012.07.30/nt_20120730_f17_v1.1_n.bin']
North,2012,7,31,6.368,0, ['/ecs/DP1/PM/NSIDC-0051.001/2012.07.31/nt_20120731_f17_v1.1_n.bin']
North,2012,8,1,6.255,0, ['/ecs/DP1/PM/NSIDC-0051.001/2012.08.01/nt_20120801_f17_v1.1_n.bin']
North,2012,8,2,6.152,0, ['/ecs/DP1/PM/NSIDC-0051.001/2012.08.02/nt_20120802_f17_v1.1_n.bin']
North,2012,8,3,5.977,0, ['/ecs/DP1/PM/NSIDC-0051.001/2012.08.03/nt_20120803_f17_v1.1_n.bin']
North,2012,8,4,5.99,0, ['/ecs/DP1/PM/NSIDC-0051.001/2012.08.04/nt_20120804_f17_v1.1_n.bin']
North,2012,8,5,5.768,0, ['/ecs/DP1/PM/NSIDC-0051.001/2012.08.05/nt_20120805_f17_v1.1_n.bin']
North,2012,8,6,5.632,0, ['/ecs/DP1/PM/NSIDC-0051.001/2012.08.06/nt_20120806_f17_v1.1_n.bin']
North,2012,8,7,5.467,0, ['/ecs/DP1/PM/NSIDC-0051.001/2012.08.07/nt_20120807_f17_v1.1_n.bin']
North,2012,8,8,5.256,0, ['/ecs/DP1/PM/NSIDC-0051.001/2012.08.08/nt_20120808_f17_v1.1_n.bin']
North,2012,8,9,5.088,0, ['/ecs/DP1/PM/NSIDC-0051.001/2012.08.09/nt_20120809_f17_v1.1_n.bin']
North,2012,8,10,5.118,0, ['/ecs/DP1/PM/NSIDC-0051.001/2012.08.10/nt_20120810_f17_v1.1_n.bin']
North,2012,8,11,5.021,0, ['/ecs/DP1/PM/NSIDC-0051.001/2012.08.11/nt_20120811_f17_v1.1_n.bin']
North,2012,8,12,4.938,0, ['/ecs/DP1/PM/NSIDC-0051.001/2012.08.12/nt_20120812_f17_v1.1_n.bin']
North,2012,8,13,4.889,0, ['/ecs/DP1/PM/NSIDC-0051.001/2012.08.13/nt_20120813_f17_v1.1_n.bin']
North,2012,8,14,4.724,0, ['/ecs/DP1/PM/NSIDC-0051.001/2012.08.14/nt_20120814_f17_v1.1_n.bin']
North,2012,8,15,4.679,0, ['/ecs/DP1/PM/NSIDC-0051.001/2012.08.15/nt_20120815_f17_v1.1_n.bin']
North,2012,8,16,4.619,0, ['/ecs/DP1/PM/NSIDC-0051.001/2012.08.16/nt_20120816_f17_v1.1_n.bin']
North,2012,8,17,4.545,0, ['/ecs/DP1/PM/NSIDC-0051.001/2012.08.17/nt_20120817_f17_v1.1_n.bin']
North,2012,8,18,4.52,0, ['/ecs/DP1/PM/NSIDC-0051.001/2012.08.18/nt_20120818_f17_v1.1_n.bin']
North,2012,8,19,4.405,0, ['/ecs/DP1/PM/NSIDC-0051.001/2012.08.19/nt_20120819_f17_v1.1_n.bin']
North,2012,8,20,4.313,0, ['/ecs/DP1/PM/NSIDC-0051.001/2012.08.20/nt_20120820_f17_v1.1_n.bin']
North,2012,8,21,4.275,0, ['/ecs/DP1/PM/NSIDC-0051.001/2012.08.21/nt_20120821_f17_v1.1_n.bin']
North,2012,8,22,4.216,0, ['/ecs/DP1/PM/NSIDC-0051.001/2012.08.22/nt_20120822_f17_v1.1_n.bin']
North,2012,8,23,4.105,0, ['/ecs/DP1/PM/NSIDC-0051.001/2012.08.23/nt_20120823_f17_v1.1_n.bin']
North,2012,8,24,4.006,0, ['/ecs/DP1/PM/NSIDC-0051.001/2012.08.24/nt_20120824_f17_v1.1_n.bin']
North,2012,8,25,3.912,0, ['/ecs/DP1/PM/NSIDC-0051.001/2012.08.25/nt_20120825_f17_v1.1_n.bin']
North,2012,8,26,3.906,0, ['/ecs/DP1/PM/NSIDC-0051.001/2012.08.26/nt_20120826_f17_v1.1_n.bin']
North,2012,8,27,3.785,0, ['/ecs/DP1/PM/NSIDC-0051.001/2012.08.27/nt_20120827_f17_v1.1_n.bin']
North,2012,8,28,3.758,0, ['/ecs/DP1/PM/NSIDC-0051.001/2012.08.28/nt_20120828_f17_v1.1_n.bin']
North,2012,8,29,3.691,0, ['/ecs/DP1/PM/NSIDC-0051.001/2012.08.29/nt_20120829_f17_v1.1_n.bin']
North,2012,8,30,3.764,0, ['/ecs/DP1/PM/NSIDC-0051.001/2012.08.30/nt_20120830_f17_v1.1_n.bin']
North,2012,8,31,3.648,0, ['/ecs/DP1/PM/NSIDC-0051.001/2012.08.31/nt_20120831_f17_v1.1_n.bin']
North,2012,9,1,3.573,0, ['/ecs/DP1/PM/NSIDC-0051.001/2012.09.01/nt_20120901_f17_v1.1_n.bin']
North,2012,9,2,3.562,0, ['/ecs/DP1/PM/NSIDC-0051.001/2012.09.02/nt_20120902_f17_v1.1_n.bin']
North,2012,9,3,3.562,0, ['/ecs/DP1/PM/NSIDC-0051.001/2012.09.03/nt_20120903_f17_v1.1_n.bin']
North,2012,9,4,3.545,0, ['/ecs/DP1/PM/NSIDC-0051.001/2012.09.04/nt_20120904_f17_v1.1_n.bin']
North,2012,9,5,3.505,0, ['/ecs/DP1/PM/NSIDC-0051.001/2012.09.05/nt_20120905_f17_v1.1_n.bin']
North,2012,9,6,3.451,0, ['/ecs/DP1/PM/NSIDC-0051.001/2012.09.06/nt_20120906_f17_v1.1_n.bin']
North,2012,9,7,3.522,0, ['/ecs/DP1/PM/NSIDC-0051.001/2012.09.07/nt_20120907_f17_v1.1_n.bin']
North,2012,9,8,3.516,0, ['/ecs/DP1/PM/NSIDC-0051.001/2012.09.08/nt_20120908_f17_v1.1_n.bin']
North,2012,9,9,3.492,0, ['/ecs/DP1/PM/NSIDC-0051.001/2012.09.09/nt_20120909_f17_v1.1_n.bin']
North,2012,9,10,3.452,0, ['/ecs/DP1/PM/NSIDC-0051.001/2012.09.10/nt_20120910_f17_v1.1_n.bin']
North,2012,9,11,3.416,0, ['/ecs/DP1/PM/NSIDC-0051.001/2012.09.11/nt_20120911_f17_v1.1_n.bin']
North,2012,9,12,3.417,0, ['/ecs/DP1/PM/NSIDC-0051.001/2012.09.12/nt_20120912_f17_v1.1_n.bin']
North,2012,9,13,3.399,0, ['/ecs/DP1/PM/NSIDC-0051.001/2012.09.13/nt_20120913_f17_v1.1_n.bin']
North,2012,9,14,3.408,0, ['/ecs/DP1/PM/NSIDC-0051.001/2012.09.14/nt_20120914_f17_v1.1_n.bin']
North,2012,9,15,3.378,0, ['/ecs/DP1/PM/NSIDC-0051.001/2012.09.15/nt_20120915_f17_v1.1_n.bin']
North,2012,9,16,3.34,0, ['/ecs/DP1/PM/NSIDC-0051.001/2012.09.16/nt_20120916_f17_v1.1_n.bin']
North,2012,9,17,3.408,0, ['/ecs/DP1/PM/NSIDC-0051.001/2012.09.17/nt_20120917_f17_v1.1_n.bin']
North,2012,9,18,3.452,0, ['/ecs/DP1/PM/NSIDC-0051.001/2012.09.18/nt_20120918_f17_v1.1_n.bin']
North,2012,9,19,3.512,0, ['/ecs/DP1/PM/NSIDC-0051.001/2012.09.19/nt_20120919_f17_v1.1_n.bin']
North,2012,9,20,3.573,0, ['/ecs/DP1/PM/NSIDC-0051.001/2012.09.20/nt_20120920_f17_v1.1_n.bin']
North,2012,9,21,3.584,0, ['/ecs/DP1/PM/NSIDC-0051.001/2012.09.21/nt_20120921_f17_v1.1_n.bin']
North,2012,9,22,3.601,0, ['/ecs/DP1/PM/NSIDC-0051.001/2012.09.22/nt_20120922_f17_v1.1_n.bin']
North,2012,9,23,3.629,0, ['/ecs/DP1/PM/NSIDC-0051.001/2012.09.23/nt_20120923_f17_v1.1_n.bin']
North,2012,9,24,3.674,0, ['/ecs/DP1/PM/NSIDC-0051.001/2012.09.24/nt_20120924_f17_v1.1_n.bin']
North,2012,9,25,3.735,0, ['/ecs/DP1/PM/NSIDC-0051.001/2012.09.25/nt_20120925_f17_v1.1_n.bin']
North,2012,9,26,3.76,0, ['/ecs/DP1/PM/NSIDC-0051.001/2012.09.26/nt_20120926_f17_v1.1_n.bin']
North,2012,9,27,3.803,0, ['/ecs/DP1/PM/NSIDC-0051.001/2012.09.27/nt_20120927_f17_v1.1_n.bin']
North,2012,9,28,3.86,0, ['/ecs/DP1/PM/NSIDC-0051.001/2012.09.28/nt_20120928_f17_v1.1_n.bin']
North,2012,9,29,3.894,0, ['/ecs/DP1/PM/NSIDC-0051.001/2012.09.29/nt_20120929_f17_v1.1_n.bin']
North,2012,9,30,3.945,0, ['/ecs/DP1/PM/NSIDC-0051.001/2012.09.30/nt_20120930_f17_v1.1_n.bin']
North,2012,10,1,4.112,0, ['/ecs/DP1/PM/NSIDC-0051.001/2012.10.01/nt_20121001_f17_v1.1_n.bin']
North,2012,10,2,4.138,0, ['/ecs/DP1/PM/NSIDC-0051.001/2012.10.02/nt_20121002_f17_v1.1_n.bin']
North,2012,10,3,4.151,0, ['/ecs/DP1/PM/NSIDC-0051.001/2012.10.03/nt_20121003_f17_v1.1_n.bin']
North,2012,10,4,4.235,0, ['/ecs/DP1/PM/NSIDC-0051.001/2012.10.04/nt_20121004_f17_v1.1_n.bin']
North,2012,10,5,4.297,0, ['/ecs/DP1/PM/NSIDC-0051.001/2012.10.05/nt_20121005_f17_v1.1_n.bin']
North,2012,10,6,4.383,0, ['/ecs/DP1/PM/NSIDC-0051.001/2012.10.06/nt_20121006_f17_v1.1_n.bin']
North,2012,10,7,4.481,0, ['/ecs/DP1/PM/NSIDC-0051.001/2012.10.07/nt_20121007_f17_v1.1_n.bin']
North,2012,10,8,4.572,0, ['/ecs/DP1/PM/NSIDC-0051.001/2012.10.08/nt_20121008_f17_v1.1_n.bin']
North,2012,10,9,4.626,0, ['/ecs/DP1/PM/NSIDC-0051.001/2012.10.09/nt_20121009_f17_v1.1_n.bin']
North,2012,10,10,4.776,0, ['/ecs/DP1/PM/NSIDC-0051.001/2012.10.10/nt_20121010_f17_v1.1_n.bin']
North,2012,10,11,4.964,0, ['/ecs/DP1/PM/NSIDC-0051.001/2012.10.11/nt_20121011_f17_v1.1_n.bin']
North,2012,10,12,5.006,0, ['/ecs/DP1/PM/NSIDC-0051.001/2012.10.12/nt_20121012_f17_v1.1_n.bin']
North,2012,10,13,5.17,0, ['/ecs/DP1/PM/NSIDC-0051.001/2012.10.13/nt_20121013_f17_v1.1_n.bin']
North,2012,10,14,5.404,0, ['/ecs/DP1/PM/NSIDC-0051.001/2012.10.14/nt_20121014_f17_v1.1_n.bin']
North,2012,10,15,5.657,0, ['/ecs/DP1/PM/NSIDC-0051.001/2012.10.15/nt_20121015_f17_v1.1_n.bin']
North,2012,10,16,5.873,0, ['/ecs/DP1/PM/NSIDC-0051.001/2012.10.16/nt_20121016_f17_v1.1_n.bin']
North,2012,10,17,6.082,0, ['/ecs/DP1/PM/NSIDC-0051.001/2012.10.17/nt_20121017_f17_v1.1_n.bin']
North,2012,10,18,6.244,0, ['/ecs/DP1/PM/NSIDC-0051.001/2012.10.18/nt_20121018_f17_v1.1_n.bin']
North,2012,10,19,6.364,0, ['/ecs/DP1/PM/NSIDC-0051.001/2012.10.19/nt_20121019_f17_v1.1_n.bin']
North,2012,10,20,6.582,0, ['/ecs/DP1/PM/NSIDC-0051.001/2012.10.20/nt_20121020_f17_v1.1_n.bin']
North,2012,10,21,6.771,0, ['/ecs/DP1/PM/NSIDC-0051.001/2012.10.21/nt_20121021_f17_v1.1_n.bin']
North,2012,10,22,7.037,0, ['/ecs/DP1/PM/NSIDC-0051.001/2012.10.22/nt_20121022_f17_v1.1_n.bin']
North,2012,10,23,7.169,0, ['/ecs/DP1/PM/NSIDC-0051.001/2012.10.23/nt_20121023_f17_v1.1_n.bin']
North,2012,10,24,7.346,0, ['/ecs/DP1/PM/NSIDC-0051.001/2012.10.24/nt_20121024_f17_v1.1_n.bin']
North,2012,10,25,7.334,0, ['/ecs/DP1/PM/NSIDC-0051.001/2012.10.25/nt_20121025_f17_v1.1_n.bin']
North,2012,10,26,7.382,0, ['/ecs/DP1/PM/NSIDC-0051.001/2012.10.26/nt_20121026_f17_v1.1_n.bin']
North,2012,10,27,7.443,0, ['/ecs/DP1/PM/NSIDC-0051.001/2012.10.27/nt_20121027_f17_v1.1_n.bin']
North,2012,10,28,7.495,0, ['/ecs/DP1/PM/NSIDC-0051.001/2012.10.28/nt_20121028_f17_v1.1_n.bin']
North,2012,10,29,7.639,0, ['/ecs/DP1/PM/NSIDC-0051.001/2012.10.29/nt_20121029_f17_v1.1_n.bin']
North,2012,10,30,7.811,0, ['/ecs/DP1/PM/NSIDC-0051.001/2012.10.30/nt_20121030_f17_v1.1_n.bin']
North,2012,10,31,7.918,0, ['/ecs/DP1/PM/NSIDC-0051.001/2012.10.31/nt_20121031_f17_v1.1_n.bin']
North,2012,11,1,8.072,0, ['/ecs/DP1/PM/NSIDC-0051.001/2012.11.01/nt_20121101_f17_v1.1_n.bin']
North,2012,11,2,8.18,0, ['/ecs/DP1/PM/NSIDC-0051.001/2012.11.02/nt_20121102_f17_v1.1_n.bin']
North,2012,11,3,8.275,0, ['/ecs/DP1/PM/NSIDC-0051.001/2012.11.03/nt_20121103_f17_v1.1_n.bin']
North,2012,11,4,8.342,0, ['/ecs/DP1/PM/NSIDC-0051.001/2012.11.04/nt_20121104_f17_v1.1_n.bin']
North,2012,11,5,8.419,0, ['/ecs/DP1/PM/NSIDC-0051.001/2012.11.05/nt_20121105_f17_v1.1_n.bin']
North,2012,11,6,8.495,0, ['/ecs/DP1/PM/NSIDC-0051.001/2012.11.06/nt_20121106_f17_v1.1_n.bin']
North,2012,11,7,8.649,0, ['/ecs/DP1/PM/NSIDC-0051.001/2012.11.07/nt_20121107_f17_v1.1_n.bin']
North,2012,11,8,8.728,0, ['/ecs/DP1/PM/NSIDC-0051.001/2012.11.08/nt_20121108_f17_v1.1_n.bin']
North,2012,11,9,8.758,0, ['/ecs/DP1/PM/NSIDC-0051.001/2012.11.09/nt_20121109_f17_v1.1_n.bin']
North,2012,11,10,8.794,0, ['/ecs/DP1/PM/NSIDC-0051.001/2012.11.10/nt_20121110_f17_v1.1_n.bin']
North,2012,11,11,8.902,0, ['/ecs/DP1/PM/NSIDC-0051.001/2012.11.11/nt_20121111_f17_v1.1_n.bin']
North,2012,11,12,9.002,0, ['/ecs/DP1/PM/NSIDC-0051.001/2012.11.12/nt_20121112_f17_v1.1_n.bin']
North,2012,11,13,9.095,0, ['/ecs/DP1/PM/NSIDC-0051.001/2012.11.13/nt_20121113_f17_v1.1_n.bin']
North,2012,11,14,9.103,0, ['/ecs/DP1/PM/NSIDC-0051.001/2012.11.14/nt_20121114_f17_v1.1_n.bin']
North,2012,11,15,9.238,0, ['/ecs/DP1/PM/NSIDC-0051.001/2012.11.15/nt_20121115_f17_v1.1_n.bin']
North,2012,11,16,9.373,0, ['/ecs/DP1/PM/NSIDC-0051.001/2012.11.16/nt_20121116_f17_v1.1_n.bin']
North,2012,11,17,9.463,0, ['/ecs/DP1/PM/NSIDC-0051.001/2012.11.17/nt_20121117_f17_v1.1_n.bin']
North,2012,11,18,9.617,0, ['/ecs/DP1/PM/NSIDC-0051.001/2012.11.18/nt_20121118_f17_v1.1_n.bin']
North,2012,11,19,9.829,0, ['/ecs/DP1/PM/NSIDC-0051.001/2012.11.19/nt_20121119_f17_v1.1_n.bin']
North,2012,11,20,9.876,0, ['/ecs/DP1/PM/NSIDC-0051.001/2012.11.20/nt_20121120_f17_v1.1_n.bin']
North,2012,11,21,9.954,0, ['/ecs/DP1/PM/NSIDC-0051.001/2012.11.21/nt_20121121_f17_v1.1_n.bin']
North,2012,11,22,10.001,0, ['/ecs/DP1/PM/NSIDC-0051.001/2012.11.22/nt_20121122_f17_v1.1_n.bin']
North,2012,11,23,10.091,0, ['/ecs/DP1/PM/NSIDC-0051.001/2012.11.23/nt_20121123_f17_v1.1_n.bin']
North,2012,11,24,10.23,0, ['/ecs/DP1/PM/NSIDC-0051.001/2012.11.24/nt_20121124_f17_v1.1_n.bin']
North,2012,11,25,10.343,0, ['/ecs/DP1/PM/NSIDC-0051.001/2012.11.25/nt_20121125_f17_v1.1_n.bin']
North,2012,11,26,10.496,0, ['/ecs/DP1/PM/NSIDC-0051.001/2012.11.26/nt_20121126_f17_v1.1_n.bin']
North,2012,11,27,10.441,0, ['/ecs/DP1/PM/NSIDC-0051.001/2012.11.27/nt_20121127_f17_v1.1_n.bin']
North,2012,11,28,10.498,0, ['/ecs/DP1/PM/NSIDC-0051.001/2012.11.28/nt_20121128_f17_v1.1_n.bin']
North,2012,11,29,10.629,0, ['/ecs/DP1/PM/NSIDC-0051.001/2012.11.29/nt_20121129_f17_v1.1_n.bin']
North,2012,11,30,10.746,0, ['/ecs/DP1/PM/NSIDC-0051.001/2012.11.30/nt_20121130_f17_v1.1_n.bin']
North,2012,12,1,10.896,0, ['/ecs/DP1/PM/NSIDC-0051.001/2012.12.01/nt_20121201_f17_v1.1_n.bin']
North,2012,12,2,10.995,0, ['/ecs/DP1/PM/NSIDC-0051.001/2012.12.02/nt_20121202_f17_v1.1_n.bin']
North,2012,12,3,11.128,0, ['/ecs/DP1/PM/NSIDC-0051.001/2012.12.03/nt_20121203_f17_v1.1_n.bin']
North,2012,12,4,11.239,0, ['/ecs/DP1/PM/NSIDC-0051.001/2012.12.04/nt_20121204_f17_v1.1_n.bin']
North,2012,12,5,11.358,0, ['/ecs/DP1/PM/NSIDC-0051.001/2012.12.05/nt_20121205_f17_v1.1_n.bin']
North,2012,12,6,11.522,0, ['/ecs/DP1/PM/NSIDC-0051.001/2012.12.06/nt_20121206_f17_v1.1_n.bin']
North,2012,12,7,11.511,0, ['/ecs/DP1/PM/NSIDC-0051.001/2012.12.07/nt_20121207_f17_v1.1_n.bin']
North,2012,12,8,11.626,0, ['/ecs/DP1/PM/NSIDC-0051.001/2012.12.08/nt_20121208_f17_v1.1_n.bin']
North,2012,12,9,11.789,0, ['/ecs/DP1/PM/NSIDC-0051.001/2012.12.09/nt_20121209_f17_v1.1_n.bin']
North,2012,12,10,11.781,0, ['/ecs/DP1/PM/NSIDC-0051.001/2012.12.10/nt_20121210_f17_v1.1_n.bin']
North,2012,12,11,11.812,0, ['/ecs/DP1/PM/NSIDC-0051.001/2012.12.11/nt_20121211_f17_v1.1_n.bin']
North,2012,12,12,11.806,0, ['/ecs/DP1/PM/NSIDC-0051.001/2012.12.12/nt_20121212_f17_v1.1_n.bin']
North,2012,12,13,11.768,0, ['/ecs/DP1/PM/NSIDC-0051.001/2012.12.13/nt_20121213_f17_v1.1_n.bin']
North,2012,12,14,11.723,0, ['/ecs/DP1/PM/NSIDC-0051.001/2012.12.14/nt_20121214_f17_v1.1_n.bin']
North,2012,12,15,11.875,0, ['/ecs/DP1/PM/NSIDC-0051.001/2012.12.15/nt_20121215_f17_v1.1_n.bin']
North,2012,12,16,11.865,0, ['/ecs/DP1/PM/NSIDC-0051.001/2012.12.16/nt_20121216_f17_v1.1_n.bin']
North,2012,12,17,11.974,0, ['/ecs/DP1/PM/NSIDC-0051.001/2012.12.17/nt_20121217_f17_v1.1_n.bin']
North,2012,12,18,12.184,0, ['/ecs/DP1/PM/NSIDC-0051.001/2012.12.18/nt_20121218_f17_v1.1_n.bin']
North,2012,12,19,12.206,0, ['/ecs/DP1/PM/NSIDC-0051.001/2012.12.19/nt_20121219_f17_v1.1_n.bin']
North,2012,12,20,12.218,0, ['/ecs/DP1/PM/NSIDC-0051.001/2012.12.20/nt_20121220_f17_v1.1_n.bin']
North,2012,12,21,12.249,0, ['/ecs/DP1/PM/NSIDC-0051.001/2012.12.21/nt_20121221_f17_v1.1_n.bin']
North,2012,12,22,12.274,0, ['/ecs/DP1/PM/NSIDC-0051.001/2012.12.22/nt_20121222_f17_v1.1_n.bin']
North,2012,12,23,12.301,0, ['/ecs/DP1/PM/NSIDC-0051.001/2012.12.23/nt_20121223_f17_v1.1_n.bin']
North,2012,12,24,12.607,0, ['/ecs/DP1/PM/NSIDC-0051.001/2012.12.24/nt_20121224_f17_v1.1_n.bin']
North,2012,12,25,12.609,0, ['/ecs/DP1/PM/NSIDC-0051.001/2012.12.25/nt_20121225_f17_v1.1_n.bin']
North,2012,12,26,12.62,0, ['/ecs/DP1/PM/NSIDC-0051.001/2012.12.26/nt_20121226_f17_v1.1_n.bin']
North,2012,12,27,12.669,0, ['/ecs/DP1/PM/NSIDC-0051.001/2012.12.27/nt_20121227_f17_v1.1_n.bin']
North,2012,12,28,12.834,0, ['/ecs/DP1/PM/NSIDC-0051.001/2012.12.28/nt_20121228_f17_v1.1_n.bin']
North,2012,12,29,12.926,0, ['/ecs/DP1/PM/NSIDC-0051.001/2012.12.29/nt_20121229_f17_v1.1_n.bin']
North,2012,12,30,12.931,0, ['/ecs/DP1/PM/NSIDC-0051.001/2012.12.30/nt_20121230_f17_v1.1_n.bin']
North,2012,12,31,12.902,0, ['/ecs/DP1/PM/NSIDC-0051.001/2012.12.31/nt_20121231_f17_v1.1_n.bin']
North,2013,1,1,12.959,0, ['/ecs/DP1/PM/NSIDC-0051.001/2013.01.01/nt_20130101_f17_v1.1_n.bin']
North,2013,1,2,12.961,0, ['/ecs/DP1/PM/NSIDC-0051.001/2013.01.02/nt_20130102_f17_v1.1_n.bin']
North,2013,1,3,13.012,0, ['/ecs/DP1/PM/NSIDC-0051.001/2013.01.03/nt_20130103_f17_v1.1_n.bin']
North,2013,1,4,13.045,0, ['/ecs/DP1/PM/NSIDC-0051.001/2013.01.04/nt_20130104_f17_v1.1_n.bin']
North,2013,1,5,13.065,0, ['/ecs/DP1/PM/NSIDC-0051.001/2013.01.05/nt_20130105_f17_v1.1_n.bin']
North,2013,1,6,13.126,0, ['/ecs/DP1/PM/NSIDC-0051.001/2013.01.06/nt_20130106_f17_v1.1_n.bin']
North,2013,1,7,13.202,0, ['/ecs/DP1/PM/NSIDC-0051.001/2013.01.07/nt_20130107_f17_v1.1_n.bin']
North,2013,1,8,13.194,0, ['/ecs/DP1/PM/NSIDC-0051.001/2013.01.08/nt_20130108_f17_v1.1_n.bin']
North,2013,1,9,13.287,0, ['/ecs/DP1/PM/NSIDC-0051.001/2013.01.09/nt_20130109_f17_v1.1_n.bin']
North,2013,1,10,13.404,0, ['/ecs/DP1/PM/NSIDC-0051.001/2013.01.10/nt_20130110_f17_v1.1_n.bin']
North,2013,1,11,13.474,0, ['/ecs/DP1/PM/NSIDC-0051.001/2013.01.11/nt_20130111_f17_v1.1_n.bin']
North,2013,1,12,13.559,0, ['/ecs/DP1/PM/NSIDC-0051.001/2013.01.12/nt_20130112_f17_v1.1_n.bin']
North,2013,1,13,13.609,0, ['/ecs/DP1/PM/NSIDC-0051.001/2013.01.13/nt_20130113_f17_v1.1_n.bin']
North,2013,1,14,13.625,0, ['/ecs/DP1/PM/NSIDC-0051.001/2013.01.14/nt_20130114_f17_v1.1_n.bin']
North,2013,1,15,13.733,0, ['/ecs/DP1/PM/NSIDC-0051.001/2013.01.15/nt_20130115_f17_v1.1_n.bin']
North,2013,1,16,13.823,0, ['/ecs/DP1/PM/NSIDC-0051.001/2013.01.16/nt_20130116_f17_v1.1_n.bin']
North,2013,1,17,13.912,0, ['/ecs/DP1/PM/NSIDC-0051.001/2013.01.17/nt_20130117_f17_v1.1_n.bin']
North,2013,1,18,13.88,0, ['/ecs/DP1/PM/NSIDC-0051.001/2013.01.18/nt_20130118_f17_v1.1_n.bin']
North,2013,1,19,13.971,0, ['/ecs/DP1/PM/NSIDC-0051.001/2013.01.19/nt_20130119_f17_v1.1_n.bin']
North,2013,1,20,14.012,0, ['/ecs/DP1/PM/NSIDC-0051.001/2013.01.20/nt_20130120_f17_v1.1_n.bin']
North,2013,1,21,14.032,0, ['/ecs/DP1/PM/NSIDC-0051.001/2013.01.21/nt_20130121_f17_v1.1_n.bin']
North,2013,1,22,13.981,0, ['/ecs/DP1/PM/NSIDC-0051.001/2013.01.22/nt_20130122_f17_v1.1_n.bin']
North,2013,1,23,14.015,0, ['/ecs/DP1/PM/NSIDC-0051.001/2013.01.23/nt_20130123_f17_v1.1_n.bin']
North,2013,1,24,14.082,0, ['/ecs/DP1/PM/NSIDC-0051.001/2013.01.24/nt_20130124_f17_v1.1_n.bin']
North,2013,1,25,14.222,0, ['/ecs/DP1/PM/NSIDC-0051.001/2013.01.25/nt_20130125_f17_v1.1_n.bin']
North,2013,1,26,14.204,0, ['/ecs/DP1/PM/NSIDC-0051.001/2013.01.26/nt_20130126_f17_v1.1_n.bin']
North,2013,1,27,14.243,0, ['/ecs/DP1/PM/NSIDC-0051.001/2013.01.27/nt_20130127_f17_v1.1_n.bin']
North,2013,1,28,14.285,0, ['/ecs/DP1/PM/NSIDC-0051.001/2013.01.28/nt_20130128_f17_v1.1_n.bin']
North,2013,1,29,14.312,0, ['/ecs/DP1/PM/NSIDC-0051.001/2013.01.29/nt_20130129_f17_v1.1_n.bin']
North,2013,1,30,14.281,0, ['/ecs/DP1/PM/NSIDC-0051.001/2013.01.30/nt_20130130_f17_v1.1_n.bin']
North,2013,1,31,14.272,0, ['/ecs/DP1/PM/NSIDC-0051.001/2013.01.31/nt_20130131_f17_v1.1_n.bin']
North,2013,2,1,14.378,0, ['/ecs/DP1/PM/NSIDC-0051.001/2013.02.01/nt_20130201_f17_v1.1_n.bin']
North,2013,2,2,14.335,0, ['/ecs/DP1/PM/NSIDC-0051.001/2013.02.02/nt_20130202_f17_v1.1_n.bin']
North,2013,2,3,14.411,0, ['/ecs/DP1/PM/NSIDC-0051.001/2013.02.03/nt_20130203_f17_v1.1_n.bin']
North,2013,2,4,14.484,0, ['/ecs/DP1/PM/NSIDC-0051.001/2013.02.04/nt_20130204_f17_v1.1_n.bin']
North,2013,2,5,14.405,0, ['/ecs/DP1/PM/NSIDC-0051.001/2013.02.05/nt_20130205_f17_v1.1_n.bin']
North,2013,2,6,14.37,0, ['/ecs/DP1/PM/NSIDC-0051.001/2013.02.06/nt_20130206_f17_v1.1_n.bin']
North,2013,2,7,14.467,0, ['/ecs/DP1/PM/NSIDC-0051.001/2013.02.07/nt_20130207_f17_v1.1_n.bin']
North,2013,2,8,14.592,0, ['/ecs/DP1/PM/NSIDC-0051.001/2013.02.08/nt_20130208_f17_v1.1_n.bin']
North,2013,2,9,14.625,0, ['/ecs/DP1/PM/NSIDC-0051.001/2013.02.09/nt_20130209_f17_v1.1_n.bin']
North,2013,2,10,14.614,0, ['/ecs/DP1/PM/NSIDC-0051.001/2013.02.10/nt_20130210_f17_v1.1_n.bin']
North,2013,2,11,14.611,0, ['/ecs/DP1/PM/NSIDC-0051.001/2013.02.11/nt_20130211_f17_v1.1_n.bin']
North,2013,2,12,14.697,0, ['/ecs/DP1/PM/NSIDC-0051.001/2013.02.12/nt_20130212_f17_v1.1_n.bin']
North,2013,2,13,14.729,0, ['/ecs/DP1/PM/NSIDC-0051.001/2013.02.13/nt_20130213_f17_v1.1_n.bin']
North,2013,2,14,14.764,0, ['/ecs/DP1/PM/NSIDC-0051.001/2013.02.14/nt_20130214_f17_v1.1_n.bin']
North,2013,2,15,14.771,0, ['/ecs/DP1/PM/NSIDC-0051.001/2013.02.15/nt_20130215_f17_v1.1_n.bin']
North,2013,2,16,14.816,0, ['/ecs/DP1/PM/NSIDC-0051.001/2013.02.16/nt_20130216_f17_v1.1_n.bin']
North,2013,2,17,14.918,0, ['/ecs/DP1/PM/NSIDC-0051.001/2013.02.17/nt_20130217_f17_v1.1_n.bin']
North,2013,2,18,14.833,0, ['/ecs/DP1/PM/NSIDC-0051.001/2013.02.18/nt_20130218_f17_v1.1_n.bin']
North,2013,2,19,14.802,0, ['/ecs/DP1/PM/NSIDC-0051.001/2013.02.19/nt_20130219_f17_v1.1_n.bin']
North,2013,2,20,14.798,0, ['/ecs/DP1/PM/NSIDC-0051.001/2013.02.20/nt_20130220_f17_v1.1_n.bin']
North,2013,2,21,14.828,0, ['/ecs/DP1/PM/NSIDC-0051.001/2013.02.21/nt_20130221_f17_v1.1_n.bin']
North,2013,2,22,14.8,0, ['/ecs/DP1/PM/NSIDC-0051.001/2013.02.22/nt_20130222_f17_v1.1_n.bin']
North,2013,2,23,14.82,0, ['/ecs/DP1/PM/NSIDC-0051.001/2013.02.23/nt_20130223_f17_v1.1_n.bin']
North,2013,2,24,14.987,0, ['/ecs/DP1/PM/NSIDC-0051.001/2013.02.24/nt_20130224_f17_v1.1_n.bin']
North,2013,2,25,15.086,0, ['/ecs/DP1/PM/NSIDC-0051.001/2013.02.25/nt_20130225_f17_v1.1_n.bin']
North,2013,2,26,15.11,0, ['/ecs/DP1/PM/NSIDC-0051.001/2013.02.26/nt_20130226_f17_v1.1_n.bin']
North,2013,2,27,15.09,0, ['/ecs/DP1/PM/NSIDC-0051.001/2013.02.27/nt_20130227_f17_v1.1_n.bin']
North,2013,2,28,15.118,0, ['/ecs/DP1/PM/NSIDC-0051.001/2013.02.28/nt_20130228_f17_v1.1_n.bin']
North,2013,3,1,15.144,0, ['/ecs/DP1/PM/NSIDC-0051.001/2013.03.01/nt_20130301_f17_v1.1_n.bin']
North,2013,3,2,15.088,0, ['/ecs/DP1/PM/NSIDC-0051.001/2013.03.02/nt_20130302_f17_v1.1_n.bin']
North,2013,3,3,15.003,0, ['/ecs/DP1/PM/NSIDC-0051.001/2013.03.03/nt_20130303_f17_v1.1_n.bin']
North,2013,3,4,14.999,0, ['/ecs/DP1/PM/NSIDC-0051.001/2013.03.04/nt_20130304_f17_v1.1_n.bin']
North,2013,3,5,15.001,0, ['/ecs/DP1/PM/NSIDC-0051.001/2013.03.05/nt_20130305_f17_v1.1_n.bin']
North,2013,3,6,15,0, ['/ecs/DP1/PM/NSIDC-0051.001/2013.03.06/nt_20130306_f17_v1.1_n.bin']
North,2013,3,7,15.055,0, ['/ecs/DP1/PM/NSIDC-0051.001/2013.03.07/nt_20130307_f17_v1.1_n.bin']
North,2013,3,8,15.075,0, ['/ecs/DP1/PM/NSIDC-0051.001/2013.03.08/nt_20130308_f17_v1.1_n.bin']
North,2013,3,9,15.089,0, ['/ecs/DP1/PM/NSIDC-0051.001/2013.03.09/nt_20130309_f17_v1.1_n.bin']
North,2013,3,10,15.067,0, ['/ecs/DP1/PM/NSIDC-0051.001/2013.03.10/nt_20130310_f17_v1.1_n.bin']
North,2013,3,11,15.172,0, ['/ecs/DP1/PM/NSIDC-0051.001/2013.03.11/nt_20130311_f17_v1.1_n.bin']
North,2013,3,12,15.151,0, ['/ecs/DP1/PM/NSIDC-0051.001/2013.03.12/nt_20130312_f17_v1.1_n.bin']
North,2013,3,13,15.181,0, ['/ecs/DP1/PM/NSIDC-0051.001/2013.03.13/nt_20130313_f17_v1.1_n.bin']
North,2013,3,14,15.196,0, ['/ecs/DP1/PM/NSIDC-0051.001/2013.03.14/nt_20130314_f17_v1.1_n.bin']
North,2013,3,15,15.136,0, ['/ecs/DP1/PM/NSIDC-0051.001/2013.03.15/nt_20130315_f17_v1.1_n.bin']
North,2013,3,16,15.129,0, ['/ecs/DP1/PM/NSIDC-0051.001/2013.03.16/nt_20130316_f17_v1.1_n.bin']
North,2013,3,17,15.137,0, ['/ecs/DP1/PM/NSIDC-0051.001/2013.03.17/nt_20130317_f17_v1.1_n.bin']
North,2013,3,18,15.09,0, ['/ecs/DP1/PM/NSIDC-0051.001/2013.03.18/nt_20130318_f17_v1.1_n.bin']
North,2013,3,19,15.119,0, ['/ecs/DP1/PM/NSIDC-0051.001/2013.03.19/nt_20130319_f17_v1.1_n.bin']
North,2013,3,20,15.037,0, ['/ecs/DP1/PM/NSIDC-0051.001/2013.03.20/nt_20130320_f17_v1.1_n.bin']
North,2013,3,21,15.013,0, ['/ecs/DP1/PM/NSIDC-0051.001/2013.03.21/nt_20130321_f17_v1.1_n.bin']
North,2013,3,22,14.97,0, ['/ecs/DP1/PM/NSIDC-0051.001/2013.03.22/nt_20130322_f17_v1.1_n.bin']
North,2013,3,23,14.924,0, ['/ecs/DP1/PM/NSIDC-0051.001/2013.03.23/nt_20130323_f17_v1.1_n.bin']
North,2013,3,24,14.866,0, ['/ecs/DP1/PM/NSIDC-0051.001/2013.03.24/nt_20130324_f17_v1.1_n.bin']
North,2013,3,25,14.884,0, ['/ecs/DP1/PM/NSIDC-0051.001/2013.03.25/nt_20130325_f17_v1.1_n.bin']
North,2013,3,26,14.962,0, ['/ecs/DP1/PM/NSIDC-0051.001/2013.03.26/nt_20130326_f17_v1.1_n.bin']
North,2013,3,27,14.935,0, ['/ecs/DP1/PM/NSIDC-0051.001/2013.03.27/nt_20130327_f17_v1.1_n.bin']
North,2013,3,28,14.902,0, ['/ecs/DP1/PM/NSIDC-0051.001/2013.03.28/nt_20130328_f17_v1.1_n.bin']
North,2013,3,29,14.948,0, ['/ecs/DP1/PM/NSIDC-0051.001/2013.03.29/nt_20130329_f17_v1.1_n.bin']
North,2013,3,30,14.889,0, ['/ecs/DP1/PM/NSIDC-0051.001/2013.03.30/nt_20130330_f17_v1.1_n.bin']
North,2013,3,31,14.831,0, ['/ecs/DP1/PM/NSIDC-0051.001/2013.03.31/nt_20130331_f17_v1.1_n.bin']
North,2013,4,1,14.787,0, ['/ecs/DP1/PM/NSIDC-0051.001/2013.04.01/nt_20130401_f17_v1.1_n.bin']
North,2013,4,2,14.768,0, ['/ecs/DP1/PM/NSIDC-0051.001/2013.04.02/nt_20130402_f17_v1.1_n.bin']
North,2013,4,3,14.722,0, ['/ecs/DP1/PM/NSIDC-0051.001/2013.04.03/nt_20130403_f17_v1.1_n.bin']
North,2013,4,4,14.647,0, ['/ecs/DP1/PM/NSIDC-0051.001/2013.04.04/nt_20130404_f17_v1.1_n.bin']
North,2013,4,5,14.616,0, ['/ecs/DP1/PM/NSIDC-0051.001/2013.04.05/nt_20130405_f17_v1.1_n.bin']
North,2013,4,6,14.743,0, ['/ecs/DP1/PM/NSIDC-0051.001/2013.04.06/nt_20130406_f17_v1.1_n.bin']
North,2013,4,7,14.673,0, ['/ecs/DP1/PM/NSIDC-0051.001/2013.04.07/nt_20130407_f17_v1.1_n.bin']
North,2013,4,8,14.623,0, ['/ecs/DP1/PM/NSIDC-0051.001/2013.04.08/nt_20130408_f17_v1.1_n.bin']
North,2013,4,9,14.622,0, ['/ecs/DP1/PM/NSIDC-0051.001/2013.04.09/nt_20130409_f17_v1.1_n.bin']
North,2013,4,10,14.593,0, ['/ecs/DP1/PM/NSIDC-0051.001/2013.04.10/nt_20130410_f17_v1.1_n.bin']
North,2013,4,11,14.576,0, ['/ecs/DP1/PM/NSIDC-0051.001/2013.04.11/nt_20130411_f17_v1.1_n.bin']
North,2013,4,12,14.542,0, ['/ecs/DP1/PM/NSIDC-0051.001/2013.04.12/nt_20130412_f17_v1.1_n.bin']
North,2013,4,13,14.497,0, ['/ecs/DP1/PM/NSIDC-0051.001/2013.04.13/nt_20130413_f17_v1.1_n.bin']
North,2013,4,14,14.397,0, ['/ecs/DP1/PM/NSIDC-0051.001/2013.04.14/nt_20130414_f17_v1.1_n.bin']
North,2013,4,15,14.346,0, ['/ecs/DP1/PM/NSIDC-0051.001/2013.04.15/nt_20130415_f17_v1.1_n.bin']
North,2013,4,16,14.345,0, ['/ecs/DP1/PM/NSIDC-0051.001/2013.04.16/nt_20130416_f17_v1.1_n.bin']
North,2013,4,17,14.245,0, ['/ecs/DP1/PM/NSIDC-0051.001/2013.04.17/nt_20130417_f17_v1.1_n.bin']
North,2013,4,18,14.164,0, ['/ecs/DP1/PM/NSIDC-0051.001/2013.04.18/nt_20130418_f17_v1.1_n.bin']
North,2013,4,19,14.181,0, ['/ecs/DP1/PM/NSIDC-0051.001/2013.04.19/nt_20130419_f17_v1.1_n.bin']
North,2013,4,20,14.124,0, ['/ecs/DP1/PM/NSIDC-0051.001/2013.04.20/nt_20130420_f17_v1.1_n.bin']
North,2013,4,21,14.123,0, ['/ecs/DP1/PM/NSIDC-0051.001/2013.04.21/nt_20130421_f17_v1.1_n.bin']
North,2013,4,22,14.054,0, ['/ecs/DP1/PM/NSIDC-0051.001/2013.04.22/nt_20130422_f17_v1.1_n.bin']
North,2013,4,23,14.065,0, ['/ecs/DP1/PM/NSIDC-0051.001/2013.04.23/nt_20130423_f17_v1.1_n.bin']
North,2013,4,24,13.988,0, ['/ecs/DP1/PM/NSIDC-0051.001/2013.04.24/nt_20130424_f17_v1.1_n.bin']
North,2013,4,25,13.897,0, ['/ecs/DP1/PM/NSIDC-0051.001/2013.04.25/nt_20130425_f17_v1.1_n.bin']
North,2013,4,26,13.784,0, ['/ecs/DP1/PM/NSIDC-0051.001/2013.04.26/nt_20130426_f17_v1.1_n.bin']
North,2013,4,27,13.793,0, ['/ecs/DP1/PM/NSIDC-0051.001/2013.04.27/nt_20130427_f17_v1.1_n.bin']
North,2013,4,28,13.744,0, ['/ecs/DP1/PM/NSIDC-0051.001/2013.04.28/nt_20130428_f17_v1.1_n.bin']
North,2013,4,29,13.683,0, ['/ecs/DP1/PM/NSIDC-0051.001/2013.04.29/nt_20130429_f17_v1.1_n.bin']
North,2013,4,30,13.62,0, ['/ecs/DP1/PM/NSIDC-0051.001/2013.04.30/nt_20130430_f17_v1.1_n.bin']
North,2013,5,1,13.477,0, ['/ecs/DP1/PM/NSIDC-0051.001/2013.05.01/nt_20130501_f17_v1.1_n.bin']
North,2013,5,2,13.478,0, ['/ecs/DP1/PM/NSIDC-0051.001/2013.05.02/nt_20130502_f17_v1.1_n.bin']
North,2013,5,3,13.422,0, ['/ecs/DP1/PM/NSIDC-0051.001/2013.05.03/nt_20130503_f17_v1.1_n.bin']
North,2013,5,4,13.435,0, ['/ecs/DP1/PM/NSIDC-0051.001/2013.05.04/nt_20130504_f17_v1.1_n.bin']
North,2013,5,5,13.349,0, ['/ecs/DP1/PM/NSIDC-0051.001/2013.05.05/nt_20130505_f17_v1.1_n.bin']
North,2013,5,6,13.353,0, ['/ecs/DP1/PM/NSIDC-0051.001/2013.05.06/nt_20130506_f17_v1.1_n.bin']
North,2013,5,7,13.373,0, ['/ecs/DP1/PM/NSIDC-0051.001/2013.05.07/nt_20130507_f17_v1.1_n.bin']
North,2013,5,8,13.304,0, ['/ecs/DP1/PM/NSIDC-0051.001/2013.05.08/nt_20130508_f17_v1.1_n.bin']
North,2013,5,9,13.299,0, ['/ecs/DP1/PM/NSIDC-0051.001/2013.05.09/nt_20130509_f17_v1.1_n.bin']
North,2013,5,10,13.244,0, ['/ecs/DP1/PM/NSIDC-0051.001/2013.05.10/nt_20130510_f17_v1.1_n.bin']
North,2013,5,11,13.219,0, ['/ecs/DP1/PM/NSIDC-0051.001/2013.05.11/nt_20130511_f17_v1.1_n.bin']
North,2013,5,12,13.189,0, ['/ecs/DP1/PM/NSIDC-0051.001/2013.05.12/nt_20130512_f17_v1.1_n.bin']
North,2013,5,13,13.137,0, ['/ecs/DP1/PM/NSIDC-0051.001/2013.05.13/nt_20130513_f17_v1.1_n.bin']
North,2013,5,14,13.145,0, ['/ecs/DP1/PM/NSIDC-0051.001/2013.05.14/nt_20130514_f17_v1.1_n.bin']
North,2013,5,15,13.077,0, ['/ecs/DP1/PM/NSIDC-0051.001/2013.05.15/nt_20130515_f17_v1.1_n.bin']
North,2013,5,16,13.047,0, ['/ecs/DP1/PM/NSIDC-0051.001/2013.05.16/nt_20130516_f17_v1.1_n.bin']
North,2013,5,17,12.963,0, ['/ecs/DP1/PM/NSIDC-0051.001/2013.05.17/nt_20130517_f17_v1.1_n.bin']
North,2013,5,18,12.901,0, ['/ecs/DP1/PM/NSIDC-0051.001/2013.05.18/nt_20130518_f17_v1.1_n.bin']
North,2013,5,19,12.872,0, ['/ecs/DP1/PM/NSIDC-0051.001/2013.05.19/nt_20130519_f17_v1.1_n.bin']
North,2013,5,20,12.833,0, ['/ecs/DP1/PM/NSIDC-0051.001/2013.05.20/nt_20130520_f17_v1.1_n.bin']
North,2013,5,21,12.799,0, ['/ecs/DP1/PM/NSIDC-0051.001/2013.05.21/nt_20130521_f17_v1.1_n.bin']
North,2013,5,22,12.809,0, ['/ecs/DP1/PM/NSIDC-0051.001/2013.05.22/nt_20130522_f17_v1.1_n.bin']
North,2013,5,23,12.716,0, ['/ecs/DP1/PM/NSIDC-0051.001/2013.05.23/nt_20130523_f17_v1.1_n.bin']
North,2013,5,24,12.721,0, ['/ecs/DP1/PM/NSIDC-0051.001/2013.05.24/nt_20130524_f17_v1.1_n.bin']
North,2013,5,25,12.711,0, ['/ecs/DP1/PM/NSIDC-0051.001/2013.05.25/nt_20130525_f17_v1.1_n.bin']
North,2013,5,26,12.653,0, ['/ecs/DP1/PM/NSIDC-0051.001/2013.05.26/nt_20130526_f17_v1.1_n.bin']
North,2013,5,27,12.556,0, ['/ecs/DP1/PM/NSIDC-0051.001/2013.05.27/nt_20130527_f17_v1.1_n.bin']
North,2013,5,28,12.507,0, ['/ecs/DP1/PM/NSIDC-0051.001/2013.05.28/nt_20130528_f17_v1.1_n.bin']
North,2013,5,29,12.455,0, ['/ecs/DP1/PM/NSIDC-0051.001/2013.05.29/nt_20130529_f17_v1.1_n.bin']
North,2013,5,30,12.478,0, ['/ecs/DP1/PM/NSIDC-0051.001/2013.05.30/nt_20130530_f17_v1.1_n.bin']
North,2013,5,31,12.393,0, ['/ecs/DP1/PM/NSIDC-0051.001/2013.05.31/nt_20130531_f17_v1.1_n.bin']
North,2013,6,1,12.24,0, ['/ecs/DP1/PM/NSIDC-0051.001/2013.06.01/nt_20130601_f17_v1.1_n.bin']
North,2013,6,2,12.161,0, ['/ecs/DP1/PM/NSIDC-0051.001/2013.06.02/nt_20130602_f17_v1.1_n.bin']
North,2013,6,3,12.159,0, ['/ecs/DP1/PM/NSIDC-0051.001/2013.06.03/nt_20130603_f17_v1.1_n.bin']
North,2013,6,4,12.13,0, ['/ecs/DP1/PM/NSIDC-0051.001/2013.06.04/nt_20130604_f17_v1.1_n.bin']
North,2013,6,5,12.087,0, ['/ecs/DP1/PM/NSIDC-0051.001/2013.06.05/nt_20130605_f17_v1.1_n.bin']
North,2013,6,6,11.959,0, ['/ecs/DP1/PM/NSIDC-0051.001/2013.06.06/nt_20130606_f17_v1.1_n.bin']
North,2013,6,7,11.882,0, ['/ecs/DP1/PM/NSIDC-0051.001/2013.06.07/nt_20130607_f17_v1.1_n.bin']
North,2013,6,8,11.862,0, ['/ecs/DP1/PM/NSIDC-0051.001/2013.06.08/nt_20130608_f17_v1.1_n.bin']
North,2013,6,9,11.854,0, ['/ecs/DP1/PM/NSIDC-0051.001/2013.06.09/nt_20130609_f17_v1.1_n.bin']
North,2013,6,10,11.768,0, ['/ecs/DP1/PM/NSIDC-0051.001/2013.06.10/nt_20130610_f17_v1.1_n.bin']
North,2013,6,11,11.707,0, ['/ecs/DP1/PM/NSIDC-0051.001/2013.06.11/nt_20130611_f17_v1.1_n.bin']
North,2013,6,12,11.619,0, ['/ecs/DP1/PM/NSIDC-0051.001/2013.06.12/nt_20130612_f17_v1.1_n.bin']
North,2013,6,13,11.524,0, ['/ecs/DP1/PM/NSIDC-0051.001/2013.06.13/nt_20130613_f17_v1.1_n.bin']
North,2013,6,14,11.494,0, ['/ecs/DP1/PM/NSIDC-0051.001/2013.06.14/nt_20130614_f17_v1.1_n.bin']
North,2013,6,15,11.492,0, ['/ecs/DP1/PM/NSIDC-0051.001/2013.06.15/nt_20130615_f17_v1.1_n.bin']
North,2013,6,16,11.472,0, ['/ecs/DP1/PM/NSIDC-0051.001/2013.06.16/nt_20130616_f17_v1.1_n.bin']
North,2013,6,17,11.387,0, ['/ecs/DP1/PM/NSIDC-0051.001/2013.06.17/nt_20130617_f17_v1.1_n.bin']
North,2013,6,18,11.342,0, ['/ecs/DP1/PM/NSIDC-0051.001/2013.06.18/nt_20130618_f17_v1.1_n.bin']
North,2013,6,19,11.218,0, ['/ecs/DP1/PM/NSIDC-0051.001/2013.06.19/nt_20130619_f17_v1.1_n.bin']
North,2013,6,20,11.182,0, ['/ecs/DP1/PM/NSIDC-0051.001/2013.06.20/nt_20130620_f17_v1.1_n.bin']
North,2013,6,21,11.114,0, ['/ecs/DP1/PM/NSIDC-0051.001/2013.06.21/nt_20130621_f17_v1.1_n.bin']
North,2013,6,22,11.078,0, ['/ecs/DP1/PM/NSIDC-0051.001/2013.06.22/nt_20130622_f17_v1.1_n.bin']
North,2013,6,23,10.965,0, ['/ecs/DP1/PM/NSIDC-0051.001/2013.06.23/nt_20130623_f17_v1.1_n.bin']
North,2013,6,24,10.834,0, ['/ecs/DP1/PM/NSIDC-0051.001/2013.06.24/nt_20130624_f17_v1.1_n.bin']
North,2013,6,25,10.746,0, ['/ecs/DP1/PM/NSIDC-0051.001/2013.06.25/nt_20130625_f17_v1.1_n.bin']
North,2013,6,26,10.584,0, ['/ecs/DP1/PM/NSIDC-0051.001/2013.06.26/nt_20130626_f17_v1.1_n.bin']
North,2013,6,27,10.448,0, ['/ecs/DP1/PM/NSIDC-0051.001/2013.06.27/nt_20130627_f17_v1.1_n.bin']
North,2013,6,28,10.293,0, ['/ecs/DP1/PM/NSIDC-0051.001/2013.06.28/nt_20130628_f17_v1.1_n.bin']
North,2013,6,29,10.188,0, ['/ecs/DP1/PM/NSIDC-0051.001/2013.06.29/nt_20130629_f17_v1.1_n.bin']
North,2013,6,30,10.015,0, ['/ecs/DP1/PM/NSIDC-0051.001/2013.06.30/nt_20130630_f17_v1.1_n.bin']
North,2013,7,1,9.666,0, ['/ecs/DP1/PM/NSIDC-0051.001/2013.07.01/nt_20130701_f17_v1.1_n.bin']
North,2013,7,2,9.596,0, ['/ecs/DP1/PM/NSIDC-0051.001/2013.07.02/nt_20130702_f17_v1.1_n.bin']
North,2013,7,3,9.457,0, ['/ecs/DP1/PM/NSIDC-0051.001/2013.07.03/nt_20130703_f17_v1.1_n.bin']
North,2013,7,4,9.306,0, ['/ecs/DP1/PM/NSIDC-0051.001/2013.07.04/nt_20130704_f17_v1.1_n.bin']
North,2013,7,5,9.177,0, ['/ecs/DP1/PM/NSIDC-0051.001/2013.07.05/nt_20130705_f17_v1.1_n.bin']
North,2013,7,6,9.084,0, ['/ecs/DP1/PM/NSIDC-0051.001/2013.07.06/nt_20130706_f17_v1.1_n.bin']
North,2013,7,7,8.972,0, ['/ecs/DP1/PM/NSIDC-0051.001/2013.07.07/nt_20130707_f17_v1.1_n.bin']
North,2013,7,8,8.909,0, ['/ecs/DP1/PM/NSIDC-0051.001/2013.07.08/nt_20130708_f17_v1.1_n.bin']
North,2013,7,9,8.795,0, ['/ecs/DP1/PM/NSIDC-0051.001/2013.07.09/nt_20130709_f17_v1.1_n.bin']
North,2013,7,10,8.718,0, ['/ecs/DP1/PM/NSIDC-0051.001/2013.07.10/nt_20130710_f17_v1.1_n.bin']
North,2013,7,11,8.682,0, ['/ecs/DP1/PM/NSIDC-0051.001/2013.07.11/nt_20130711_f17_v1.1_n.bin']
North,2013,7,12,8.386,0, ['/ecs/DP1/PM/NSIDC-0051.001/2013.07.12/nt_20130712_f17_v1.1_n.bin']
North,2013,7,13,8.283,0, ['/ecs/DP1/PM/NSIDC-0051.001/2013.07.13/nt_20130713_f17_v1.1_n.bin']
North,2013,7,14,8.262,0, ['/ecs/DP1/PM/NSIDC-0051.001/2013.07.14/nt_20130714_f17_v1.1_n.bin']
North,2013,7,15,8.193,0, ['/ecs/DP1/PM/NSIDC-0051.001/2013.07.15/nt_20130715_f17_v1.1_n.bin']
North,2013,7,16,8.04,0, ['/ecs/DP1/PM/NSIDC-0051.001/2013.07.16/nt_20130716_f17_v1.1_n.bin']
North,2013,7,17,7.884,0, ['/ecs/DP1/PM/NSIDC-0051.001/2013.07.17/nt_20130717_f17_v1.1_n.bin']
North,2013,7,18,7.83,0, ['/ecs/DP1/PM/NSIDC-0051.001/2013.07.18/nt_20130718_f17_v1.1_n.bin']
North,2013,7,19,7.779,0, ['/ecs/DP1/PM/NSIDC-0051.001/2013.07.19/nt_20130719_f17_v1.1_n.bin']
North,2013,7,20,7.711,0, ['/ecs/DP1/PM/NSIDC-0051.001/2013.07.20/nt_20130720_f17_v1.1_n.bin']
North,2013,7,21,7.505,0, ['/ecs/DP1/PM/NSIDC-0051.001/2013.07.21/nt_20130721_f17_v1.1_n.bin']
North,2013,7,22,7.412,0, ['/ecs/DP1/PM/NSIDC-0051.001/2013.07.22/nt_20130722_f17_v1.1_n.bin']
North,2013,7,23,7.355,0, ['/ecs/DP1/PM/NSIDC-0051.001/2013.07.23/nt_20130723_f17_v1.1_n.bin']
North,2013,7,24,7.354,0, ['/ecs/DP1/PM/NSIDC-0051.001/2013.07.24/nt_20130724_f17_v1.1_n.bin']
North,2013,7,25,7.289,0, ['/ecs/DP1/PM/NSIDC-0051.001/2013.07.25/nt_20130725_f17_v1.1_n.bin']
North,2013,7,26,7.169,0, ['/ecs/DP1/PM/NSIDC-0051.001/2013.07.26/nt_20130726_f17_v1.1_n.bin']
North,2013,7,27,7.195,0, ['/ecs/DP1/PM/NSIDC-0051.001/2013.07.27/nt_20130727_f17_v1.1_n.bin']
North,2013,7,28,7.038,0, ['/ecs/DP1/PM/NSIDC-0051.001/2013.07.28/nt_20130728_f17_v1.1_n.bin']
North,2013,7,29,7.03,0, ['/ecs/DP1/PM/NSIDC-0051.001/2013.07.29/nt_20130729_f17_v1.1_n.bin']
North,2013,7,30,7.029,0, ['/ecs/DP1/PM/NSIDC-0051.001/2013.07.30/nt_20130730_f17_v1.1_n.bin']
North,2013,7,31,6.976,0, ['/ecs/DP1/PM/NSIDC-0051.001/2013.07.31/nt_20130731_f17_v1.1_n.bin']
North,2013,8,1,6.904,0, ['/ecs/DP1/PM/NSIDC-0051.001/2013.08.01/nt_20130801_f17_v1.1_n.bin']
North,2013,8,2,6.804,0, ['/ecs/DP1/PM/NSIDC-0051.001/2013.08.02/nt_20130802_f17_v1.1_n.bin']
North,2013,8,3,6.654,0, ['/ecs/DP1/PM/NSIDC-0051.001/2013.08.03/nt_20130803_f17_v1.1_n.bin']
North,2013,8,4,6.613,0, ['/ecs/DP1/PM/NSIDC-0051.001/2013.08.04/nt_20130804_f17_v1.1_n.bin']
North,2013,8,5,6.644,0, ['/ecs/DP1/PM/NSIDC-0051.001/2013.08.05/nt_20130805_f17_v1.1_n.bin']
North,2013,8,6,6.619,0, ['/ecs/DP1/PM/NSIDC-0051.001/2013.08.06/nt_20130806_f17_v1.1_n.bin']
North,2013,8,7,6.505,0, ['/ecs/DP1/PM/NSIDC-0051.001/2013.08.07/nt_20130807_f17_v1.1_n.bin']
North,2013,8,8,6.441,0, ['/ecs/DP1/PM/NSIDC-0051.001/2013.08.08/nt_20130808_f17_v1.1_n.bin']
North,2013,8,9,6.369,0, ['/ecs/DP1/PM/NSIDC-0051.001/2013.08.09/nt_20130809_f17_v1.1_n.bin']
North,2013,8,10,6.325,0, ['/ecs/DP1/PM/NSIDC-0051.001/2013.08.10/nt_20130810_f17_v1.1_n.bin']
North,2013,8,11,6.265,0, ['/ecs/DP1/PM/NSIDC-0051.001/2013.08.11/nt_20130811_f17_v1.1_n.bin']
North,2013,8,12,6.21,0, ['/ecs/DP1/PM/NSIDC-0051.001/2013.08.12/nt_20130812_f17_v1.1_n.bin']
North,2013,8,13,6.128,0, ['/ecs/DP1/PM/NSIDC-0051.001/2013.08.13/nt_20130813_f17_v1.1_n.bin']
North,2013,8,14,6.067,0, ['/ecs/DP1/PM/NSIDC-0051.001/2013.08.14/nt_20130814_f17_v1.1_n.bin']
North,2013,8,15,6.032,0, ['/ecs/DP1/PM/NSIDC-0051.001/2013.08.15/nt_20130815_f17_v1.1_n.bin']
North,2013,8,16,5.934,0, ['/ecs/DP1/PM/NSIDC-0051.001/2013.08.16/nt_20130816_f17_v1.1_n.bin']
North,2013,8,17,5.929,0, ['/ecs/DP1/PM/NSIDC-0051.001/2013.08.17/nt_20130817_f17_v1.1_n.bin']
North,2013,8,18,5.864,0, ['/ecs/DP1/PM/NSIDC-0051.001/2013.08.18/nt_20130818_f17_v1.1_n.bin']
North,2013,8,19,5.784,0, ['/ecs/DP1/PM/NSIDC-0051.001/2013.08.19/nt_20130819_f17_v1.1_n.bin']
North,2013,8,20,5.789,0, ['/ecs/DP1/PM/NSIDC-0051.001/2013.08.20/nt_20130820_f17_v1.1_n.bin']
North,2013,8,21,5.713,0, ['/ecs/DP1/PM/NSIDC-0051.001/2013.08.21/nt_20130821_f17_v1.1_n.bin']
North,2013,8,22,5.624,0, ['/ecs/DP1/PM/NSIDC-0051.001/2013.08.22/nt_20130822_f17_v1.1_n.bin']
North,2013,8,23,5.668,0, ['/ecs/DP1/PM/NSIDC-0051.001/2013.08.23/nt_20130823_f17_v1.1_n.bin']
North,2013,8,24,5.611,0, ['/ecs/DP1/PM/NSIDC-0051.001/2013.08.24/nt_20130824_f17_v1.1_n.bin']
North,2013,8,25,5.589,0, ['/ecs/DP1/PM/NSIDC-0051.001/2013.08.25/nt_20130825_f17_v1.1_n.bin']
North,2013,8,26,5.518,0, ['/ecs/DP1/PM/NSIDC-0051.001/2013.08.26/nt_20130826_f17_v1.1_n.bin']
North,2013,8,27,5.472,0, ['/ecs/DP1/PM/NSIDC-0051.001/2013.08.27/nt_20130827_f17_v1.1_n.bin']
North,2013,8,28,5.387,0, ['/ecs/DP1/PM/NSIDC-0051.001/2013.08.28/nt_20130828_f17_v1.1_n.bin']
North,2013,8,29,5.332,0, ['/ecs/DP1/PM/NSIDC-0051.001/2013.08.29/nt_20130829_f17_v1.1_n.bin']
North,2013,8,30,5.346,0, ['/ecs/DP1/PM/NSIDC-0051.001/2013.08.30/nt_20130830_f17_v1.1_n.bin']
North,2013,8,31,5.279,0, ['/ecs/DP1/PM/NSIDC-0051.001/2013.08.31/nt_20130831_f17_v1.1_n.bin']
North,2013,9,1,5.275,0, ['/ecs/DP1/PM/NSIDC-0051.001/2013.09.01/nt_20130901_f17_v1.1_n.bin']
North,2013,9,2,5.273,0, ['/ecs/DP1/PM/NSIDC-0051.001/2013.09.02/nt_20130902_f17_v1.1_n.bin']
North,2013,9,3,5.249,0, ['/ecs/DP1/PM/NSIDC-0051.001/2013.09.03/nt_20130903_f17_v1.1_n.bin']
North,2013,9,4,5.171,0, ['/ecs/DP1/PM/NSIDC-0051.001/2013.09.04/nt_20130904_f17_v1.1_n.bin']
North,2013,9,5,5.156,0, ['/ecs/DP1/PM/NSIDC-0051.001/2013.09.05/nt_20130905_f17_v1.1_n.bin']
North,2013,9,6,5.164,0, ['/ecs/DP1/PM/NSIDC-0051.001/2013.09.06/nt_20130906_f17_v1.1_n.bin']
North,2013,9,7,5.161,0, ['/ecs/DP1/PM/NSIDC-0051.001/2013.09.07/nt_20130907_f17_v1.1_n.bin']
North,2013,9,8,5.09,0, ['/ecs/DP1/PM/NSIDC-0051.001/2013.09.08/nt_20130908_f17_v1.1_n.bin']
North,2013,9,9,5.053,0, ['/ecs/DP1/PM/NSIDC-0051.001/2013.09.09/nt_20130909_f17_v1.1_n.bin']
North,2013,9,10,5.071,0, ['/ecs/DP1/PM/NSIDC-0051.001/2013.09.10/nt_20130910_f17_v1.1_n.bin']
North,2013,9,11,5.058,0, ['/ecs/DP1/PM/NSIDC-0051.001/2013.09.11/nt_20130911_f17_v1.1_n.bin']
North,2013,9,12,5.051,0, ['/ecs/DP1/PM/NSIDC-0051.001/2013.09.12/nt_20130912_f17_v1.1_n.bin']
North,2013,9,13,5.04,0, ['/ecs/DP1/PM/NSIDC-0051.001/2013.09.13/nt_20130913_f17_v1.1_n.bin']
North,2013,9,14,5.077,0, ['/ecs/DP1/PM/NSIDC-0051.001/2013.09.14/nt_20130914_f17_v1.1_n.bin']
North,2013,9,15,5.095,0, ['/ecs/DP1/PM/NSIDC-0051.001/2013.09.15/nt_20130915_f17_v1.1_n.bin']
North,2013,9,16,5.083,0, ['/ecs/DP1/PM/NSIDC-0051.001/2013.09.16/nt_20130916_f17_v1.1_n.bin']
North,2013,9,17,5.077,0, ['/ecs/DP1/PM/NSIDC-0051.001/2013.09.17/nt_20130917_f17_v1.1_n.bin']
North,2013,9,18,5.074,0, ['/ecs/DP1/PM/NSIDC-0051.001/2013.09.18/nt_20130918_f17_v1.1_n.bin']
North,2013,9,19,5.108,0, ['/ecs/DP1/PM/NSIDC-0051.001/2013.09.19/nt_20130919_f17_v1.1_n.bin']
North,2013,9,20,5.115,0, ['/ecs/DP1/PM/NSIDC-0051.001/2013.09.20/nt_20130920_f17_v1.1_n.bin']
North,2013,9,21,5.154,0, ['/ecs/DP1/PM/NSIDC-0051.001/2013.09.21/nt_20130921_f17_v1.1_n.bin']
North,2013,9,22,5.193,0, ['/ecs/DP1/PM/NSIDC-0051.001/2013.09.22/nt_20130922_f17_v1.1_n.bin']
North,2013,9,23,5.24,0, ['/ecs/DP1/PM/NSIDC-0051.001/2013.09.23/nt_20130923_f17_v1.1_n.bin']
North,2013,9,24,5.285,0, ['/ecs/DP1/PM/NSIDC-0051.001/2013.09.24/nt_20130924_f17_v1.1_n.bin']
North,2013,9,25,5.331,0, ['/ecs/DP1/PM/NSIDC-0051.001/2013.09.25/nt_20130925_f17_v1.1_n.bin']
North,2013,9,26,5.386,0, ['/ecs/DP1/PM/NSIDC-0051.001/2013.09.26/nt_20130926_f17_v1.1_n.bin']
North,2013,9,27,5.451,0, ['/ecs/DP1/PM/NSIDC-0051.001/2013.09.27/nt_20130927_f17_v1.1_n.bin']
North,2013,9,28,5.536,0, ['/ecs/DP1/PM/NSIDC-0051.001/2013.09.28/nt_20130928_f17_v1.1_n.bin']
North,2013,9,29,5.566,0, ['/ecs/DP1/PM/NSIDC-0051.001/2013.09.29/nt_20130929_f17_v1.1_n.bin']
North,2013,9,30,5.665,0, ['/ecs/DP1/PM/NSIDC-0051.001/2013.09.30/nt_20130930_f17_v1.1_n.bin']
North,2013,10,1,5.871,0, ['/ecs/DP1/PM/NSIDC-0051.001/2013.10.01/nt_20131001_f17_v1.1_n.bin']
North,2013,10,2,5.939,0, ['/ecs/DP1/PM/NSIDC-0051.001/2013.10.02/nt_20131002_f17_v1.1_n.bin']
North,2013,10,3,6.007,0, ['/ecs/DP1/PM/NSIDC-0051.001/2013.10.03/nt_20131003_f17_v1.1_n.bin']
North,2013,10,4,6.06,0, ['/ecs/DP1/PM/NSIDC-0051.001/2013.10.04/nt_20131004_f17_v1.1_n.bin']
North,2013,10,5,6.192,0, ['/ecs/DP1/PM/NSIDC-0051.001/2013.10.05/nt_20131005_f17_v1.1_n.bin']
North,2013,10,6,6.27,0, ['/ecs/DP1/PM/NSIDC-0051.001/2013.10.06/nt_20131006_f17_v1.1_n.bin']
North,2013,10,7,6.402,0, ['/ecs/DP1/PM/NSIDC-0051.001/2013.10.07/nt_20131007_f17_v1.1_n.bin']
North,2013,10,8,6.62,0, ['/ecs/DP1/PM/NSIDC-0051.001/2013.10.08/nt_20131008_f17_v1.1_n.bin']
North,2013,10,9,6.682,0, ['/ecs/DP1/PM/NSIDC-0051.001/2013.10.09/nt_20131009_f17_v1.1_n.bin']
North,2013,10,10,6.789,0, ['/ecs/DP1/PM/NSIDC-0051.001/2013.10.10/nt_20131010_f17_v1.1_n.bin']
North,2013,10,11,6.91,0, ['/ecs/DP1/PM/NSIDC-0051.001/2013.10.11/nt_20131011_f17_v1.1_n.bin']
North,2013,10,12,7.075,0, ['/ecs/DP1/PM/NSIDC-0051.001/2013.10.12/nt_20131012_f17_v1.1_n.bin']
North,2013,10,13,7.227,0, ['/ecs/DP1/PM/NSIDC-0051.001/2013.10.13/nt_20131013_f17_v1.1_n.bin']
North,2013,10,14,7.374,0, ['/ecs/DP1/PM/NSIDC-0051.001/2013.10.14/nt_20131014_f17_v1.1_n.bin']
North,2013,10,15,7.427,0, ['/ecs/DP1/PM/NSIDC-0051.001/2013.10.15/nt_20131015_f17_v1.1_n.bin']
North,2013,10,16,7.541,0, ['/ecs/DP1/PM/NSIDC-0051.001/2013.10.16/nt_20131016_f17_v1.1_n.bin']
North,2013,10,17,7.699,0, ['/ecs/DP1/PM/NSIDC-0051.001/2013.10.17/nt_20131017_f17_v1.1_n.bin']
North,2013,10,18,7.825,0, ['/ecs/DP1/PM/NSIDC-0051.001/2013.10.18/nt_20131018_f17_v1.1_n.bin']
North,2013,10,19,7.88,0, ['/ecs/DP1/PM/NSIDC-0051.001/2013.10.19/nt_20131019_f17_v1.1_n.bin']
North,2013,10,20,7.992,0, ['/ecs/DP1/PM/NSIDC-0051.001/2013.10.20/nt_20131020_f17_v1.1_n.bin']
North,2013,10,21,8.029,0, ['/ecs/DP1/PM/NSIDC-0051.001/2013.10.21/nt_20131021_f17_v1.1_n.bin']
North,2013,10,22,8.129,0, ['/ecs/DP1/PM/NSIDC-0051.001/2013.10.22/nt_20131022_f17_v1.1_n.bin']
North,2013,10,23,8.237,0, ['/ecs/DP1/PM/NSIDC-0051.001/2013.10.23/nt_20131023_f17_v1.1_n.bin']
North,2013,10,24,8.281,0, ['/ecs/DP1/PM/NSIDC-0051.001/2013.10.24/nt_20131024_f17_v1.1_n.bin']
North,2013,10,25,8.386,0, ['/ecs/DP1/PM/NSIDC-0051.001/2013.10.25/nt_20131025_f17_v1.1_n.bin']
North,2013,10,26,8.449,0, ['/ecs/DP1/PM/NSIDC-0051.001/2013.10.26/nt_20131026_f17_v1.1_n.bin']
North,2013,10,27,8.528,0, ['/ecs/DP1/PM/NSIDC-0051.001/2013.10.27/nt_20131027_f17_v1.1_n.bin']
North,2013,10,28,8.633,0, ['/ecs/DP1/PM/NSIDC-0051.001/2013.10.28/nt_20131028_f17_v1.1_n.bin']
North,2013,10,29,8.773,0, ['/ecs/DP1/PM/NSIDC-0051.001/2013.10.29/nt_20131029_f17_v1.1_n.bin']
North,2013,10,30,8.882,0, ['/ecs/DP1/PM/NSIDC-0051.001/2013.10.30/nt_20131030_f17_v1.1_n.bin']
North,2013,10,31,8.991,0, ['/ecs/DP1/PM/NSIDC-0051.001/2013.10.31/nt_20131031_f17_v1.1_n.bin']
North,2013,11,1,9.158,0, ['/ecs/DP1/PM/NSIDC-0051.001/2013.11.01/nt_20131101_f17_v1.1_n.bin']
North,2013,11,2,9.227,0, ['/ecs/DP1/PM/NSIDC-0051.001/2013.11.02/nt_20131102_f17_v1.1_n.bin']
North,2013,11,3,9.26,0, ['/ecs/DP1/PM/NSIDC-0051.001/2013.11.03/nt_20131103_f17_v1.1_n.bin']
North,2013,11,4,9.298,0, ['/ecs/DP1/PM/NSIDC-0051.001/2013.11.04/nt_20131104_f17_v1.1_n.bin']
North,2013,11,5,9.31,0, ['/ecs/DP1/PM/NSIDC-0051.001/2013.11.05/nt_20131105_f17_v1.1_n.bin']
North,2013,11,6,9.34,0, ['/ecs/DP1/PM/NSIDC-0051.001/2013.11.06/nt_20131106_f17_v1.1_n.bin']
North,2013,11,7,9.304,0, ['/ecs/DP1/PM/NSIDC-0051.001/2013.11.07/nt_20131107_f17_v1.1_n.bin']
North,2013,11,8,9.189,0, ['/ecs/DP1/PM/NSIDC-0051.001/2013.11.08/nt_20131108_f17_v1.1_n.bin']
North,2013,11,9,9.318,0, ['/ecs/DP1/PM/NSIDC-0051.001/2013.11.09/nt_20131109_f17_v1.1_n.bin']
North,2013,11,10,9.493,0, ['/ecs/DP1/PM/NSIDC-0051.001/2013.11.10/nt_20131110_f17_v1.1_n.bin']
North,2013,11,11,9.595,0, ['/ecs/DP1/PM/NSIDC-0051.001/2013.11.11/nt_20131111_f17_v1.1_n.bin']
North,2013,11,12,9.575,0, ['/ecs/DP1/PM/NSIDC-0051.001/2013.11.12/nt_20131112_f17_v1.1_n.bin']
North,2013,11,13,9.582,0, ['/ecs/DP1/PM/NSIDC-0051.001/2013.11.13/nt_20131113_f17_v1.1_n.bin']
North,2013,11,14,9.617,0, ['/ecs/DP1/PM/NSIDC-0051.001/2013.11.14/nt_20131114_f17_v1.1_n.bin']
North,2013,11,15,9.742,0, ['/ecs/DP1/PM/NSIDC-0051.001/2013.11.15/nt_20131115_f17_v1.1_n.bin']
North,2013,11,16,9.77,0, ['/ecs/DP1/PM/NSIDC-0051.001/2013.11.16/nt_20131116_f17_v1.1_n.bin']
North,2013,11,17,9.857,0, ['/ecs/DP1/PM/NSIDC-0051.001/2013.11.17/nt_20131117_f17_v1.1_n.bin']
North,2013,11,18,10.083,0, ['/ecs/DP1/PM/NSIDC-0051.001/2013.11.18/nt_20131118_f17_v1.1_n.bin']
North,2013,11,19,10.156,0, ['/ecs/DP1/PM/NSIDC-0051.001/2013.11.19/nt_20131119_f17_v1.1_n.bin']
North,2013,11,20,10.222,0, ['/ecs/DP1/PM/NSIDC-0051.001/2013.11.20/nt_20131120_f17_v1.1_n.bin']
North,2013,11,21,10.297,0, ['/ecs/DP1/PM/NSIDC-0051.001/2013.11.21/nt_20131121_f17_v1.1_n.bin']
North,2013,11,22,10.393,0, ['/ecs/DP1/PM/NSIDC-0051.001/2013.11.22/nt_20131122_f17_v1.1_n.bin']
North,2013,11,23,10.502,0, ['/ecs/DP1/PM/NSIDC-0051.001/2013.11.23/nt_20131123_f17_v1.1_n.bin']
North,2013,11,24,10.519,0, ['/ecs/DP1/PM/NSIDC-0051.001/2013.11.24/nt_20131124_f17_v1.1_n.bin']
North,2013,11,25,10.555,0, ['/ecs/DP1/PM/NSIDC-0051.001/2013.11.25/nt_20131125_f17_v1.1_n.bin']
North,2013,11,26,10.708,0, ['/ecs/DP1/PM/NSIDC-0051.001/2013.11.26/nt_20131126_f17_v1.1_n.bin']
North,2013,11,27,10.87,0, ['/ecs/DP1/PM/NSIDC-0051.001/2013.11.27/nt_20131127_f17_v1.1_n.bin']
North,2013,11,28,10.973,0, ['/ecs/DP1/PM/NSIDC-0051.001/2013.11.28/nt_20131128_f17_v1.1_n.bin']
North,2013,11,29,11.101,0, ['/ecs/DP1/PM/NSIDC-0051.001/2013.11.29/nt_20131129_f17_v1.1_n.bin']
North,2013,11,30,11.157,0, ['/ecs/DP1/PM/NSIDC-0051.001/2013.11.30/nt_20131130_f17_v1.1_n.bin']
North,2013,12,1,11.345,0, ['/ecs/DP1/PM/NSIDC-0051.001/2013.12.01/nt_20131201_f17_v1.1_n.bin']
North,2013,12,2,11.404,0, ['/ecs/DP1/PM/NSIDC-0051.001/2013.12.02/nt_20131202_f17_v1.1_n.bin']
North,2013,12,3,11.601,0, ['/ecs/DP1/PM/NSIDC-0051.001/2013.12.03/nt_20131203_f17_v1.1_n.bin']
North,2013,12,4,11.745,0, ['/ecs/DP1/PM/NSIDC-0051.001/2013.12.04/nt_20131204_f17_v1.1_n.bin']
North,2013,12,5,11.745,0, ['/ecs/DP1/PM/NSIDC-0051.001/2013.12.05/nt_20131205_f17_v1.1_n.bin']
North,2013,12,6,11.72,0, ['/ecs/DP1/PM/NSIDC-0051.001/2013.12.06/nt_20131206_f17_v1.1_n.bin']
North,2013,12,7,11.715,0, ['/ecs/DP1/PM/NSIDC-0051.001/2013.12.07/nt_20131207_f17_v1.1_n.bin']
North,2013,12,8,11.73,0, ['/ecs/DP1/PM/NSIDC-0051.001/2013.12.08/nt_20131208_f17_v1.1_n.bin']
North,2013,12,9,11.75,0, ['/ecs/DP1/PM/NSIDC-0051.001/2013.12.09/nt_20131209_f17_v1.1_n.bin']
North,2013,12,10,11.925,0, ['/ecs/DP1/PM/NSIDC-0051.001/2013.12.10/nt_20131210_f17_v1.1_n.bin']
North,2013,12,11,12.031,0, ['/ecs/DP1/PM/NSIDC-0051.001/2013.12.11/nt_20131211_f17_v1.1_n.bin']
North,2013,12,12,12.112,0, ['/ecs/DP1/PM/NSIDC-0051.001/2013.12.12/nt_20131212_f17_v1.1_n.bin']
North,2013,12,13,12.144,0, ['/ecs/DP1/PM/NSIDC-0051.001/2013.12.13/nt_20131213_f17_v1.1_n.bin']
North,2013,12,14,12.183,0, ['/ecs/DP1/PM/NSIDC-0051.001/2013.12.14/nt_20131214_f17_v1.1_n.bin']
North,2013,12,15,12.325,0, ['/ecs/DP1/PM/NSIDC-0051.001/2013.12.15/nt_20131215_f17_v1.1_n.bin']
North,2013,12,16,12.25,0, ['/ecs/DP1/PM/NSIDC-0051.001/2013.12.16/nt_20131216_f17_v1.1_n.bin']
North,2013,12,17,12.206,0, ['/ecs/DP1/PM/NSIDC-0051.001/2013.12.17/nt_20131217_f17_v1.1_n.bin']
North,2013,12,18,12.207,0, ['/ecs/DP1/PM/NSIDC-0051.001/2013.12.18/nt_20131218_f17_v1.1_n.bin']
North,2013,12,19,12.315,0, ['/ecs/DP1/PM/NSIDC-0051.001/2013.12.19/nt_20131219_f17_v1.1_n.bin']
North,2013,12,20,12.275,0, ['/ecs/DP1/PM/NSIDC-0051.001/2013.12.20/nt_20131220_f17_v1.1_n.bin']
North,2013,12,21,12.328,0, ['/ecs/DP1/PM/NSIDC-0051.001/2013.12.21/nt_20131221_f17_v1.1_n.bin']
North,2013,12,22,12.415,0, ['/ecs/DP1/PM/NSIDC-0051.001/2013.12.22/nt_20131222_f17_v1.1_n.bin']
North,2013,12,23,12.444,0, ['/ecs/DP1/PM/NSIDC-0051.001/2013.12.23/nt_20131223_f17_v1.1_n.bin']
North,2013,12,24,12.476,0, ['/ecs/DP1/PM/NSIDC-0051.001/2013.12.24/nt_20131224_f17_v1.1_n.bin']
North,2013,12,25,12.572,0, ['/ecs/DP1/PM/NSIDC-0051.001/2013.12.25/nt_20131225_f17_v1.1_n.bin']
North,2013,12,26,12.659,0, ['/ecs/DP1/PM/NSIDC-0051.001/2013.12.26/nt_20131226_f17_v1.1_n.bin']
North,2013,12,27,12.693,0, ['/ecs/DP1/PM/NSIDC-0051.001/2013.12.27/nt_20131227_f17_v1.1_n.bin']
North,2013,12,28,12.87,0, ['/ecs/DP1/PM/NSIDC-0051.001/2013.12.28/nt_20131228_f17_v1.1_n.bin']
North,2013,12,29,12.897,0, ['/ecs/DP1/PM/NSIDC-0051.001/2013.12.29/nt_20131229_f17_v1.1_n.bin']
North,2013,12,30,12.804,0, ['/ecs/DP1/PM/NSIDC-0051.001/2013.12.30/nt_20131230_f17_v1.1_n.bin']
North,2013,12,31,12.826,0, ['/ecs/DP1/PM/NSIDC-0051.001/2013.12.31/nt_20131231_f17_v1.1_n.bin']
North,2014,1,1,13.011,0, ['/ecs/DP1/PM/NSIDC-0051.001/2014.01.01/nt_20140101_f17_v1.1_n.bin']
North,2014,1,2,13.103,0, ['/ecs/DP1/PM/NSIDC-0051.001/2014.01.02/nt_20140102_f17_v1.1_n.bin']
North,2014,1,3,13.116,0, ['/ecs/DP1/PM/NSIDC-0051.001/2014.01.03/nt_20140103_f17_v1.1_n.bin']
North,2014,1,4,13.219,0, ['/ecs/DP1/PM/NSIDC-0051.001/2014.01.04/nt_20140104_f17_v1.1_n.bin']
North,2014,1,5,13.148,0, ['/ecs/DP1/PM/NSIDC-0051.001/2014.01.05/nt_20140105_f17_v1.1_n.bin']
North,2014,1,6,13.142,0, ['/ecs/DP1/PM/NSIDC-0051.001/2014.01.06/nt_20140106_f17_v1.1_n.bin']
North,2014,1,7,13.243,0, ['/ecs/DP1/PM/NSIDC-0051.001/2014.01.07/nt_20140107_f17_v1.1_n.bin']
North,2014,1,8,13.161,0, ['/ecs/DP1/PM/NSIDC-0051.001/2014.01.08/nt_20140108_f17_v1.1_n.bin']
North,2014,1,9,13.236,0, ['/ecs/DP1/PM/NSIDC-0051.001/2014.01.09/nt_20140109_f17_v1.1_n.bin']
North,2014,1,10,13.398,0, ['/ecs/DP1/PM/NSIDC-0051.001/2014.01.10/nt_20140110_f17_v1.1_n.bin']
North,2014,1,11,13.475,0, ['/ecs/DP1/PM/NSIDC-0051.001/2014.01.11/nt_20140111_f17_v1.1_n.bin']
North,2014,1,12,13.52,0, ['/ecs/DP1/PM/NSIDC-0051.001/2014.01.12/nt_20140112_f17_v1.1_n.bin']
North,2014,1,13,13.456,0, ['/ecs/DP1/PM/NSIDC-0051.001/2014.01.13/nt_20140113_f17_v1.1_n.bin']
North,2014,1,14,13.514,0, ['/ecs/DP1/PM/NSIDC-0051.001/2014.01.14/nt_20140114_f17_v1.1_n.bin']
North,2014,1,15,13.574,0, ['/ecs/DP1/PM/NSIDC-0051.001/2014.01.15/nt_20140115_f17_v1.1_n.bin']
North,2014,1,16,13.631,0, ['/ecs/DP1/PM/NSIDC-0051.001/2014.01.16/nt_20140116_f17_v1.1_n.bin']
North,2014,1,17,13.715,0, ['/ecs/DP1/PM/NSIDC-0051.001/2014.01.17/nt_20140117_f17_v1.1_n.bin']
North,2014,1,18,13.727,0, ['/ecs/DP1/PM/NSIDC-0051.001/2014.01.18/nt_20140118_f17_v1.1_n.bin']
North,2014,1,19,13.778,0, ['/ecs/DP1/PM/NSIDC-0051.001/2014.01.19/nt_20140119_f17_v1.1_n.bin']
North,2014,1,20,13.848,0, ['/ecs/DP1/PM/NSIDC-0051.001/2014.01.20/nt_20140120_f17_v1.1_n.bin']
North,2014,1,21,13.855,0, ['/ecs/DP1/PM/NSIDC-0051.001/2014.01.21/nt_20140121_f17_v1.1_n.bin']
North,2014,1,22,13.987,0, ['/ecs/DP1/PM/NSIDC-0051.001/2014.01.22/nt_20140122_f17_v1.1_n.bin']
North,2014,1,23,13.997,0, ['/ecs/DP1/PM/NSIDC-0051.001/2014.01.23/nt_20140123_f17_v1.1_n.bin']
North,2014,1,24,14.029,0, ['/ecs/DP1/PM/NSIDC-0051.001/2014.01.24/nt_20140124_f17_v1.1_n.bin']
North,2014,1,25,14.131,0, ['/ecs/DP1/PM/NSIDC-0051.001/2014.01.25/nt_20140125_f17_v1.1_n.bin']
North,2014,1,26,14.209,0, ['/ecs/DP1/PM/NSIDC-0051.001/2014.01.26/nt_20140126_f17_v1.1_n.bin']
North,2014,1,27,14.218,0, ['/ecs/DP1/PM/NSIDC-0051.001/2014.01.27/nt_20140127_f17_v1.1_n.bin']
North,2014,1,28,14.162,0, ['/ecs/DP1/PM/NSIDC-0051.001/2014.01.28/nt_20140128_f17_v1.1_n.bin']
North,2014,1,29,14.139,0, ['/ecs/DP1/PM/NSIDC-0051.001/2014.01.29/nt_20140129_f17_v1.1_n.bin']
North,2014,1,30,14.132,0, ['/ecs/DP1/PM/NSIDC-0051.001/2014.01.30/nt_20140130_f17_v1.1_n.bin']
North,2014,1,31,14.198,0, ['/ecs/DP1/PM/NSIDC-0051.001/2014.01.31/nt_20140131_f17_v1.1_n.bin']
North,2014,2,1,14.241,0, ['/ecs/DP1/PM/NSIDC-0051.001/2014.02.01/nt_20140201_f17_v1.1_n.bin']
North,2014,2,2,14.341,0, ['/ecs/DP1/PM/NSIDC-0051.001/2014.02.02/nt_20140202_f17_v1.1_n.bin']
North,2014,2,3,14.293,0, ['/ecs/DP1/PM/NSIDC-0051.001/2014.02.03/nt_20140203_f17_v1.1_n.bin']
North,2014,2,4,14.291,0, ['/ecs/DP1/PM/NSIDC-0051.001/2014.02.04/nt_20140204_f17_v1.1_n.bin']
North,2014,2,5,14.363,0, ['/ecs/DP1/PM/NSIDC-0051.001/2014.02.05/nt_20140205_f17_v1.1_n.bin']
North,2014,2,6,14.286,0, ['/ecs/DP1/PM/NSIDC-0051.001/2014.02.06/nt_20140206_f17_v1.1_n.bin']
North,2014,2,7,14.315,0, ['/ecs/DP1/PM/NSIDC-0051.001/2014.02.07/nt_20140207_f17_v1.1_n.bin']
North,2014,2,8,14.254,0, ['/ecs/DP1/PM/NSIDC-0051.001/2014.02.08/nt_20140208_f17_v1.1_n.bin']
North,2014,2,9,14.363,0, ['/ecs/DP1/PM/NSIDC-0051.001/2014.02.09/nt_20140209_f17_v1.1_n.bin']
North,2014,2,10,14.307,0, ['/ecs/DP1/PM/NSIDC-0051.001/2014.02.10/nt_20140210_f17_v1.1_n.bin']
North,2014,2,11,14.174,0, ['/ecs/DP1/PM/NSIDC-0051.001/2014.02.11/nt_20140211_f17_v1.1_n.bin']
North,2014,2,12,14.218,0, ['/ecs/DP1/PM/NSIDC-0051.001/2014.02.12/nt_20140212_f17_v1.1_n.bin']
North,2014,2,13,14.284,0, ['/ecs/DP1/PM/NSIDC-0051.001/2014.02.13/nt_20140213_f17_v1.1_n.bin']
North,2014,2,14,14.365,0, ['/ecs/DP1/PM/NSIDC-0051.001/2014.02.14/nt_20140214_f17_v1.1_n.bin']
North,2014,2,15,14.396,0, ['/ecs/DP1/PM/NSIDC-0051.001/2014.02.15/nt_20140215_f17_v1.1_n.bin']
North,2014,2,16,14.451,0, ['/ecs/DP1/PM/NSIDC-0051.001/2014.02.16/nt_20140216_f17_v1.1_n.bin']
North,2014,2,17,14.446,0, ['/ecs/DP1/PM/NSIDC-0051.001/2014.02.17/nt_20140217_f17_v1.1_n.bin']
North,2014,2,18,14.381,0, ['/ecs/DP1/PM/NSIDC-0051.001/2014.02.18/nt_20140218_f17_v1.1_n.bin']
North,2014,2,19,14.5,0, ['/ecs/DP1/PM/NSIDC-0051.001/2014.02.19/nt_20140219_f17_v1.1_n.bin']
North,2014,2,20,14.56,0, ['/ecs/DP1/PM/NSIDC-0051.001/2014.02.20/nt_20140220_f17_v1.1_n.bin']
North,2014,2,21,14.594,0, ['/ecs/DP1/PM/NSIDC-0051.001/2014.02.21/nt_20140221_f17_v1.1_n.bin']
North,2014,2,22,14.602,0, ['/ecs/DP1/PM/NSIDC-0051.001/2014.02.22/nt_20140222_f17_v1.1_n.bin']
North,2014,2,23,14.562,0, ['/ecs/DP1/PM/NSIDC-0051.001/2014.02.23/nt_20140223_f17_v1.1_n.bin']
North,2014,2,24,14.573,0, ['/ecs/DP1/PM/NSIDC-0051.001/2014.02.24/nt_20140224_f17_v1.1_n.bin']
North,2014,2,25,14.566,0, ['/ecs/DP1/PM/NSIDC-0051.001/2014.02.25/nt_20140225_f17_v1.1_n.bin']
North,2014,2,26,14.656,0, ['/ecs/DP1/PM/NSIDC-0051.001/2014.02.26/nt_20140226_f17_v1.1_n.bin']
North,2014,2,27,14.651,0, ['/ecs/DP1/PM/NSIDC-0051.001/2014.02.27/nt_20140227_f17_v1.1_n.bin']
North,2014,2,28,14.659,0, ['/ecs/DP1/PM/NSIDC-0051.001/2014.02.28/nt_20140228_f17_v1.1_n.bin']
North,2014,3,1,14.629,0, ['/ecs/DP1/PM/NSIDC-0051.001/2014.03.01/nt_20140301_f17_v1.1_n.bin']
North,2014,3,2,14.658,0, ['/ecs/DP1/PM/NSIDC-0051.001/2014.03.02/nt_20140302_f17_v1.1_n.bin']
North,2014,3,3,14.688,0, ['/ecs/DP1/PM/NSIDC-0051.001/2014.03.03/nt_20140303_f17_v1.1_n.bin']
North,2014,3,4,14.72,0, ['/ecs/DP1/PM/NSIDC-0051.001/2014.03.04/nt_20140304_f17_v1.1_n.bin']
North,2014,3,5,14.811,0, ['/ecs/DP1/PM/NSIDC-0051.001/2014.03.05/nt_20140305_f17_v1.1_n.bin']
North,2014,3,6,14.804,0, ['/ecs/DP1/PM/NSIDC-0051.001/2014.03.06/nt_20140306_f17_v1.1_n.bin']
North,2014,3,7,14.773,0, ['/ecs/DP1/PM/NSIDC-0051.001/2014.03.07/nt_20140307_f17_v1.1_n.bin']
North,2014,3,8,14.559,0, ['/ecs/DP1/PM/NSIDC-0051.001/2014.03.08/nt_20140308_f17_v1.1_n.bin']
North,2014,3,9,14.616,0, ['/ecs/DP1/PM/NSIDC-0051.001/2014.03.09/nt_20140309_f17_v1.1_n.bin']
North,2014,3,10,14.617,0, ['/ecs/DP1/PM/NSIDC-0051.001/2014.03.10/nt_20140310_f17_v1.1_n.bin']
North,2014,3,11,14.711,0, ['/ecs/DP1/PM/NSIDC-0051.001/2014.03.11/nt_20140311_f17_v1.1_n.bin']
North,2014,3,12,14.816,0, ['/ecs/DP1/PM/NSIDC-0051.001/2014.03.12/nt_20140312_f17_v1.1_n.bin']
North,2014,3,13,14.929,0, ['/ecs/DP1/PM/NSIDC-0051.001/2014.03.13/nt_20140313_f17_v1.1_n.bin']
North,2014,3,14,14.889,0, ['/ecs/DP1/PM/NSIDC-0051.001/2014.03.14/nt_20140314_f17_v1.1_n.bin']
North,2014,3,15,14.923,0, ['/ecs/DP1/PM/NSIDC-0051.001/2014.03.15/nt_20140315_f17_v1.1_n.bin']
North,2014,3,16,14.937,0, ['/ecs/DP1/PM/NSIDC-0051.001/2014.03.16/nt_20140316_f17_v1.1_n.bin']
North,2014,3,17,14.957,0, ['/ecs/DP1/PM/NSIDC-0051.001/2014.03.17/nt_20140317_f17_v1.1_n.bin']
North,2014,3,18,14.973,0, ['/ecs/DP1/PM/NSIDC-0051.001/2014.03.18/nt_20140318_f17_v1.1_n.bin']
North,2014,3,19,14.936,0, ['/ecs/DP1/PM/NSIDC-0051.001/2014.03.19/nt_20140319_f17_v1.1_n.bin']
North,2014,3,20,15.007,0, ['/ecs/DP1/PM/NSIDC-0051.001/2014.03.20/nt_20140320_f17_v1.1_n.bin']
North,2014,3,21,14.949,0, ['/ecs/DP1/PM/NSIDC-0051.001/2014.03.21/nt_20140321_f17_v1.1_n.bin']
North,2014,3,22,14.785,0, ['/ecs/DP1/PM/NSIDC-0051.001/2014.03.22/nt_20140322_f17_v1.1_n.bin']
North,2014,3,23,14.754,0, ['/ecs/DP1/PM/NSIDC-0051.001/2014.03.23/nt_20140323_f17_v1.1_n.bin']
North,2014,3,24,14.7,0, ['/ecs/DP1/PM/NSIDC-0051.001/2014.03.24/nt_20140324_f17_v1.1_n.bin']
North,2014,3,25,14.716,0, ['/ecs/DP1/PM/NSIDC-0051.001/2014.03.25/nt_20140325_f17_v1.1_n.bin']
North,2014,3,26,14.715,0, ['/ecs/DP1/PM/NSIDC-0051.001/2014.03.26/nt_20140326_f17_v1.1_n.bin']
North,2014,3,27,14.653,0, ['/ecs/DP1/PM/NSIDC-0051.001/2014.03.27/nt_20140327_f17_v1.1_n.bin']
North,2014,3,28,14.638,0, ['/ecs/DP1/PM/NSIDC-0051.001/2014.03.28/nt_20140328_f17_v1.1_n.bin']
North,2014,3,29,14.497,0, ['/ecs/DP1/PM/NSIDC-0051.001/2014.03.29/nt_20140329_f17_v1.1_n.bin']
North,2014,3,30,14.538,0, ['/ecs/DP1/PM/NSIDC-0051.001/2014.03.30/nt_20140330_f17_v1.1_n.bin']
North,2014,3,31,14.585,0, ['/ecs/DP1/PM/NSIDC-0051.001/2014.03.31/nt_20140331_f17_v1.1_n.bin']
North,2014,4,1,14.541,0, ['/ecs/DP1/PM/NSIDC-0051.001/2014.04.01/nt_20140401_f17_v1.1_n.bin']
North,2014,4,2,14.541,0, ['/ecs/DP1/PM/NSIDC-0051.001/2014.04.02/nt_20140402_f17_v1.1_n.bin']
North,2014,4,3,14.475,0, ['/ecs/DP1/PM/NSIDC-0051.001/2014.04.03/nt_20140403_f17_v1.1_n.bin']
North,2014,4,4,14.573,0, ['/ecs/DP1/PM/NSIDC-0051.001/2014.04.04/nt_20140404_f17_v1.1_n.bin']
North,2014,4,5,14.61,0, ['/ecs/DP1/PM/NSIDC-0051.001/2014.04.05/nt_20140405_f17_v1.1_n.bin']
North,2014,4,6,14.547,0, ['/ecs/DP1/PM/NSIDC-0051.001/2014.04.06/nt_20140406_f17_v1.1_n.bin']
North,2014,4,7,14.479,0, ['/ecs/DP1/PM/NSIDC-0051.001/2014.04.07/nt_20140407_f17_v1.1_n.bin']
North,2014,4,8,14.47,0, ['/ecs/DP1/PM/NSIDC-0051.001/2014.04.08/nt_20140408_f17_v1.1_n.bin']
North,2014,4,9,14.464,0, ['/ecs/DP1/PM/NSIDC-0051.001/2014.04.09/nt_20140409_f17_v1.1_n.bin']
North,2014,4,10,14.348,0, ['/ecs/DP1/PM/NSIDC-0051.001/2014.04.10/nt_20140410_f17_v1.1_n.bin']
North,2014,4,11,14.358,0, ['/ecs/DP1/PM/NSIDC-0051.001/2014.04.11/nt_20140411_f17_v1.1_n.bin']
North,2014,4,12,14.171,0, ['/ecs/DP1/PM/NSIDC-0051.001/2014.04.12/nt_20140412_f17_v1.1_n.bin']
North,2014,4,13,14.174,0, ['/ecs/DP1/PM/NSIDC-0051.001/2014.04.13/nt_20140413_f17_v1.1_n.bin']
North,2014,4,14,14.202,0, ['/ecs/DP1/PM/NSIDC-0051.001/2014.04.14/nt_20140414_f17_v1.1_n.bin']
North,2014,4,15,14.147,0, ['/ecs/DP1/PM/NSIDC-0051.001/2014.04.15/nt_20140415_f17_v1.1_n.bin']
North,2014,4,16,14.039,0, ['/ecs/DP1/PM/NSIDC-0051.001/2014.04.16/nt_20140416_f17_v1.1_n.bin']
North,2014,4,17,13.945,0, ['/ecs/DP1/PM/NSIDC-0051.001/2014.04.17/nt_20140417_f17_v1.1_n.bin']
North,2014,4,18,13.837,0, ['/ecs/DP1/PM/NSIDC-0051.001/2014.04.18/nt_20140418_f17_v1.1_n.bin']
North,2014,4,19,13.797,0, ['/ecs/DP1/PM/NSIDC-0051.001/2014.04.19/nt_20140419_f17_v1.1_n.bin']
North,2014,4,20,13.814,0, ['/ecs/DP1/PM/NSIDC-0051.001/2014.04.20/nt_20140420_f17_v1.1_n.bin']
North,2014,4,21,13.802,0, ['/ecs/DP1/PM/NSIDC-0051.001/2014.04.21/nt_20140421_f17_v1.1_n.bin']
North,2014,4,22,13.762,0, ['/ecs/DP1/PM/NSIDC-0051.001/2014.04.22/nt_20140422_f17_v1.1_n.bin']
North,2014,4,23,13.797,0, ['/ecs/DP1/PM/NSIDC-0051.001/2014.04.23/nt_20140423_f17_v1.1_n.bin']
North,2014,4,24,13.804,0, ['/ecs/DP1/PM/NSIDC-0051.001/2014.04.24/nt_20140424_f17_v1.1_n.bin']
North,2014,4,25,13.711,0, ['/ecs/DP1/PM/NSIDC-0051.001/2014.04.25/nt_20140425_f17_v1.1_n.bin']
North,2014,4,26,13.738,0, ['/ecs/DP1/PM/NSIDC-0051.001/2014.04.26/nt_20140426_f17_v1.1_n.bin']
North,2014,4,27,13.671,0, ['/ecs/DP1/PM/NSIDC-0051.001/2014.04.27/nt_20140427_f17_v1.1_n.bin']
North,2014,4,28,13.624,0, ['/ecs/DP1/PM/NSIDC-0051.001/2014.04.28/nt_20140428_f17_v1.1_n.bin']
North,2014,4,29,13.637,0, ['/ecs/DP1/PM/NSIDC-0051.001/2014.04.29/nt_20140429_f17_v1.1_n.bin']
North,2014,4,30,13.558,0, ['/ecs/DP1/PM/NSIDC-0051.001/2014.04.30/nt_20140430_f17_v1.1_n.bin']
North,2014,5,1,13.35,0, ['/ecs/DP1/PM/NSIDC-0051.001/2014.05.01/nt_20140501_f17_v1.1_n.bin']
North,2014,5,2,13.262,0, ['/ecs/DP1/PM/NSIDC-0051.001/2014.05.02/nt_20140502_f17_v1.1_n.bin']
North,2014,5,3,13.2,0, ['/ecs/DP1/PM/NSIDC-0051.001/2014.05.03/nt_20140503_f17_v1.1_n.bin']
North,2014,5,4,13.18,0, ['/ecs/DP1/PM/NSIDC-0051.001/2014.05.04/nt_20140504_f17_v1.1_n.bin']
North,2014,5,5,13.125,0, ['/ecs/DP1/PM/NSIDC-0051.001/2014.05.05/nt_20140505_f17_v1.1_n.bin']
North,2014,5,6,13.046,0, ['/ecs/DP1/PM/NSIDC-0051.001/2014.05.06/nt_20140506_f17_v1.1_n.bin']
North,2014,5,7,13.054,0, ['/ecs/DP1/PM/NSIDC-0051.001/2014.05.07/nt_20140507_f17_v1.1_n.bin']
North,2014,5,8,12.978,0, ['/ecs/DP1/PM/NSIDC-0051.001/2014.05.08/nt_20140508_f17_v1.1_n.bin']
North,2014,5,9,12.938,0, ['/ecs/DP1/PM/NSIDC-0051.001/2014.05.09/nt_20140509_f17_v1.1_n.bin']
North,2014,5,10,12.906,0, ['/ecs/DP1/PM/NSIDC-0051.001/2014.05.10/nt_20140510_f17_v1.1_n.bin']
North,2014,5,11,12.877,0, ['/ecs/DP1/PM/NSIDC-0051.001/2014.05.11/nt_20140511_f17_v1.1_n.bin']
North,2014,5,12,12.778,0, ['/ecs/DP1/PM/NSIDC-0051.001/2014.05.12/nt_20140512_f17_v1.1_n.bin']
North,2014,5,13,12.716,0, ['/ecs/DP1/PM/NSIDC-0051.001/2014.05.13/nt_20140513_f17_v1.1_n.bin']
North,2014,5,14,12.701,0, ['/ecs/DP1/PM/NSIDC-0051.001/2014.05.14/nt_20140514_f17_v1.1_n.bin']
North,2014,5,15,12.676,0, ['/ecs/DP1/PM/NSIDC-0051.001/2014.05.15/nt_20140515_f17_v1.1_n.bin']
North,2014,5,16,12.672,0, ['/ecs/DP1/PM/NSIDC-0051.001/2014.05.16/nt_20140516_f17_v1.1_n.bin']
North,2014,5,17,12.678,0, ['/ecs/DP1/PM/NSIDC-0051.001/2014.05.17/nt_20140517_f17_v1.1_n.bin']
North,2014,5,18,12.647,0, ['/ecs/DP1/PM/NSIDC-0051.001/2014.05.18/nt_20140518_f17_v1.1_n.bin']
North,2014,5,19,12.595,0, ['/ecs/DP1/PM/NSIDC-0051.001/2014.05.19/nt_20140519_f17_v1.1_n.bin']
North,2014,5,20,12.568,0, ['/ecs/DP1/PM/NSIDC-0051.001/2014.05.20/nt_20140520_f17_v1.1_n.bin']
North,2014,5,21,12.531,0, ['/ecs/DP1/PM/NSIDC-0051.001/2014.05.21/nt_20140521_f17_v1.1_n.bin']
North,2014,5,22,12.524,0, ['/ecs/DP1/PM/NSIDC-0051.001/2014.05.22/nt_20140522_f17_v1.1_n.bin']
North,2014,5,23,12.504,0, ['/ecs/DP1/PM/NSIDC-0051.001/2014.05.23/nt_20140523_f17_v1.1_n.bin']
North,2014,5,24,12.442,0, ['/ecs/DP1/PM/NSIDC-0051.001/2014.05.24/nt_20140524_f17_v1.1_n.bin']
North,2014,5,25,12.354,0, ['/ecs/DP1/PM/NSIDC-0051.001/2014.05.25/nt_20140525_f17_v1.1_n.bin']
North,2014,5,26,12.323,0, ['/ecs/DP1/PM/NSIDC-0051.001/2014.05.26/nt_20140526_f17_v1.1_n.bin']
North,2014,5,27,12.278,0, ['/ecs/DP1/PM/NSIDC-0051.001/2014.05.27/nt_20140527_f17_v1.1_n.bin']
North,2014,5,28,12.222,0, ['/ecs/DP1/PM/NSIDC-0051.001/2014.05.28/nt_20140528_f17_v1.1_n.bin']
North,2014,5,29,12.195,0, ['/ecs/DP1/PM/NSIDC-0051.001/2014.05.29/nt_20140529_f17_v1.1_n.bin']
North,2014,5,30,12.238,0, ['/ecs/DP1/PM/NSIDC-0051.001/2014.05.30/nt_20140530_f17_v1.1_n.bin']
North,2014,5,31,12.164,0, ['/ecs/DP1/PM/NSIDC-0051.001/2014.05.31/nt_20140531_f17_v1.1_n.bin']
North,2014,6,1,12.052,0, ['/ecs/DP1/PM/NSIDC-0051.001/2014.06.01/nt_20140601_f17_v1.1_n.bin']
North,2014,6,2,12.005,0, ['/ecs/DP1/PM/NSIDC-0051.001/2014.06.02/nt_20140602_f17_v1.1_n.bin']
North,2014,6,3,11.913,0, ['/ecs/DP1/PM/NSIDC-0051.001/2014.06.03/nt_20140603_f17_v1.1_n.bin']
North,2014,6,4,11.85,0, ['/ecs/DP1/PM/NSIDC-0051.001/2014.06.04/nt_20140604_f17_v1.1_n.bin']
North,2014,6,5,11.724,0, ['/ecs/DP1/PM/NSIDC-0051.001/2014.06.05/nt_20140605_f17_v1.1_n.bin']
North,2014,6,6,11.714,0, ['/ecs/DP1/PM/NSIDC-0051.001/2014.06.06/nt_20140606_f17_v1.1_n.bin']
North,2014,6,7,11.751,0, ['/ecs/DP1/PM/NSIDC-0051.001/2014.06.07/nt_20140607_f17_v1.1_n.bin']
North,2014,6,8,11.709,0, ['/ecs/DP1/PM/NSIDC-0051.001/2014.06.08/nt_20140608_f17_v1.1_n.bin']
North,2014,6,9,11.665,0, ['/ecs/DP1/PM/NSIDC-0051.001/2014.06.09/nt_20140609_f17_v1.1_n.bin']
North,2014,6,10,11.531,0, ['/ecs/DP1/PM/NSIDC-0051.001/2014.06.10/nt_20140610_f17_v1.1_n.bin']
North,2014,6,11,11.492,0, ['/ecs/DP1/PM/NSIDC-0051.001/2014.06.11/nt_20140611_f17_v1.1_n.bin']
North,2014,6,12,11.401,0, ['/ecs/DP1/PM/NSIDC-0051.001/2014.06.12/nt_20140612_f17_v1.1_n.bin']
North,2014,6,13,11.323,0, ['/ecs/DP1/PM/NSIDC-0051.001/2014.06.13/nt_20140613_f17_v1.1_n.bin']
North,2014,6,14,11.295,0, ['/ecs/DP1/PM/NSIDC-0051.001/2014.06.14/nt_20140614_f17_v1.1_n.bin']
North,2014,6,15,11.085,0, ['/ecs/DP1/PM/NSIDC-0051.001/2014.06.15/nt_20140615_f17_v1.1_n.bin']
North,2014,6,16,11.139,0, ['/ecs/DP1/PM/NSIDC-0051.001/2014.06.16/nt_20140616_f17_v1.1_n.bin']
North,2014,6,17,11.141,0, ['/ecs/DP1/PM/NSIDC-0051.001/2014.06.17/nt_20140617_f17_v1.1_n.bin']
North,2014,6,18,10.997,0, ['/ecs/DP1/PM/NSIDC-0051.001/2014.06.18/nt_20140618_f17_v1.1_n.bin']
North,2014,6,19,10.863,0, ['/ecs/DP1/PM/NSIDC-0051.001/2014.06.19/nt_20140619_f17_v1.1_n.bin']
North,2014,6,20,10.787,0, ['/ecs/DP1/PM/NSIDC-0051.001/2014.06.20/nt_20140620_f17_v1.1_n.bin']
North,2014,6,21,10.676,0, ['/ecs/DP1/PM/NSIDC-0051.001/2014.06.21/nt_20140621_f17_v1.1_n.bin']
North,2014,6,22,10.562,0, ['/ecs/DP1/PM/NSIDC-0051.001/2014.06.22/nt_20140622_f17_v1.1_n.bin']
North,2014,6,23,10.395,0, ['/ecs/DP1/PM/NSIDC-0051.001/2014.06.23/nt_20140623_f17_v1.1_n.bin']
North,2014,6,24,10.301,0, ['/ecs/DP1/PM/NSIDC-0051.001/2014.06.24/nt_20140624_f17_v1.1_n.bin']
North,2014,6,25,10.296,0, ['/ecs/DP1/PM/NSIDC-0051.001/2014.06.25/nt_20140625_f17_v1.1_n.bin']
North,2014,6,26,10.236,0, ['/ecs/DP1/PM/NSIDC-0051.001/2014.06.26/nt_20140626_f17_v1.1_n.bin']
North,2014,6,27,10.063,0, ['/ecs/DP1/PM/NSIDC-0051.001/2014.06.27/nt_20140627_f17_v1.1_n.bin']
North,2014,6,28,9.835,0, ['/ecs/DP1/PM/NSIDC-0051.001/2014.06.28/nt_20140628_f17_v1.1_n.bin']
North,2014,6,29,9.56,0, ['/ecs/DP1/PM/NSIDC-0051.001/2014.06.29/nt_20140629_f17_v1.1_n.bin']
North,2014,6,30,9.617,0, ['/ecs/DP1/PM/NSIDC-0051.001/2014.06.30/nt_20140630_f17_v1.1_n.bin']
North,2014,7,1,9.324,0, ['/ecs/DP1/PM/NSIDC-0051.001/2014.07.01/nt_20140701_f17_v1.1_n.bin']
North,2014,7,2,9.234,0, ['/ecs/DP1/PM/NSIDC-0051.001/2014.07.02/nt_20140702_f17_v1.1_n.bin']
North,2014,7,3,9.125,0, ['/ecs/DP1/PM/NSIDC-0051.001/2014.07.03/nt_20140703_f17_v1.1_n.bin']
North,2014,7,4,9.067,0, ['/ecs/DP1/PM/NSIDC-0051.001/2014.07.04/nt_20140704_f17_v1.1_n.bin']
North,2014,7,5,8.964,0, ['/ecs/DP1/PM/NSIDC-0051.001/2014.07.05/nt_20140705_f17_v1.1_n.bin']
North,2014,7,6,8.907,0, ['/ecs/DP1/PM/NSIDC-0051.001/2014.07.06/nt_20140706_f17_v1.1_n.bin']
North,2014,7,7,8.879,0, ['/ecs/DP1/PM/NSIDC-0051.001/2014.07.07/nt_20140707_f17_v1.1_n.bin']
North,2014,7,8,8.708,0, ['/ecs/DP1/PM/NSIDC-0051.001/2014.07.08/nt_20140708_f17_v1.1_n.bin']
North,2014,7,9,8.653,0, ['/ecs/DP1/PM/NSIDC-0051.001/2014.07.09/nt_20140709_f17_v1.1_n.bin']
North,2014,7,10,8.534,0, ['/ecs/DP1/PM/NSIDC-0051.001/2014.07.10/nt_20140710_f17_v1.1_n.bin']
North,2014,7,11,8.392,0, ['/ecs/DP1/PM/NSIDC-0051.001/2014.07.11/nt_20140711_f17_v1.1_n.bin']
North,2014,7,12,8.378,0, ['/ecs/DP1/PM/NSIDC-0051.001/2014.07.12/nt_20140712_f17_v1.1_n.bin']
North,2014,7,13,8.293,0, ['/ecs/DP1/PM/NSIDC-0051.001/2014.07.13/nt_20140713_f17_v1.1_n.bin']
North,2014,7,14,8.18,0, ['/ecs/DP1/PM/NSIDC-0051.001/2014.07.14/nt_20140714_f17_v1.1_n.bin']
North,2014,7,15,8.074,0, ['/ecs/DP1/PM/NSIDC-0051.001/2014.07.15/nt_20140715_f17_v1.1_n.bin']
North,2014,7,16,7.999,0, ['/ecs/DP1/PM/NSIDC-0051.001/2014.07.16/nt_20140716_f17_v1.1_n.bin']
North,2014,7,17,7.898,0, ['/ecs/DP1/PM/NSIDC-0051.001/2014.07.17/nt_20140717_f17_v1.1_n.bin']
North,2014,7,18,7.864,0, ['/ecs/DP1/PM/NSIDC-0051.001/2014.07.18/nt_20140718_f17_v1.1_n.bin']
North,2014,7,19,7.839,0, ['/ecs/DP1/PM/NSIDC-0051.001/2014.07.19/nt_20140719_f17_v1.1_n.bin']
North,2014,7,20,7.778,0, ['/ecs/DP1/PM/NSIDC-0051.001/2014.07.20/nt_20140720_f17_v1.1_n.bin']
North,2014,7,21,7.68,0, ['/ecs/DP1/PM/NSIDC-0051.001/2014.07.21/nt_20140721_f17_v1.1_n.bin']
North,2014,7,22,7.631,0, ['/ecs/DP1/PM/NSIDC-0051.001/2014.07.22/nt_20140722_f17_v1.1_n.bin']
North,2014,7,23,7.649,0, ['/ecs/DP1/PM/NSIDC-0051.001/2014.07.23/nt_20140723_f17_v1.1_n.bin']
North,2014,7,24,7.53,0, ['/ecs/DP1/PM/NSIDC-0051.001/2014.07.24/nt_20140724_f17_v1.1_n.bin']
North,2014,7,25,7.51,0, ['/ecs/DP1/PM/NSIDC-0051.001/2014.07.25/nt_20140725_f17_v1.1_n.bin']
North,2014,7,26,7.392,0, ['/ecs/DP1/PM/NSIDC-0051.001/2014.07.26/nt_20140726_f17_v1.1_n.bin']
North,2014,7,27,7.35,0, ['/ecs/DP1/PM/NSIDC-0051.001/2014.07.27/nt_20140727_f17_v1.1_n.bin']
North,2014,7,28,7.312,0, ['/ecs/DP1/PM/NSIDC-0051.001/2014.07.28/nt_20140728_f17_v1.1_n.bin']
North,2014,7,29,7.128,0, ['/ecs/DP1/PM/NSIDC-0051.001/2014.07.29/nt_20140729_f17_v1.1_n.bin']
North,2014,7,30,7.055,0, ['/ecs/DP1/PM/NSIDC-0051.001/2014.07.30/nt_20140730_f17_v1.1_n.bin']
North,2014,7,31,7.035,0, ['/ecs/DP1/PM/NSIDC-0051.001/2014.07.31/nt_20140731_f17_v1.1_n.bin']
North,2014,8,1,6.984,0, ['/ecs/DP1/PM/NSIDC-0051.001/2014.08.01/nt_20140801_f17_v1.1_n.bin']
North,2014,8,2,6.859,0, ['/ecs/DP1/PM/NSIDC-0051.001/2014.08.02/nt_20140802_f17_v1.1_n.bin']
North,2014,8,3,6.803,0, ['/ecs/DP1/PM/NSIDC-0051.001/2014.08.03/nt_20140803_f17_v1.1_n.bin']
North,2014,8,4,6.751,0, ['/ecs/DP1/PM/NSIDC-0051.001/2014.08.04/nt_20140804_f17_v1.1_n.bin']
North,2014,8,5,6.739,0, ['/ecs/DP1/PM/NSIDC-0051.001/2014.08.05/nt_20140805_f17_v1.1_n.bin']
North,2014,8,6,6.66,0, ['/ecs/DP1/PM/NSIDC-0051.001/2014.08.06/nt_20140806_f17_v1.1_n.bin']
North,2014,8,7,6.599,0, ['/ecs/DP1/PM/NSIDC-0051.001/2014.08.07/nt_20140807_f17_v1.1_n.bin']
North,2014,8,8,6.629,0, ['/ecs/DP1/PM/NSIDC-0051.001/2014.08.08/nt_20140808_f17_v1.1_n.bin']
North,2014,8,9,6.553,0, ['/ecs/DP1/PM/NSIDC-0051.001/2014.08.09/nt_20140809_f17_v1.1_n.bin']
North,2014,8,10,6.457,0, ['/ecs/DP1/PM/NSIDC-0051.001/2014.08.10/nt_20140810_f17_v1.1_n.bin']
North,2014,8,11,6.363,0, ['/ecs/DP1/PM/NSIDC-0051.001/2014.08.11/nt_20140811_f17_v1.1_n.bin']
North,2014,8,12,6.251,0, ['/ecs/DP1/PM/NSIDC-0051.001/2014.08.12/nt_20140812_f17_v1.1_n.bin']
North,2014,8,13,6.184,0, ['/ecs/DP1/PM/NSIDC-0051.001/2014.08.13/nt_20140813_f17_v1.1_n.bin']
North,2014,8,14,6.173,0, ['/ecs/DP1/PM/NSIDC-0051.001/2014.08.14/nt_20140814_f17_v1.1_n.bin']
North,2014,8,15,6.082,0, ['/ecs/DP1/PM/NSIDC-0051.001/2014.08.15/nt_20140815_f17_v1.1_n.bin']
North,2014,8,16,6.022,0, ['/ecs/DP1/PM/NSIDC-0051.001/2014.08.16/nt_20140816_f17_v1.1_n.bin']
North,2014,8,17,5.94,0, ['/ecs/DP1/PM/NSIDC-0051.001/2014.08.17/nt_20140817_f17_v1.1_n.bin']
North,2014,8,18,5.825,0, ['/ecs/DP1/PM/NSIDC-0051.001/2014.08.18/nt_20140818_f17_v1.1_n.bin']
North,2014,8,19,5.795,0, ['/ecs/DP1/PM/NSIDC-0051.001/2014.08.19/nt_20140819_f17_v1.1_n.bin']
North,2014,8,20,5.758,0, ['/ecs/DP1/PM/NSIDC-0051.001/2014.08.20/nt_20140820_f17_v1.1_n.bin']
North,2014,8,21,5.705,0, ['/ecs/DP1/PM/NSIDC-0051.001/2014.08.21/nt_20140821_f17_v1.1_n.bin']
North,2014,8,22,5.665,0, ['/ecs/DP1/PM/NSIDC-0051.001/2014.08.22/nt_20140822_f17_v1.1_n.bin']
North,2014,8,23,5.657,0, ['/ecs/DP1/PM/NSIDC-0051.001/2014.08.23/nt_20140823_f17_v1.1_n.bin']
North,2014,8,24,5.552,0, ['/ecs/DP1/PM/NSIDC-0051.001/2014.08.24/nt_20140824_f17_v1.1_n.bin']
North,2014,8,25,5.539,0, ['/ecs/DP1/PM/NSIDC-0051.001/2014.08.25/nt_20140825_f17_v1.1_n.bin']
North,2014,8,26,5.548,0, ['/ecs/DP1/PM/NSIDC-0051.001/2014.08.26/nt_20140826_f17_v1.1_n.bin']
North,2014,8,27,5.5,0, ['/ecs/DP1/PM/NSIDC-0051.001/2014.08.27/nt_20140827_f17_v1.1_n.bin']
North,2014,8,28,5.429,0, ['/ecs/DP1/PM/NSIDC-0051.001/2014.08.28/nt_20140828_f17_v1.1_n.bin']
North,2014,8,29,5.494,0, ['/ecs/DP1/PM/NSIDC-0051.001/2014.08.29/nt_20140829_f17_v1.1_n.bin']
North,2014,8,30,5.452,0, ['/ecs/DP1/PM/NSIDC-0051.001/2014.08.30/nt_20140830_f17_v1.1_n.bin']
North,2014,8,31,5.446,0, ['/ecs/DP1/PM/NSIDC-0051.001/2014.08.31/nt_20140831_f17_v1.1_n.bin']
North,2014,9,1,5.38,0, ['/ecs/DP1/PM/NSIDC-0051.001/2014.09.01/nt_20140901_f17_v1.1_n.bin']
North,2014,9,2,5.371,0, ['/ecs/DP1/PM/NSIDC-0051.001/2014.09.02/nt_20140902_f17_v1.1_n.bin']
North,2014,9,3,5.37,0, ['/ecs/DP1/PM/NSIDC-0051.001/2014.09.03/nt_20140903_f17_v1.1_n.bin']
North,2014,9,4,5.32,0, ['/ecs/DP1/PM/NSIDC-0051.001/2014.09.04/nt_20140904_f17_v1.1_n.bin']
North,2014,9,5,5.255,0, ['/ecs/DP1/PM/NSIDC-0051.001/2014.09.05/nt_20140905_f17_v1.1_n.bin']
North,2014,9,6,5.246,0, ['/ecs/DP1/PM/NSIDC-0051.001/2014.09.06/nt_20140906_f17_v1.1_n.bin']
North,2014,9,7,5.204,0, ['/ecs/DP1/PM/NSIDC-0051.001/2014.09.07/nt_20140907_f17_v1.1_n.bin']
North,2014,9,8,5.182,0, ['/ecs/DP1/PM/NSIDC-0051.001/2014.09.08/nt_20140908_f17_v1.1_n.bin']
North,2014,9,9,5.178,0, ['/ecs/DP1/PM/NSIDC-0051.001/2014.09.09/nt_20140909_f17_v1.1_n.bin']
North,2014,9,10,5.122,0, ['/ecs/DP1/PM/NSIDC-0051.001/2014.09.10/nt_20140910_f17_v1.1_n.bin']
North,2014,9,11,5.124,0, ['/ecs/DP1/PM/NSIDC-0051.001/2014.09.11/nt_20140911_f17_v1.1_n.bin']
North,2014,9,12,5.1,0, ['/ecs/DP1/PM/NSIDC-0051.001/2014.09.12/nt_20140912_f17_v1.1_n.bin']
North,2014,9,13,5.049,0, ['/ecs/DP1/PM/NSIDC-0051.001/2014.09.13/nt_20140913_f17_v1.1_n.bin']
North,2014,9,14,5.044,0, ['/ecs/DP1/PM/NSIDC-0051.001/2014.09.14/nt_20140914_f17_v1.1_n.bin']
North,2014,9,15,5.032,0, ['/ecs/DP1/PM/NSIDC-0051.001/2014.09.15/nt_20140915_f17_v1.1_n.bin']
North,2014,9,16,4.988,0, ['/ecs/DP1/PM/NSIDC-0051.001/2014.09.16/nt_20140916_f17_v1.1_n.bin']
North,2014,9,17,5.029,0, ['/ecs/DP1/PM/NSIDC-0051.001/2014.09.17/nt_20140917_f17_v1.1_n.bin']
North,2014,9,18,5.088,0, ['/ecs/DP1/PM/NSIDC-0051.001/2014.09.18/nt_20140918_f17_v1.1_n.bin']
North,2014,9,19,5.116,0, ['/ecs/DP1/PM/NSIDC-0051.001/2014.09.19/nt_20140919_f17_v1.1_n.bin']
North,2014,9,20,5.163,0, ['/ecs/DP1/PM/NSIDC-0051.001/2014.09.20/nt_20140920_f17_v1.1_n.bin']
North,2014,9,21,5.199,0, ['/ecs/DP1/PM/NSIDC-0051.001/2014.09.21/nt_20140921_f17_v1.1_n.bin']
North,2014,9,22,5.16,0, ['/ecs/DP1/PM/NSIDC-0051.001/2014.09.22/nt_20140922_f17_v1.1_n.bin']
North,2014,9,23,5.168,0, ['/ecs/DP1/PM/NSIDC-0051.001/2014.09.23/nt_20140923_f17_v1.1_n.bin']
North,2014,9,24,5.253,0, ['/ecs/DP1/PM/NSIDC-0051.001/2014.09.24/nt_20140924_f17_v1.1_n.bin']
North,2014,9,25,5.298,0, ['/ecs/DP1/PM/NSIDC-0051.001/2014.09.25/nt_20140925_f17_v1.1_n.bin']
North,2014,9,26,5.368,0, ['/ecs/DP1/PM/NSIDC-0051.001/2014.09.26/nt_20140926_f17_v1.1_n.bin']
North,2014,9,27,5.344,0, ['/ecs/DP1/PM/NSIDC-0051.001/2014.09.27/nt_20140927_f17_v1.1_n.bin']
North,2014,9,28,5.422,0, ['/ecs/DP1/PM/NSIDC-0051.001/2014.09.28/nt_20140928_f17_v1.1_n.bin']
North,2014,9,29,5.483,0, ['/ecs/DP1/PM/NSIDC-0051.001/2014.09.29/nt_20140929_f17_v1.1_n.bin']
North,2014,9,30,5.542,0, ['/ecs/DP1/PM/NSIDC-0051.001/2014.09.30/nt_20140930_f17_v1.1_n.bin']
North,2014,10,1,5.683,0, ['/ecs/DP1/PM/NSIDC-0051.001/2014.10.01/nt_20141001_f17_v1.1_n.bin']
North,2014,10,2,5.76,0, ['/ecs/DP1/PM/NSIDC-0051.001/2014.10.02/nt_20141002_f17_v1.1_n.bin']
North,2014,10,3,5.787,0, ['/ecs/DP1/PM/NSIDC-0051.001/2014.10.03/nt_20141003_f17_v1.1_n.bin']
North,2014,10,4,5.831,0, ['/ecs/DP1/PM/NSIDC-0051.001/2014.10.04/nt_20141004_f17_v1.1_n.bin']
North,2014,10,5,5.952,0, ['/ecs/DP1/PM/NSIDC-0051.001/2014.10.05/nt_20141005_f17_v1.1_n.bin']
North,2014,10,6,6.018,0, ['/ecs/DP1/PM/NSIDC-0051.001/2014.10.06/nt_20141006_f17_v1.1_n.bin']
North,2014,10,7,6.081,0, ['/ecs/DP1/PM/NSIDC-0051.001/2014.10.07/nt_20141007_f17_v1.1_n.bin']
North,2014,10,8,6.13,0, ['/ecs/DP1/PM/NSIDC-0051.001/2014.10.08/nt_20141008_f17_v1.1_n.bin']
North,2014,10,9,6.244,0, ['/ecs/DP1/PM/NSIDC-0051.001/2014.10.09/nt_20141009_f17_v1.1_n.bin']
North,2014,10,10,6.336,0, ['/ecs/DP1/PM/NSIDC-0051.001/2014.10.10/nt_20141010_f17_v1.1_n.bin']
North,2014,10,11,6.5,0, ['/ecs/DP1/PM/NSIDC-0051.001/2014.10.11/nt_20141011_f17_v1.1_n.bin']
North,2014,10,12,6.646,0, ['/ecs/DP1/PM/NSIDC-0051.001/2014.10.12/nt_20141012_f17_v1.1_n.bin']
North,2014,10,13,6.838,0, ['/ecs/DP1/PM/NSIDC-0051.001/2014.10.13/nt_20141013_f17_v1.1_n.bin']
North,2014,10,14,6.894,0, ['/ecs/DP1/PM/NSIDC-0051.001/2014.10.14/nt_20141014_f17_v1.1_n.bin']
North,2014,10,15,6.926,0, ['/ecs/DP1/PM/NSIDC-0051.001/2014.10.15/nt_20141015_f17_v1.1_n.bin']
North,2014,10,16,7.049,0, ['/ecs/DP1/PM/NSIDC-0051.001/2014.10.16/nt_20141016_f17_v1.1_n.bin']
North,2014,10,17,7.23,0, ['/ecs/DP1/PM/NSIDC-0051.001/2014.10.17/nt_20141017_f17_v1.1_n.bin']
North,2014,10,18,7.372,0, ['/ecs/DP1/PM/NSIDC-0051.001/2014.10.18/nt_20141018_f17_v1.1_n.bin']
North,2014,10,19,7.615,0, ['/ecs/DP1/PM/NSIDC-0051.001/2014.10.19/nt_20141019_f17_v1.1_n.bin']
North,2014,10,20,7.805,0, ['/ecs/DP1/PM/NSIDC-0051.001/2014.10.20/nt_20141020_f17_v1.1_n.bin']
North,2014,10,21,7.887,0, ['/ecs/DP1/PM/NSIDC-0051.001/2014.10.21/nt_20141021_f17_v1.1_n.bin']
North,2014,10,22,8.013,0, ['/ecs/DP1/PM/NSIDC-0051.001/2014.10.22/nt_20141022_f17_v1.1_n.bin']
North,2014,10,23,8.141,0, ['/ecs/DP1/PM/NSIDC-0051.001/2014.10.23/nt_20141023_f17_v1.1_n.bin']
North,2014,10,24,8.248,0, ['/ecs/DP1/PM/NSIDC-0051.001/2014.10.24/nt_20141024_f17_v1.1_n.bin']
North,2014,10,25,8.408,0, ['/ecs/DP1/PM/NSIDC-0051.001/2014.10.25/nt_20141025_f17_v1.1_n.bin']
North,2014,10,26,8.52,0, ['/ecs/DP1/PM/NSIDC-0051.001/2014.10.26/nt_20141026_f17_v1.1_n.bin']
North,2014,10,27,8.676,0, ['/ecs/DP1/PM/NSIDC-0051.001/2014.10.27/nt_20141027_f17_v1.1_n.bin']
North,2014,10,28,8.756,0, ['/ecs/DP1/PM/NSIDC-0051.001/2014.10.28/nt_20141028_f17_v1.1_n.bin']
North,2014,10,29,8.838,0, ['/ecs/DP1/PM/NSIDC-0051.001/2014.10.29/nt_20141029_f17_v1.1_n.bin']
North,2014,10,30,8.956,0, ['/ecs/DP1/PM/NSIDC-0051.001/2014.10.30/nt_20141030_f17_v1.1_n.bin']
North,2014,10,31,9.066,0, ['/ecs/DP1/PM/NSIDC-0051.001/2014.10.31/nt_20141031_f17_v1.1_n.bin']
North,2014,11,1,9.17,0, ['/ecs/DP1/PM/NSIDC-0051.001/2014.11.01/nt_20141101_f17_v1.1_n.bin']
North,2014,11,2,9.293,0, ['/ecs/DP1/PM/NSIDC-0051.001/2014.11.02/nt_20141102_f17_v1.1_n.bin']
North,2014,11,3,9.483,0, ['/ecs/DP1/PM/NSIDC-0051.001/2014.11.03/nt_20141103_f17_v1.1_n.bin']
North,2014,11,4,9.495,0, ['/ecs/DP1/PM/NSIDC-0051.001/2014.11.04/nt_20141104_f17_v1.1_n.bin']
North,2014,11,5,9.481,0, ['/ecs/DP1/PM/NSIDC-0051.001/2014.11.05/nt_20141105_f17_v1.1_n.bin']
North,2014,11,6,9.522,0, ['/ecs/DP1/PM/NSIDC-0051.001/2014.11.06/nt_20141106_f17_v1.1_n.bin']
North,2014,11,7,9.632,0, ['/ecs/DP1/PM/NSIDC-0051.001/2014.11.07/nt_20141107_f17_v1.1_n.bin']
North,2014,11,8,9.669,0, ['/ecs/DP1/PM/NSIDC-0051.001/2014.11.08/nt_20141108_f17_v1.1_n.bin']
North,2014,11,9,9.648,0, ['/ecs/DP1/PM/NSIDC-0051.001/2014.11.09/nt_20141109_f17_v1.1_n.bin']
North,2014,11,10,9.663,0, ['/ecs/DP1/PM/NSIDC-0051.001/2014.11.10/nt_20141110_f17_v1.1_n.bin']
North,2014,11,11,9.707,0, ['/ecs/DP1/PM/NSIDC-0051.001/2014.11.11/nt_20141111_f17_v1.1_n.bin']
North,2014,11,12,9.827,0, ['/ecs/DP1/PM/NSIDC-0051.001/2014.11.12/nt_20141112_f17_v1.1_n.bin']
North,2014,11,13,9.994,0, ['/ecs/DP1/PM/NSIDC-0051.001/2014.11.13/nt_20141113_f17_v1.1_n.bin']
North,2014,11,14,10.094,0, ['/ecs/DP1/PM/NSIDC-0051.001/2014.11.14/nt_20141114_f17_v1.1_n.bin']
North,2014,11,15,10.104,0, ['/ecs/DP1/PM/NSIDC-0051.001/2014.11.15/nt_20141115_f17_v1.1_n.bin']
North,2014,11,16,10.16,0, ['/ecs/DP1/PM/NSIDC-0051.001/2014.11.16/nt_20141116_f17_v1.1_n.bin']
North,2014,11,17,10.195,0, ['/ecs/DP1/PM/NSIDC-0051.001/2014.11.17/nt_20141117_f17_v1.1_n.bin']
North,2014,11,18,10.227,0, ['/ecs/DP1/PM/NSIDC-0051.001/2014.11.18/nt_20141118_f17_v1.1_n.bin']
North,2014,11,19,10.294,0, ['/ecs/DP1/PM/NSIDC-0051.001/2014.11.19/nt_20141119_f17_v1.1_n.bin']
North,2014,11,20,10.318,0, ['/ecs/DP1/PM/NSIDC-0051.001/2014.11.20/nt_20141120_f17_v1.1_n.bin']
North,2014,11,21,10.359,0, ['/ecs/DP1/PM/NSIDC-0051.001/2014.11.21/nt_20141121_f17_v1.1_n.bin']
North,2014,11,22,10.449,0, ['/ecs/DP1/PM/NSIDC-0051.001/2014.11.22/nt_20141122_f17_v1.1_n.bin']
North,2014,11,23,10.56,0, ['/ecs/DP1/PM/NSIDC-0051.001/2014.11.23/nt_20141123_f17_v1.1_n.bin']
North,2014,11,24,10.658,0, ['/ecs/DP1/PM/NSIDC-0051.001/2014.11.24/nt_20141124_f17_v1.1_n.bin']
North,2014,11,25,10.726,0, ['/ecs/DP1/PM/NSIDC-0051.001/2014.11.25/nt_20141125_f17_v1.1_n.bin']
North,2014,11,26,10.763,0, ['/ecs/DP1/PM/NSIDC-0051.001/2014.11.26/nt_20141126_f17_v1.1_n.bin']
North,2014,11,27,10.867,0, ['/ecs/DP1/PM/NSIDC-0051.001/2014.11.27/nt_20141127_f17_v1.1_n.bin']
North,2014,11,28,10.923,0, ['/ecs/DP1/PM/NSIDC-0051.001/2014.11.28/nt_20141128_f17_v1.1_n.bin']
North,2014,11,29,11.042,0, ['/ecs/DP1/PM/NSIDC-0051.001/2014.11.29/nt_20141129_f17_v1.1_n.bin']
North,2014,11,30,11.115,0, ['/ecs/DP1/PM/NSIDC-0051.001/2014.11.30/nt_20141130_f17_v1.1_n.bin']
North,2014,12,1,11.473,0, ['/ecs/DP1/PM/NSIDC-0051.001/2014.12.01/nt_20141201_f17_v1.1_n.bin']
North,2014,12,2,11.578,0, ['/ecs/DP1/PM/NSIDC-0051.001/2014.12.02/nt_20141202_f17_v1.1_n.bin']
North,2014,12,3,11.554,0, ['/ecs/DP1/PM/NSIDC-0051.001/2014.12.03/nt_20141203_f17_v1.1_n.bin']
North,2014,12,4,11.675,0, ['/ecs/DP1/PM/NSIDC-0051.001/2014.12.04/nt_20141204_f17_v1.1_n.bin']
North,2014,12,5,11.676,0, ['/ecs/DP1/PM/NSIDC-0051.001/2014.12.05/nt_20141205_f17_v1.1_n.bin']
North,2014,12,6,11.807,0, ['/ecs/DP1/PM/NSIDC-0051.001/2014.12.06/nt_20141206_f17_v1.1_n.bin']
North,2014,12,7,11.822,0, ['/ecs/DP1/PM/NSIDC-0051.001/2014.12.07/nt_20141207_f17_v1.1_n.bin']
North,2014,12,8,11.888,0, ['/ecs/DP1/PM/NSIDC-0051.001/2014.12.08/nt_20141208_f17_v1.1_n.bin']
North,2014,12,9,11.959,0, ['/ecs/DP1/PM/NSIDC-0051.001/2014.12.09/nt_20141209_f17_v1.1_n.bin']
North,2014,12,10,12.084,0, ['/ecs/DP1/PM/NSIDC-0051.001/2014.12.10/nt_20141210_f17_v1.1_n.bin']
North,2014,12,11,12.227,0, ['/ecs/DP1/PM/NSIDC-0051.001/2014.12.11/nt_20141211_f17_v1.1_n.bin']
North,2014,12,12,12.125,0, ['/ecs/DP1/PM/NSIDC-0051.001/2014.12.12/nt_20141212_f17_v1.1_n.bin']
North,2014,12,13,12.23,0, ['/ecs/DP1/PM/NSIDC-0051.001/2014.12.13/nt_20141213_f17_v1.1_n.bin']
North,2014,12,14,12.231,0, ['/ecs/DP1/PM/NSIDC-0051.001/2014.12.14/nt_20141214_f17_v1.1_n.bin']
North,2014,12,15,12.267,0, ['/ecs/DP1/PM/NSIDC-0051.001/2014.12.15/nt_20141215_f17_v1.1_n.bin']
North,2014,12,16,12.395,0, ['/ecs/DP1/PM/NSIDC-0051.001/2014.12.16/nt_20141216_f17_v1.1_n.bin']
North,2014,12,17,12.437,0, ['/ecs/DP1/PM/NSIDC-0051.001/2014.12.17/nt_20141217_f17_v1.1_n.bin']
North,2014,12,18,12.462,0, ['/ecs/DP1/PM/NSIDC-0051.001/2014.12.18/nt_20141218_f17_v1.1_n.bin']
North,2014,12,19,12.543,0, ['/ecs/DP1/PM/NSIDC-0051.001/2014.12.19/nt_20141219_f17_v1.1_n.bin']
North,2014,12,20,12.645,0, ['/ecs/DP1/PM/NSIDC-0051.001/2014.12.20/nt_20141220_f17_v1.1_n.bin']
North,2014,12,21,12.656,0, ['/ecs/DP1/PM/NSIDC-0051.001/2014.12.21/nt_20141221_f17_v1.1_n.bin']
North,2014,12,22,12.695,0, ['/ecs/DP1/PM/NSIDC-0051.001/2014.12.22/nt_20141222_f17_v1.1_n.bin']
North,2014,12,23,12.725,0, ['/ecs/DP1/PM/NSIDC-0051.001/2014.12.23/nt_20141223_f17_v1.1_n.bin']
North,2014,12,24,12.871,0, ['/ecs/DP1/PM/NSIDC-0051.001/2014.12.24/nt_20141224_f17_v1.1_n.bin']
North,2014,12,25,12.995,0, ['/ecs/DP1/PM/NSIDC-0051.001/2014.12.25/nt_20141225_f17_v1.1_n.bin']
North,2014,12,26,12.993,0, ['/ecs/DP1/PM/NSIDC-0051.001/2014.12.26/nt_20141226_f17_v1.1_n.bin']
North,2014,12,27,12.967,0, ['/ecs/DP1/PM/NSIDC-0051.001/2014.12.27/nt_20141227_f17_v1.1_n.bin']
North,2014,12,28,12.93,0, ['/ecs/DP1/PM/NSIDC-0051.001/2014.12.28/nt_20141228_f17_v1.1_n.bin']
North,2014,12,29,12.936,0, ['/ecs/DP1/PM/NSIDC-0051.001/2014.12.29/nt_20141229_f17_v1.1_n.bin']
North,2014,12,30,13.038,0, ['/ecs/DP1/PM/NSIDC-0051.001/2014.12.30/nt_20141230_f17_v1.1_n.bin']
North,2014,12,31,13.046,0, ['/ecs/DP1/PM/NSIDC-0051.001/2014.12.31/nt_20141231_f17_v1.1_n.bin']
North,2015,1,1,13.073,0, ['/ecs/DP1/PM/NSIDC-0051.001/2015.01.01/nt_20150101_f17_v1.1_n.bin']
North,2015,1,2,13.125,0, ['/ecs/DP1/PM/NSIDC-0051.001/2015.01.02/nt_20150102_f17_v1.1_n.bin']
North,2015,1,3,13.112,0, ['/ecs/DP1/PM/NSIDC-0051.001/2015.01.03/nt_20150103_f17_v1.1_n.bin']
North,2015,1,4,13.051,0, ['/ecs/DP1/PM/NSIDC-0051.001/2015.01.04/nt_20150104_f17_v1.1_n.bin']
North,2015,1,5,13.115,0, ['/ecs/DP1/PM/NSIDC-0051.001/2015.01.05/nt_20150105_f17_v1.1_n.bin']
North,2015,1,6,13.138,0, ['/ecs/DP1/PM/NSIDC-0051.001/2015.01.06/nt_20150106_f17_v1.1_n.bin']
North,2015,1,7,13.18,0, ['/ecs/DP1/PM/NSIDC-0051.001/2015.01.07/nt_20150107_f17_v1.1_n.bin']
North,2015,1,8,13.231,0, ['/ecs/DP1/PM/NSIDC-0051.001/2015.01.08/nt_20150108_f17_v1.1_n.bin']
North,2015,1,9,13.292,0, ['/ecs/DP1/PM/NSIDC-0051.001/2015.01.09/nt_20150109_f17_v1.1_n.bin']
North,2015,1,10,13.254,0, ['/ecs/DP1/PM/NSIDC-0051.001/2015.01.10/nt_20150110_f17_v1.1_n.bin']
North,2015,1,11,13.363,0, ['/ecs/DP1/PM/NSIDC-0051.001/2015.01.11/nt_20150111_f17_v1.1_n.bin']
North,2015,1,12,13.432,0, ['/ecs/DP1/PM/NSIDC-0051.001/2015.01.12/nt_20150112_f17_v1.1_n.bin']
North,2015,1,13,13.504,0, ['/ecs/DP1/PM/NSIDC-0051.001/2015.01.13/nt_20150113_f17_v1.1_n.bin']
North,2015,1,14,13.573,0, ['/ecs/DP1/PM/NSIDC-0051.001/2015.01.14/nt_20150114_f17_v1.1_n.bin']
North,2015,1,15,13.661,0, ['/ecs/DP1/PM/NSIDC-0051.001/2015.01.15/nt_20150115_f17_v1.1_n.bin']
North,2015,1,16,13.782,0, ['/ecs/DP1/PM/NSIDC-0051.001/2015.01.16/nt_20150116_f17_v1.1_n.bin']
North,2015,1,17,13.765,0, ['/ecs/DP1/PM/NSIDC-0051.001/2015.01.17/nt_20150117_f17_v1.1_n.bin']
North,2015,1,18,13.778,0, ['/ecs/DP1/PM/NSIDC-0051.001/2015.01.18/nt_20150118_f17_v1.1_n.bin']
North,2015,1,19,13.856,0, ['/ecs/DP1/PM/NSIDC-0051.001/2015.01.19/nt_20150119_f17_v1.1_n.bin']
North,2015,1,20,13.818,0, ['/ecs/DP1/PM/NSIDC-0051.001/2015.01.20/nt_20150120_f17_v1.1_n.bin']
North,2015,1,21,13.752,0, ['/ecs/DP1/PM/NSIDC-0051.001/2015.01.21/nt_20150121_f17_v1.1_n.bin']
North,2015,1,22,13.86,0, ['/ecs/DP1/PM/NSIDC-0051.001/2015.01.22/nt_20150122_f17_v1.1_n.bin']
North,2015,1,23,13.93,0, ['/ecs/DP1/PM/NSIDC-0051.001/2015.01.23/nt_20150123_f17_v1.1_n.bin']
North,2015,1,24,13.944,0, ['/ecs/DP1/PM/NSIDC-0051.001/2015.01.24/nt_20150124_f17_v1.1_n.bin']
North,2015,1,25,13.968,0, ['/ecs/DP1/PM/NSIDC-0051.001/2015.01.25/nt_20150125_f17_v1.1_n.bin']
North,2015,1,26,13.92,0, ['/ecs/DP1/PM/NSIDC-0051.001/2015.01.26/nt_20150126_f17_v1.1_n.bin']
North,2015,1,27,13.976,0, ['/ecs/DP1/PM/NSIDC-0051.001/2015.01.27/nt_20150127_f17_v1.1_n.bin']
North,2015,1,28,14.005,0, ['/ecs/DP1/PM/NSIDC-0051.001/2015.01.28/nt_20150128_f17_v1.1_n.bin']
North,2015,1,29,13.991,0, ['/ecs/DP1/PM/NSIDC-0051.001/2015.01.29/nt_20150129_f17_v1.1_n.bin']
North,2015,1,30,14.047,0, ['/ecs/DP1/PM/NSIDC-0051.001/2015.01.30/nt_20150130_f17_v1.1_n.bin']
North,2015,1,31,14.176,0, ['/ecs/DP1/PM/NSIDC-0051.001/2015.01.31/nt_20150131_f17_v1.1_n.bin']
North,2015,2,1,14.246,0, ['/ecs/DP1/PM/NSIDC-0051.001/2015.02.01/nt_20150201_f17_v1.1_n.bin']
North,2015,2,2,14.218,0, ['/ecs/DP1/PM/NSIDC-0051.001/2015.02.02/nt_20150202_f17_v1.1_n.bin']
North,2015,2,3,14.252,0, ['/ecs/DP1/PM/NSIDC-0051.001/2015.02.03/nt_20150203_f17_v1.1_n.bin']
North,2015,2,4,14.269,0, ['/ecs/DP1/PM/NSIDC-0051.001/2015.02.04/nt_20150204_f17_v1.1_n.bin']
North,2015,2,5,14.232,0, ['/ecs/DP1/PM/NSIDC-0051.001/2015.02.05/nt_20150205_f17_v1.1_n.bin']
North,2015,2,6,14.27,0, ['/ecs/DP1/PM/NSIDC-0051.001/2015.02.06/nt_20150206_f17_v1.1_n.bin']
North,2015,2,7,14.277,0, ['/ecs/DP1/PM/NSIDC-0051.001/2015.02.07/nt_20150207_f17_v1.1_n.bin']
North,2015,2,8,14.407,0, ['/ecs/DP1/PM/NSIDC-0051.001/2015.02.08/nt_20150208_f17_v1.1_n.bin']
North,2015,2,9,14.455,0, ['/ecs/DP1/PM/NSIDC-0051.001/2015.02.09/nt_20150209_f17_v1.1_n.bin']
North,2015,2,10,14.468,0, ['/ecs/DP1/PM/NSIDC-0051.001/2015.02.10/nt_20150210_f17_v1.1_n.bin']
North,2015,2,11,14.407,0, ['/ecs/DP1/PM/NSIDC-0051.001/2015.02.11/nt_20150211_f17_v1.1_n.bin']
North,2015,2,12,14.434,0, ['/ecs/DP1/PM/NSIDC-0051.001/2015.02.12/nt_20150212_f17_v1.1_n.bin']
North,2015,2,13,14.443,0, ['/ecs/DP1/PM/NSIDC-0051.001/2015.02.13/nt_20150213_f17_v1.1_n.bin']
North,2015,2,14,14.496,0, ['/ecs/DP1/PM/NSIDC-0051.001/2015.02.14/nt_20150214_f17_v1.1_n.bin']
North,2015,2,15,14.517,0, ['/ecs/DP1/PM/NSIDC-0051.001/2015.02.15/nt_20150215_f17_v1.1_n.bin']
North,2015,2,16,14.437,0, ['/ecs/DP1/PM/NSIDC-0051.001/2015.02.16/nt_20150216_f17_v1.1_n.bin']
North,2015,2,17,14.358,0, ['/ecs/DP1/PM/NSIDC-0051.001/2015.02.17/nt_20150217_f17_v1.1_n.bin']
North,2015,2,18,14.347,0, ['/ecs/DP1/PM/NSIDC-0051.001/2015.02.18/nt_20150218_f17_v1.1_n.bin']
North,2015,2,19,14.371,0, ['/ecs/DP1/PM/NSIDC-0051.001/2015.02.19/nt_20150219_f17_v1.1_n.bin']
North,2015,2,20,14.41,0, ['/ecs/DP1/PM/NSIDC-0051.001/2015.02.20/nt_20150220_f17_v1.1_n.bin']
North,2015,2,21,14.534,0, ['/ecs/DP1/PM/NSIDC-0051.001/2015.02.21/nt_20150221_f17_v1.1_n.bin']
North,2015,2,22,14.554,0, ['/ecs/DP1/PM/NSIDC-0051.001/2015.02.22/nt_20150222_f17_v1.1_n.bin']
North,2015,2,23,14.505,0, ['/ecs/DP1/PM/NSIDC-0051.001/2015.02.23/nt_20150223_f17_v1.1_n.bin']
North,2015,2,24,14.5,0, ['/ecs/DP1/PM/NSIDC-0051.001/2015.02.24/nt_20150224_f17_v1.1_n.bin']
North,2015,2,25,14.492,0, ['/ecs/DP1/PM/NSIDC-0051.001/2015.02.25/nt_20150225_f17_v1.1_n.bin']
North,2015,2,26,14.49,0, ['/ecs/DP1/PM/NSIDC-0051.001/2015.02.26/nt_20150226_f17_v1.1_n.bin']
North,2015,2,27,14.419,0, ['/ecs/DP1/PM/NSIDC-0051.001/2015.02.27/nt_20150227_f17_v1.1_n.bin']
North,2015,2,28,14.41,0, ['/ecs/DP1/PM/NSIDC-0051.001/2015.02.28/nt_20150228_f17_v1.1_n.bin']
North,2015,3,1,14.533,0, ['/ecs/DP1/PM/NSIDC-0051.001/2015.03.01/nt_20150301_f17_v1.1_n.bin']
North,2015,3,2,14.421,0, ['/ecs/DP1/PM/NSIDC-0051.001/2015.03.02/nt_20150302_f17_v1.1_n.bin']
North,2015,3,3,14.446,0, ['/ecs/DP1/PM/NSIDC-0051.001/2015.03.03/nt_20150303_f17_v1.1_n.bin']
North,2015,3,4,14.372,0, ['/ecs/DP1/PM/NSIDC-0051.001/2015.03.04/nt_20150304_f17_v1.1_n.bin']
North,2015,3,5,14.263,0, ['/ecs/DP1/PM/NSIDC-0051.001/2015.03.05/nt_20150305_f17_v1.1_n.bin']
North,2015,3,6,14.354,0, ['/ecs/DP1/PM/NSIDC-0051.001/2015.03.06/nt_20150306_f17_v1.1_n.bin']
North,2015,3,7,14.313,0, ['/ecs/DP1/PM/NSIDC-0051.001/2015.03.07/nt_20150307_f17_v1.1_n.bin']
North,2015,3,8,14.271,0, ['/ecs/DP1/PM/NSIDC-0051.001/2015.03.08/nt_20150308_f17_v1.1_n.bin']
North,2015,3,9,14.26,0, ['/ecs/DP1/PM/NSIDC-0051.001/2015.03.09/nt_20150309_f17_v1.1_n.bin']
North,2015,3,10,14.308,0, ['/ecs/DP1/PM/NSIDC-0051.001/2015.03.10/nt_20150310_f17_v1.1_n.bin']
North,2015,3,11,14.34,0, ['/ecs/DP1/PM/NSIDC-0051.001/2015.03.11/nt_20150311_f17_v1.1_n.bin']
North,2015,3,12,14.364,0, ['/ecs/DP1/PM/NSIDC-0051.001/2015.03.12/nt_20150312_f17_v1.1_n.bin']
North,2015,3,13,14.353,0, ['/ecs/DP1/PM/NSIDC-0051.001/2015.03.13/nt_20150313_f17_v1.1_n.bin']
North,2015,3,14,14.337,0, ['/ecs/DP1/PM/NSIDC-0051.001/2015.03.14/nt_20150314_f17_v1.1_n.bin']
North,2015,3,15,14.387,0, ['/ecs/DP1/PM/NSIDC-0051.001/2015.03.15/nt_20150315_f17_v1.1_n.bin']
North,2015,3,16,14.404,0, ['/ecs/DP1/PM/NSIDC-0051.001/2015.03.16/nt_20150316_f17_v1.1_n.bin']
North,2015,3,17,14.31,0, ['/ecs/DP1/PM/NSIDC-0051.001/2015.03.17/nt_20150317_f17_v1.1_n.bin']
North,2015,3,18,14.315,0, ['/ecs/DP1/PM/NSIDC-0051.001/2015.03.18/nt_20150318_f17_v1.1_n.bin']
North,2015,3,19,14.372,0, ['/ecs/DP1/PM/NSIDC-0051.001/2015.03.19/nt_20150319_f17_v1.1_n.bin']
North,2015,3,20,14.332,0, ['/ecs/DP1/PM/NSIDC-0051.001/2015.03.20/nt_20150320_f17_v1.1_n.bin']
North,2015,3,21,14.356,0, ['/ecs/DP1/PM/NSIDC-0051.001/2015.03.21/nt_20150321_f17_v1.1_n.bin']
North,2015,3,22,14.433,0, ['/ecs/DP1/PM/NSIDC-0051.001/2015.03.22/nt_20150322_f17_v1.1_n.bin']
North,2015,3,23,14.513,0, ['/ecs/DP1/PM/NSIDC-0051.001/2015.03.23/nt_20150323_f17_v1.1_n.bin']
North,2015,3,24,14.388,0, ['/ecs/DP1/PM/NSIDC-0051.001/2015.03.24/nt_20150324_f17_v1.1_n.bin']
North,2015,3,25,14.444,0, ['/ecs/DP1/PM/NSIDC-0051.001/2015.03.25/nt_20150325_f17_v1.1_n.bin']
North,2015,3,26,14.495,0, ['/ecs/DP1/PM/NSIDC-0051.001/2015.03.26/nt_20150326_f17_v1.1_n.bin']
North,2015,3,27,14.442,0, ['/ecs/DP1/PM/NSIDC-0051.001/2015.03.27/nt_20150327_f17_v1.1_n.bin']
North,2015,3,28,14.34,0, ['/ecs/DP1/PM/NSIDC-0051.001/2015.03.28/nt_20150328_f17_v1.1_n.bin']
North,2015,3,29,14.343,0, ['/ecs/DP1/PM/NSIDC-0051.001/2015.03.29/nt_20150329_f17_v1.1_n.bin']
North,2015,3,30,14.385,0, ['/ecs/DP1/PM/NSIDC-0051.001/2015.03.30/nt_20150330_f17_v1.1_n.bin']
North,2015,3,31,14.292,0, ['/ecs/DP1/PM/NSIDC-0051.001/2015.03.31/nt_20150331_f17_v1.1_n.bin']
North,2015,4,1,14.241,0, ['/ecs/DP1/PM/NSIDC-0051.001/2015.04.01/nt_20150401_f17_v1.1_n.bin']
North,2015,4,2,14.25,0, ['/ecs/DP1/PM/NSIDC-0051.001/2015.04.02/nt_20150402_f17_v1.1_n.bin']
North,2015,4,3,14.174,0, ['/ecs/DP1/PM/NSIDC-0051.001/2015.04.03/nt_20150403_f17_v1.1_n.bin']
North,2015,4,4,14.089,0, ['/ecs/DP1/PM/NSIDC-0051.001/2015.04.04/nt_20150404_f17_v1.1_n.bin']
North,2015,4,5,14.122,0, ['/ecs/DP1/PM/NSIDC-0051.001/2015.04.05/nt_20150405_f17_v1.1_n.bin']
North,2015,4,6,14.042,0, ['/ecs/DP1/PM/NSIDC-0051.001/2015.04.06/nt_20150406_f17_v1.1_n.bin']
North,2015,4,7,13.989,0, ['/ecs/DP1/PM/NSIDC-0051.001/2015.04.07/nt_20150407_f17_v1.1_n.bin']
North,2015,4,8,13.992,0, ['/ecs/DP1/PM/NSIDC-0051.001/2015.04.08/nt_20150408_f17_v1.1_n.bin']
North,2015,4,9,14.029,0, ['/ecs/DP1/PM/NSIDC-0051.001/2015.04.09/nt_20150409_f17_v1.1_n.bin']
North,2015,4,10,14.054,0, ['/ecs/DP1/PM/NSIDC-0051.001/2015.04.10/nt_20150410_f17_v1.1_n.bin']
North,2015,4,11,14.089,0, ['/ecs/DP1/PM/NSIDC-0051.001/2015.04.11/nt_20150411_f17_v1.1_n.bin']
North,2015,4,12,14.068,0, ['/ecs/DP1/PM/NSIDC-0051.001/2015.04.12/nt_20150412_f17_v1.1_n.bin']
North,2015,4,13,14.017,0, ['/ecs/DP1/PM/NSIDC-0051.001/2015.04.13/nt_20150413_f17_v1.1_n.bin']
North,2015,4,14,14.035,0, ['/ecs/DP1/PM/NSIDC-0051.001/2015.04.14/nt_20150414_f17_v1.1_n.bin']
North,2015,4,15,13.986,0, ['/ecs/DP1/PM/NSIDC-0051.001/2015.04.15/nt_20150415_f17_v1.1_n.bin']
North,2015,4,16,13.964,0, ['/ecs/DP1/PM/NSIDC-0051.001/2015.04.16/nt_20150416_f17_v1.1_n.bin']
North,2015,4,17,13.895,0, ['/ecs/DP1/PM/NSIDC-0051.001/2015.04.17/nt_20150417_f17_v1.1_n.bin']
North,2015,4,18,13.898,0, ['/ecs/DP1/PM/NSIDC-0051.001/2015.04.18/nt_20150418_f17_v1.1_n.bin']
North,2015,4,19,13.897,0, ['/ecs/DP1/PM/NSIDC-0051.001/2015.04.19/nt_20150419_f17_v1.1_n.bin']
North,2015,4,20,13.881,0, ['/ecs/DP1/PM/NSIDC-0051.001/2015.04.20/nt_20150420_f17_v1.1_n.bin']
North,2015,4,21,13.992,0, ['/ecs/DP1/PM/NSIDC-0051.001/2015.04.21/nt_20150421_f17_v1.1_n.bin']
North,2015,4,22,13.951,0, ['/ecs/DP1/PM/NSIDC-0051.001/2015.04.22/nt_20150422_f17_v1.1_n.bin']
North,2015,4,23,13.827,0, ['/ecs/DP1/PM/NSIDC-0051.001/2015.04.23/nt_20150423_f17_v1.1_n.bin']
North,2015,4,24,13.628,0, ['/ecs/DP1/PM/NSIDC-0051.001/2015.04.24/nt_20150424_f17_v1.1_n.bin']
North,2015,4,25,13.581,0, ['/ecs/DP1/PM/NSIDC-0051.001/2015.04.25/nt_20150425_f17_v1.1_n.bin']
North,2015,4,26,13.535,0, ['/ecs/DP1/PM/NSIDC-0051.001/2015.04.26/nt_20150426_f17_v1.1_n.bin']
North,2015,4,27,13.466,0, ['/ecs/DP1/PM/NSIDC-0051.001/2015.04.27/nt_20150427_f17_v1.1_n.bin']
North,2015,4,28,13.405,0, ['/ecs/DP1/PM/NSIDC-0051.001/2015.04.28/nt_20150428_f17_v1.1_n.bin']
North,2015,4,29,13.362,0, ['/ecs/DP1/PM/NSIDC-0051.001/2015.04.29/nt_20150429_f17_v1.1_n.bin']
North,2015,4,30,13.336,0, ['/ecs/DP1/PM/NSIDC-0051.001/2015.04.30/nt_20150430_f17_v1.1_n.bin']
North,2015,5,1,13.142,0, ['/ecs/DP1/PM/NSIDC-0051.001/2015.05.01/nt_20150501_f17_v1.1_n.bin']
North,2015,5,2,13.112,0, ['/ecs/DP1/PM/NSIDC-0051.001/2015.05.02/nt_20150502_f17_v1.1_n.bin']
North,2015,5,3,13.098,0, ['/ecs/DP1/PM/NSIDC-0051.001/2015.05.03/nt_20150503_f17_v1.1_n.bin']
North,2015,5,4,13.134,0, ['/ecs/DP1/PM/NSIDC-0051.001/2015.05.04/nt_20150504_f17_v1.1_n.bin']
North,2015,5,5,13.078,0, ['/ecs/DP1/PM/NSIDC-0051.001/2015.05.05/nt_20150505_f17_v1.1_n.bin']
North,2015,5,6,12.995,0, ['/ecs/DP1/PM/NSIDC-0051.001/2015.05.06/nt_20150506_f17_v1.1_n.bin']
North,2015,5,7,12.882,0, ['/ecs/DP1/PM/NSIDC-0051.001/2015.05.07/nt_20150507_f17_v1.1_n.bin']
North,2015,5,8,12.812,0, ['/ecs/DP1/PM/NSIDC-0051.001/2015.05.08/nt_20150508_f17_v1.1_n.bin']
North,2015,5,9,12.812,0, ['/ecs/DP1/PM/NSIDC-0051.001/2015.05.09/nt_20150509_f17_v1.1_n.bin']
North,2015,5,10,12.758,0, ['/ecs/DP1/PM/NSIDC-0051.001/2015.05.10/nt_20150510_f17_v1.1_n.bin']
North,2015,5,11,12.758,0, ['/ecs/DP1/PM/NSIDC-0051.001/2015.05.11/nt_20150511_f17_v1.1_n.bin']
North,2015,5,12,12.699,0, ['/ecs/DP1/PM/NSIDC-0051.001/2015.05.12/nt_20150512_f17_v1.1_n.bin']
North,2015,5,13,12.751,0, ['/ecs/DP1/PM/NSIDC-0051.001/2015.05.13/nt_20150513_f17_v1.1_n.bin']
North,2015,5,14,12.572,0, ['/ecs/DP1/PM/NSIDC-0051.001/2015.05.14/nt_20150514_f17_v1.1_n.bin']
North,2015,5,15,12.54,0, ['/ecs/DP1/PM/NSIDC-0051.001/2015.05.15/nt_20150515_f17_v1.1_n.bin']
North,2015,5,16,12.512,0, ['/ecs/DP1/PM/NSIDC-0051.001/2015.05.16/nt_20150516_f17_v1.1_n.bin']
North,2015,5,17,12.451,0, ['/ecs/DP1/PM/NSIDC-0051.001/2015.05.17/nt_20150517_f17_v1.1_n.bin']
North,2015,5,18,12.409,0, ['/ecs/DP1/PM/NSIDC-0051.001/2015.05.18/nt_20150518_f17_v1.1_n.bin']
North,2015,5,19,12.347,0, ['/ecs/DP1/PM/NSIDC-0051.001/2015.05.19/nt_20150519_f17_v1.1_n.bin']
North,2015,5,20,12.297,0, ['/ecs/DP1/PM/NSIDC-0051.001/2015.05.20/nt_20150520_f17_v1.1_n.bin']
North,2015,5,21,12.266,0, ['/ecs/DP1/PM/NSIDC-0051.001/2015.05.21/nt_20150521_f17_v1.1_n.bin']
North,2015,5,22,12.214,0, ['/ecs/DP1/PM/NSIDC-0051.001/2015.05.22/nt_20150522_f17_v1.1_n.bin']
North,2015,5,23,12.102,0, ['/ecs/DP1/PM/NSIDC-0051.001/2015.05.23/nt_20150523_f17_v1.1_n.bin']
North,2015,5,24,11.98,0, ['/ecs/DP1/PM/NSIDC-0051.001/2015.05.24/nt_20150524_f17_v1.1_n.bin']
North,2015,5,25,11.922,0, ['/ecs/DP1/PM/NSIDC-0051.001/2015.05.25/nt_20150525_f17_v1.1_n.bin']
North,2015,5,26,11.895,0, ['/ecs/DP1/PM/NSIDC-0051.001/2015.05.26/nt_20150526_f17_v1.1_n.bin']
North,2015,5,27,11.875,0, ['/ecs/DP1/PM/NSIDC-0051.001/2015.05.27/nt_20150527_f17_v1.1_n.bin']
North,2015,5,28,11.841,0, ['/ecs/DP1/PM/NSIDC-0051.001/2015.05.28/nt_20150528_f17_v1.1_n.bin']
North,2015,5,29,11.792,0, ['/ecs/DP1/PM/NSIDC-0051.001/2015.05.29/nt_20150529_f17_v1.1_n.bin']
North,2015,5,30,11.744,0, ['/ecs/DP1/PM/NSIDC-0051.001/2015.05.30/nt_20150530_f17_v1.1_n.bin']
North,2015,5,31,11.721,0, ['/ecs/DP1/PM/NSIDC-0051.001/2015.05.31/nt_20150531_f17_v1.1_n.bin']
North,2015,6,1,11.568,0, ['/ecs/DP1/PM/NSIDC-0051.001/2015.06.01/nt_20150601_f17_v1.1_n.bin']
North,2015,6,2,11.543,0, ['/ecs/DP1/PM/NSIDC-0051.001/2015.06.02/nt_20150602_f17_v1.1_n.bin']
North,2015,6,3,11.522,0, ['/ecs/DP1/PM/NSIDC-0051.001/2015.06.03/nt_20150603_f17_v1.1_n.bin']
North,2015,6,4,11.396,0, ['/ecs/DP1/PM/NSIDC-0051.001/2015.06.04/nt_20150604_f17_v1.1_n.bin']
North,2015,6,5,11.362,0, ['/ecs/DP1/PM/NSIDC-0051.001/2015.06.05/nt_20150605_f17_v1.1_n.bin']
North,2015,6,6,11.323,0, ['/ecs/DP1/PM/NSIDC-0051.001/2015.06.06/nt_20150606_f17_v1.1_n.bin']
North,2015,6,7,11.303,0, ['/ecs/DP1/PM/NSIDC-0051.001/2015.06.07/nt_20150607_f17_v1.1_n.bin']
North,2015,6,8,11.313,0, ['/ecs/DP1/PM/NSIDC-0051.001/2015.06.08/nt_20150608_f17_v1.1_n.bin']
North,2015,6,9,11.249,0, ['/ecs/DP1/PM/NSIDC-0051.001/2015.06.09/nt_20150609_f17_v1.1_n.bin']
North,2015,6,10,11.158,0, ['/ecs/DP1/PM/NSIDC-0051.001/2015.06.10/nt_20150610_f17_v1.1_n.bin']
North,2015,6,11,11.222,0, ['/ecs/DP1/PM/NSIDC-0051.001/2015.06.11/nt_20150611_f17_v1.1_n.bin']
North,2015,6,12,11.148,0, ['/ecs/DP1/PM/NSIDC-0051.001/2015.06.12/nt_20150612_f17_v1.1_n.bin']
North,2015,6,13,11.087,0, ['/ecs/DP1/PM/NSIDC-0051.001/2015.06.13/nt_20150613_f17_v1.1_n.bin']
North,2015,6,14,10.997,0, ['/ecs/DP1/PM/NSIDC-0051.001/2015.06.14/nt_20150614_f17_v1.1_n.bin']
North,2015,6,15,10.963,0, ['/ecs/DP1/PM/NSIDC-0051.001/2015.06.15/nt_20150615_f17_v1.1_n.bin']
North,2015,6,16,10.815,0, ['/ecs/DP1/PM/NSIDC-0051.001/2015.06.16/nt_20150616_f17_v1.1_n.bin']
North,2015,6,17,10.748,0, ['/ecs/DP1/PM/NSIDC-0051.001/2015.06.17/nt_20150617_f17_v1.1_n.bin']
North,2015,6,18,10.767,0, ['/ecs/DP1/PM/NSIDC-0051.001/2015.06.18/nt_20150618_f17_v1.1_n.bin']
North,2015,6,19,10.738,0, ['/ecs/DP1/PM/NSIDC-0051.001/2015.06.19/nt_20150619_f17_v1.1_n.bin']
North,2015,6,20,10.68,0, ['/ecs/DP1/PM/NSIDC-0051.001/2015.06.20/nt_20150620_f17_v1.1_n.bin']
North,2015,6,21,10.585,0, ['/ecs/DP1/PM/NSIDC-0051.001/2015.06.21/nt_20150621_f17_v1.1_n.bin']
North,2015,6,22,10.547,0, ['/ecs/DP1/PM/NSIDC-0051.001/2015.06.22/nt_20150622_f17_v1.1_n.bin']
North,2015,6,23,10.521,0, ['/ecs/DP1/PM/NSIDC-0051.001/2015.06.23/nt_20150623_f17_v1.1_n.bin']
North,2015,6,24,10.39,0, ['/ecs/DP1/PM/NSIDC-0051.001/2015.06.24/nt_20150624_f17_v1.1_n.bin']
North,2015,6,25,10.463,0, ['/ecs/DP1/PM/NSIDC-0051.001/2015.06.25/nt_20150625_f17_v1.1_n.bin']
North,2015,6,26,10.381,0, ['/ecs/DP1/PM/NSIDC-0051.001/2015.06.26/nt_20150626_f17_v1.1_n.bin']
North,2015,6,27,10.251,0, ['/ecs/DP1/PM/NSIDC-0051.001/2015.06.27/nt_20150627_f17_v1.1_n.bin']
North,2015,6,28,10.215,0, ['/ecs/DP1/PM/NSIDC-0051.001/2015.06.28/nt_20150628_f17_v1.1_n.bin']
North,2015,6,29,10.104,0, ['/ecs/DP1/PM/NSIDC-0051.001/2015.06.29/nt_20150629_f17_v1.1_n.bin']
North,2015,6,30,10.008,0, ['/ecs/DP1/PM/NSIDC-0051.001/2015.06.30/nt_20150630_f17_v1.1_n.bin']
North,2015,7,1,9.842,0, ['/ecs/DP1/PM/NSIDC-0051.001/2015.07.01/nt_20150701_f17_v1.1_n.bin']
North,2015,7,2,9.828,0, ['/ecs/DP1/PM/NSIDC-0051.001/2015.07.02/nt_20150702_f17_v1.1_n.bin']
North,2015,7,3,9.746,0, ['/ecs/DP1/PM/NSIDC-0051.001/2015.07.03/nt_20150703_f17_v1.1_n.bin']
North,2015,7,4,9.643,0, ['/ecs/DP1/PM/NSIDC-0051.001/2015.07.04/nt_20150704_f17_v1.1_n.bin']
North,2015,7,5,9.599,0, ['/ecs/DP1/PM/NSIDC-0051.001/2015.07.05/nt_20150705_f17_v1.1_n.bin']
North,2015,7,6,9.573,0, ['/ecs/DP1/PM/NSIDC-0051.001/2015.07.06/nt_20150706_f17_v1.1_n.bin']
North,2015,7,7,9.379,0, ['/ecs/DP1/PM/NSIDC-0051.001/2015.07.07/nt_20150707_f17_v1.1_n.bin']
North,2015,7,8,9.304,0, ['/ecs/DP1/PM/NSIDC-0051.001/2015.07.08/nt_20150708_f17_v1.1_n.bin']
North,2015,7,9,9.216,0, ['/ecs/DP1/PM/NSIDC-0051.001/2015.07.09/nt_20150709_f17_v1.1_n.bin']
North,2015,7,10,9.048,0, ['/ecs/DP1/PM/NSIDC-0051.001/2015.07.10/nt_20150710_f17_v1.1_n.bin']
North,2015,7,11,8.968,0, ['/ecs/DP1/PM/NSIDC-0051.001/2015.07.11/nt_20150711_f17_v1.1_n.bin']
North,2015,7,12,8.841,0, ['/ecs/DP1/PM/NSIDC-0051.001/2015.07.12/nt_20150712_f17_v1.1_n.bin']
North,2015,7,13,8.7,0, ['/ecs/DP1/PM/NSIDC-0051.001/2015.07.13/nt_20150713_f17_v1.1_n.bin']
North,2015,7,14,8.682,0, ['/ecs/DP1/PM/NSIDC-0051.001/2015.07.14/nt_20150714_f17_v1.1_n.bin']
North,2015,7,15,8.601,0, ['/ecs/DP1/PM/NSIDC-0051.001/2015.07.15/nt_20150715_f17_v1.1_n.bin']
North,2015,7,16,8.398,0, ['/ecs/DP1/PM/NSIDC-0051.001/2015.07.16/nt_20150716_f17_v1.1_n.bin']
North,2015,7,17,8.26,0, ['/ecs/DP1/PM/NSIDC-0051.001/2015.07.17/nt_20150717_f17_v1.1_n.bin']
North,2015,7,18,8.116,0, ['/ecs/DP1/PM/NSIDC-0051.001/2015.07.18/nt_20150718_f17_v1.1_n.bin']
North,2015,7,19,7.955,0, ['/ecs/DP1/PM/NSIDC-0051.001/2015.07.19/nt_20150719_f17_v1.1_n.bin']
North,2015,7,20,7.88,0, ['/ecs/DP1/PM/NSIDC-0051.001/2015.07.20/nt_20150720_f17_v1.1_n.bin']
North,2015,7,21,7.767,0, ['/ecs/DP1/PM/NSIDC-0051.001/2015.07.21/nt_20150721_f17_v1.1_n.bin']
North,2015,7,22,7.671,0, ['/ecs/DP1/PM/NSIDC-0051.001/2015.07.22/nt_20150722_f17_v1.1_n.bin']
North,2015,7,23,7.519,0, ['/ecs/DP1/PM/NSIDC-0051.001/2015.07.23/nt_20150723_f17_v1.1_n.bin']
North,2015,7,24,7.413,0, ['/ecs/DP1/PM/NSIDC-0051.001/2015.07.24/nt_20150724_f17_v1.1_n.bin']
North,2015,7,25,7.327,0, ['/ecs/DP1/PM/NSIDC-0051.001/2015.07.25/nt_20150725_f17_v1.1_n.bin']
North,2015,7,26,7.308,0, ['/ecs/DP1/PM/NSIDC-0051.001/2015.07.26/nt_20150726_f17_v1.1_n.bin']
North,2015,7,27,7.219,0, ['/ecs/DP1/PM/NSIDC-0051.001/2015.07.27/nt_20150727_f17_v1.1_n.bin']
North,2015,7,28,7.137,0, ['/ecs/DP1/PM/NSIDC-0051.001/2015.07.28/nt_20150728_f17_v1.1_n.bin']
North,2015,7,29,7.032,0, ['/ecs/DP1/PM/NSIDC-0051.001/2015.07.29/nt_20150729_f17_v1.1_n.bin']
North,2015,7,30,6.895,0, ['/ecs/DP1/PM/NSIDC-0051.001/2015.07.30/nt_20150730_f17_v1.1_n.bin']
North,2015,7,31,6.847,0, ['/ecs/DP1/PM/NSIDC-0051.001/2015.07.31/nt_20150731_f17_v1.1_n.bin']
North,2015,8,1,6.708,0, ['/ecs/DP1/PM/NSIDC-0051.001/2015.08.01/nt_20150801_f17_v1.1_n.bin']
North,2015,8,2,6.63,0, ['/ecs/DP1/PM/NSIDC-0051.001/2015.08.02/nt_20150802_f17_v1.1_n.bin']
North,2015,8,3,6.449,0, ['/ecs/DP1/PM/NSIDC-0051.001/2015.08.03/nt_20150803_f17_v1.1_n.bin']
North,2015,8,4,6.441,0, ['/ecs/DP1/PM/NSIDC-0051.001/2015.08.04/nt_20150804_f17_v1.1_n.bin']
North,2015,8,5,6.44,0, ['/ecs/DP1/PM/NSIDC-0051.001/2015.08.05/nt_20150805_f17_v1.1_n.bin']
North,2015,8,6,6.397,0, ['/ecs/DP1/PM/NSIDC-0051.001/2015.08.06/nt_20150806_f17_v1.1_n.bin']
North,2015,8,7,6.249,0, ['/ecs/DP1/PM/NSIDC-0051.001/2015.08.07/nt_20150807_f17_v1.1_n.bin']
North,2015,8,8,6.196,0, ['/ecs/DP1/PM/NSIDC-0051.001/2015.08.08/nt_20150808_f17_v1.1_n.bin']
North,2015,8,9,6.171,0, ['/ecs/DP1/PM/NSIDC-0051.001/2015.08.09/nt_20150809_f17_v1.1_n.bin']
North,2015,8,10,6.012,0, ['/ecs/DP1/PM/NSIDC-0051.001/2015.08.10/nt_20150810_f17_v1.1_n.bin']
North,2015,8,11,5.829,0, ['/ecs/DP1/PM/NSIDC-0051.001/2015.08.11/nt_20150811_f17_v1.1_n.bin']
North,2015,8,12,5.834,0, ['/ecs/DP1/PM/NSIDC-0051.001/2015.08.12/nt_20150812_f17_v1.1_n.bin']
North,2015,8,13,5.776,0, ['/ecs/DP1/PM/NSIDC-0051.001/2015.08.13/nt_20150813_f17_v1.1_n.bin']
North,2015,8,14,5.752,0, ['/ecs/DP1/PM/NSIDC-0051.001/2015.08.14/nt_20150814_f17_v1.1_n.bin']
North,2015,8,15,5.588,0, ['/ecs/DP1/PM/NSIDC-0051.001/2015.08.15/nt_20150815_f17_v1.1_n.bin']
North,2015,8,16,5.539,0, ['/ecs/DP1/PM/NSIDC-0051.001/2015.08.16/nt_20150816_f17_v1.1_n.bin']
North,2015,8,17,5.538,0, ['/ecs/DP1/PM/NSIDC-0051.001/2015.08.17/nt_20150817_f17_v1.1_n.bin']
North,2015,8,18,5.421,0, ['/ecs/DP1/PM/NSIDC-0051.001/2015.08.18/nt_20150818_f17_v1.1_n.bin']
North,2015,8,19,5.378,0, ['/ecs/DP1/PM/NSIDC-0051.001/2015.08.19/nt_20150819_f17_v1.1_n.bin']
North,2015,8,20,5.356,0, ['/ecs/DP1/PM/NSIDC-0051.001/2015.08.20/nt_20150820_f17_v1.1_n.bin']
North,2015,8,21,5.333,0, ['/ecs/DP1/PM/NSIDC-0051.001/2015.08.21/nt_20150821_f17_v1.1_n.bin']
North,2015,8,22,5.222,0, ['/ecs/DP1/PM/NSIDC-0051.001/2015.08.22/nt_20150822_f17_v1.1_n.bin']
North,2015,8,23,5.099,0, ['/ecs/DP1/PM/NSIDC-0051.001/2015.08.23/nt_20150823_f17_v1.1_n.bin']
North,2015,8,24,5.028,0, ['/ecs/DP1/PM/NSIDC-0051.001/2015.08.24/nt_20150824_f17_v1.1_n.bin']
North,2015,8,25,5.005,0, ['/ecs/DP1/PM/NSIDC-0051.001/2015.08.25/nt_20150825_f17_v1.1_n.bin']
North,2015,8,26,4.897,0, ['/ecs/DP1/PM/NSIDC-0051.001/2015.08.26/nt_20150826_f17_v1.1_n.bin']
North,2015,8,27,4.771,0, ['/ecs/DP1/PM/NSIDC-0051.001/2015.08.27/nt_20150827_f17_v1.1_n.bin']
North,2015,8,28,4.693,0, ['/ecs/DP1/PM/NSIDC-0051.001/2015.08.28/nt_20150828_f17_v1.1_n.bin']
North,2015,8,29,4.639,0, ['/ecs/DP1/PM/NSIDC-0051.001/2015.08.29/nt_20150829_f17_v1.1_n.bin']
North,2015,8,30,4.64,0, ['/ecs/DP1/PM/NSIDC-0051.001/2015.08.30/nt_20150830_f17_v1.1_n.bin']
North,2015,8,31,4.53,0, ['/ecs/DP1/PM/NSIDC-0051.001/2015.08.31/nt_20150831_f17_v1.1_n.bin']
North,2015,9,1,4.466,0, ['/ecs/DP1/PM/NSIDC-0051.001/2015.09.01/nt_20150901_f17_v1.1_n.bin']
North,2015,9,2,4.457,0, ['/ecs/DP1/PM/NSIDC-0051.001/2015.09.02/nt_20150902_f17_v1.1_n.bin']
North,2015,9,3,4.509,0, ['/ecs/DP1/PM/NSIDC-0051.001/2015.09.03/nt_20150903_f17_v1.1_n.bin']
North,2015,9,4,4.541,0, ['/ecs/DP1/PM/NSIDC-0051.001/2015.09.04/nt_20150904_f17_v1.1_n.bin']
North,2015,9,5,4.485,0, ['/ecs/DP1/PM/NSIDC-0051.001/2015.09.05/nt_20150905_f17_v1.1_n.bin']
North,2015,9,6,4.458,0, ['/ecs/DP1/PM/NSIDC-0051.001/2015.09.06/nt_20150906_f17_v1.1_n.bin']
North,2015,9,7,4.397,0, ['/ecs/DP1/PM/NSIDC-0051.001/2015.09.07/nt_20150907_f17_v1.1_n.bin']
North,2015,9,8,4.387,0, ['/ecs/DP1/PM/NSIDC-0051.001/2015.09.08/nt_20150908_f17_v1.1_n.bin']
North,2015,9,9,4.438,0, ['/ecs/DP1/PM/NSIDC-0051.001/2015.09.09/nt_20150909_f17_v1.1_n.bin']
North,2015,9,10,4.507,0, ['/ecs/DP1/PM/NSIDC-0051.001/2015.09.10/nt_20150910_f17_v1.1_n.bin']
North,2015,9,11,4.471,0, ['/ecs/DP1/PM/NSIDC-0051.001/2015.09.11/nt_20150911_f17_v1.1_n.bin']
North,2015,9,12,4.482,0, ['/ecs/DP1/PM/NSIDC-0051.001/2015.09.12/nt_20150912_f17_v1.1_n.bin']
North,2015,9,13,4.426,0, ['/ecs/DP1/PM/NSIDC-0051.001/2015.09.13/nt_20150913_f17_v1.1_n.bin']
North,2015,9,14,4.395,0, ['/ecs/DP1/PM/NSIDC-0051.001/2015.09.14/nt_20150914_f17_v1.1_n.bin']
North,2015,9,15,4.46,0, ['/ecs/DP1/PM/NSIDC-0051.001/2015.09.15/nt_20150915_f17_v1.1_n.bin']
North,2015,9,16,4.495,0, ['/ecs/DP1/PM/NSIDC-0051.001/2015.09.16/nt_20150916_f17_v1.1_n.bin']
North,2015,9,17,4.512,0, ['/ecs/DP1/PM/NSIDC-0051.001/2015.09.17/nt_20150917_f17_v1.1_n.bin']
North,2015,9,18,4.585,0, ['/ecs/DP1/PM/NSIDC-0051.001/2015.09.18/nt_20150918_f17_v1.1_n.bin']
North,2015,9,19,4.616,0, ['/ecs/DP1/PM/NSIDC-0051.001/2015.09.19/nt_20150919_f17_v1.1_n.bin']
North,2015,9,20,4.631,0, ['/ecs/DP1/PM/NSIDC-0051.001/2015.09.20/nt_20150920_f17_v1.1_n.bin']
North,2015,9,21,4.644,0, ['/ecs/DP1/PM/NSIDC-0051.001/2015.09.21/nt_20150921_f17_v1.1_n.bin']
North,2015,9,22,4.687,0, ['/ecs/DP1/PM/NSIDC-0051.001/2015.09.22/nt_20150922_f17_v1.1_n.bin']
North,2015,9,23,4.762,0, ['/ecs/DP1/PM/NSIDC-0051.001/2015.09.23/nt_20150923_f17_v1.1_n.bin']
North,2015,9,24,4.832,0, ['/ecs/DP1/PM/NSIDC-0051.001/2015.09.24/nt_20150924_f17_v1.1_n.bin']
North,2015,9,25,4.833,0, ['/ecs/DP1/PM/NSIDC-0051.001/2015.09.25/nt_20150925_f17_v1.1_n.bin']
North,2015,9,26,4.915,0, ['/ecs/DP1/PM/NSIDC-0051.001/2015.09.26/nt_20150926_f17_v1.1_n.bin']
North,2015,9,27,4.916,0, ['/ecs/DP1/PM/NSIDC-0051.001/2015.09.27/nt_20150927_f17_v1.1_n.bin']
North,2015,9,28,4.986,0, ['/ecs/DP1/PM/NSIDC-0051.001/2015.09.28/nt_20150928_f17_v1.1_n.bin']
North,2015,9,29,5.04,0, ['/ecs/DP1/PM/NSIDC-0051.001/2015.09.29/nt_20150929_f17_v1.1_n.bin']
North,2015,9,30,5.14,0, ['/ecs/DP1/PM/NSIDC-0051.001/2015.09.30/nt_20150930_f17_v1.1_n.bin']
North,2015,10,1,5.356,0, ['/ecs/DP1/PM/NSIDC-0051.001/2015.10.01/nt_20151001_f17_v1.1_n.bin']
North,2015,10,2,5.344,0, ['/ecs/DP1/PM/NSIDC-0051.001/2015.10.02/nt_20151002_f17_v1.1_n.bin']
North,2015,10,3,5.289,0, ['/ecs/DP1/PM/NSIDC-0051.001/2015.10.03/nt_20151003_f17_v1.1_n.bin']
North,2015,10,4,5.374,0, ['/ecs/DP1/PM/NSIDC-0051.001/2015.10.04/nt_20151004_f17_v1.1_n.bin']
North,2015,10,5,5.543,0, ['/ecs/DP1/PM/NSIDC-0051.001/2015.10.05/nt_20151005_f17_v1.1_n.bin']
North,2015,10,6,5.69,0, ['/ecs/DP1/PM/NSIDC-0051.001/2015.10.06/nt_20151006_f17_v1.1_n.bin']
North,2015,10,7,5.819,0, ['/ecs/DP1/PM/NSIDC-0051.001/2015.10.07/nt_20151007_f17_v1.1_n.bin']
North,2015,10,8,5.996,0, ['/ecs/DP1/PM/NSIDC-0051.001/2015.10.08/nt_20151008_f17_v1.1_n.bin']
North,2015,10,9,6.156,0, ['/ecs/DP1/PM/NSIDC-0051.001/2015.10.09/nt_20151009_f17_v1.1_n.bin']
North,2015,10,10,6.225,0, ['/ecs/DP1/PM/NSIDC-0051.001/2015.10.10/nt_20151010_f17_v1.1_n.bin']
North,2015,10,11,6.314,0, ['/ecs/DP1/PM/NSIDC-0051.001/2015.10.11/nt_20151011_f17_v1.1_n.bin']
North,2015,10,12,6.292,0, ['/ecs/DP1/PM/NSIDC-0051.001/2015.10.12/nt_20151012_f17_v1.1_n.bin']
North,2015,10,13,6.396,0, ['/ecs/DP1/PM/NSIDC-0051.001/2015.10.13/nt_20151013_f17_v1.1_n.bin']
North,2015,10,14,6.56,0, ['/ecs/DP1/PM/NSIDC-0051.001/2015.10.14/nt_20151014_f17_v1.1_n.bin']
North,2015,10,15,6.756,0, ['/ecs/DP1/PM/NSIDC-0051.001/2015.10.15/nt_20151015_f17_v1.1_n.bin']
North,2015,10,16,6.976,0, ['/ecs/DP1/PM/NSIDC-0051.001/2015.10.16/nt_20151016_f17_v1.1_n.bin']
North,2015,10,17,7.209,0, ['/ecs/DP1/PM/NSIDC-0051.001/2015.10.17/nt_20151017_f17_v1.1_n.bin']
North,2015,10,18,7.409,0, ['/ecs/DP1/PM/NSIDC-0051.001/2015.10.18/nt_20151018_f17_v1.1_n.bin']
North,2015,10,19,7.564,0, ['/ecs/DP1/PM/NSIDC-0051.001/2015.10.19/nt_20151019_f17_v1.1_n.bin']
North,2015,10,20,7.548,0, ['/ecs/DP1/PM/NSIDC-0051.001/2015.10.20/nt_20151020_f17_v1.1_n.bin']
North,2015,10,21,7.61,0, ['/ecs/DP1/PM/NSIDC-0051.001/2015.10.21/nt_20151021_f17_v1.1_n.bin']
North,2015,10,22,7.759,0, ['/ecs/DP1/PM/NSIDC-0051.001/2015.10.22/nt_20151022_f17_v1.1_n.bin']
North,2015,10,23,7.895,0, ['/ecs/DP1/PM/NSIDC-0051.001/2015.10.23/nt_20151023_f17_v1.1_n.bin']
North,2015,10,24,8.069,0, ['/ecs/DP1/PM/NSIDC-0051.001/2015.10.24/nt_20151024_f17_v1.1_n.bin']
North,2015,10,25,8.151,0, ['/ecs/DP1/PM/NSIDC-0051.001/2015.10.25/nt_20151025_f17_v1.1_n.bin']
North,2015,10,26,8.203,0, ['/ecs/DP1/PM/NSIDC-0051.001/2015.10.26/nt_20151026_f17_v1.1_n.bin']
North,2015,10,27,8.289,0, ['/ecs/DP1/PM/NSIDC-0051.001/2015.10.27/nt_20151027_f17_v1.1_n.bin']
North,2015,10,28,8.359,0, ['/ecs/DP1/PM/NSIDC-0051.001/2015.10.28/nt_20151028_f17_v1.1_n.bin']
North,2015,10,29,8.45,0, ['/ecs/DP1/PM/NSIDC-0051.001/2015.10.29/nt_20151029_f17_v1.1_n.bin']
North,2015,10,30,8.592,0, ['/ecs/DP1/PM/NSIDC-0051.001/2015.10.30/nt_20151030_f17_v1.1_n.bin']
North,2015,10,31,8.76,0, ['/ecs/DP1/PM/NSIDC-0051.001/2015.10.31/nt_20151031_f17_v1.1_n.bin']
North,2015,11,1,8.909,0, ['/ecs/DP1/PM/NSIDC-0051.001/2015.11.01/nt_20151101_f17_v1.1_n.bin']
North,2015,11,2,8.926,0, ['/ecs/DP1/PM/NSIDC-0051.001/2015.11.02/nt_20151102_f17_v1.1_n.bin']
North,2015,11,3,8.959,0, ['/ecs/DP1/PM/NSIDC-0051.001/2015.11.03/nt_20151103_f17_v1.1_n.bin']
North,2015,11,4,9.068,0, ['/ecs/DP1/PM/NSIDC-0051.001/2015.11.04/nt_20151104_f17_v1.1_n.bin']
North,2015,11,5,9.153,0, ['/ecs/DP1/PM/NSIDC-0051.001/2015.11.05/nt_20151105_f17_v1.1_n.bin']
North,2015,11,6,9.307,0, ['/ecs/DP1/PM/NSIDC-0051.001/2015.11.06/nt_20151106_f17_v1.1_n.bin']
North,2015,11,7,9.395,0, ['/ecs/DP1/PM/NSIDC-0051.001/2015.11.07/nt_20151107_f17_v1.1_n.bin']
North,2015,11,8,9.476,0, ['/ecs/DP1/PM/NSIDC-0051.001/2015.11.08/nt_20151108_f17_v1.1_n.bin']
North,2015,11,9,9.543,0, ['/ecs/DP1/PM/NSIDC-0051.001/2015.11.09/nt_20151109_f17_v1.1_n.bin']
North,2015,11,10,9.644,0, ['/ecs/DP1/PM/NSIDC-0051.001/2015.11.10/nt_20151110_f17_v1.1_n.bin']
North,2015,11,11,9.663,0, ['/ecs/DP1/PM/NSIDC-0051.001/2015.11.11/nt_20151111_f17_v1.1_n.bin']
North,2015,11,12,9.65,0, ['/ecs/DP1/PM/NSIDC-0051.001/2015.11.12/nt_20151112_f17_v1.1_n.bin']
North,2015,11,13,9.644,0, ['/ecs/DP1/PM/NSIDC-0051.001/2015.11.13/nt_20151113_f17_v1.1_n.bin']
North,2015,11,14,9.764,0, ['/ecs/DP1/PM/NSIDC-0051.001/2015.11.14/nt_20151114_f17_v1.1_n.bin']
North,2015,11,15,9.853,0, ['/ecs/DP1/PM/NSIDC-0051.001/2015.11.15/nt_20151115_f17_v1.1_n.bin']
North,2015,11,16,9.941,0, ['/ecs/DP1/PM/NSIDC-0051.001/2015.11.16/nt_20151116_f17_v1.1_n.bin']
North,2015,11,17,9.951,0, ['/ecs/DP1/PM/NSIDC-0051.001/2015.11.17/nt_20151117_f17_v1.1_n.bin']
North,2015,11,18,9.951,0, ['/ecs/DP1/PM/NSIDC-0051.001/2015.11.18/nt_20151118_f17_v1.1_n.bin']
North,2015,11,19,10.002,0, ['/ecs/DP1/PM/NSIDC-0051.001/2015.11.19/nt_20151119_f17_v1.1_n.bin']
North,2015,11,20,9.98,0, ['/ecs/DP1/PM/NSIDC-0051.001/2015.11.20/nt_20151120_f17_v1.1_n.bin']
North,2015,11,21,9.946,0, ['/ecs/DP1/PM/NSIDC-0051.001/2015.11.21/nt_20151121_f17_v1.1_n.bin']
North,2015,11,22,10.027,0, ['/ecs/DP1/PM/NSIDC-0051.001/2015.11.22/nt_20151122_f17_v1.1_n.bin']
North,2015,11,23,10.153,0, ['/ecs/DP1/PM/NSIDC-0051.001/2015.11.23/nt_20151123_f17_v1.1_n.bin']
North,2015,11,24,10.281,0, ['/ecs/DP1/PM/NSIDC-0051.001/2015.11.24/nt_20151124_f17_v1.1_n.bin']
North,2015,11,25,10.382,0, ['/ecs/DP1/PM/NSIDC-0051.001/2015.11.25/nt_20151125_f17_v1.1_n.bin']
North,2015,11,26,10.564,0, ['/ecs/DP1/PM/NSIDC-0051.001/2015.11.26/nt_20151126_f17_v1.1_n.bin']
North,2015,11,27,10.754,0, ['/ecs/DP1/PM/NSIDC-0051.001/2015.11.27/nt_20151127_f17_v1.1_n.bin']
North,2015,11,28,10.824,0, ['/ecs/DP1/PM/NSIDC-0051.001/2015.11.28/nt_20151128_f17_v1.1_n.bin']
North,2015,11,29,10.846,0, ['/ecs/DP1/PM/NSIDC-0051.001/2015.11.29/nt_20151129_f17_v1.1_n.bin']
North,2015,11,30,10.829,0, ['/ecs/DP1/PM/NSIDC-0051.001/2015.11.30/nt_20151130_f17_v1.1_n.bin']
North,2015,12,1,11.064,0, ['/ecs/DP1/PM/NSIDC-0051.001/2015.12.01/nt_20151201_f17_v1.1_n.bin']
North,2015,12,2,11.135,0, ['/ecs/DP1/PM/NSIDC-0051.001/2015.12.02/nt_20151202_f17_v1.1_n.bin']
North,2015,12,3,11.223,0, ['/ecs/DP1/PM/NSIDC-0051.001/2015.12.03/nt_20151203_f17_v1.1_n.bin']
North,2015,12,4,11.296,0, ['/ecs/DP1/PM/NSIDC-0051.001/2015.12.04/nt_20151204_f17_v1.1_n.bin']
North,2015,12,5,11.301,0, ['/ecs/DP1/PM/NSIDC-0051.001/2015.12.05/nt_20151205_f17_v1.1_n.bin']
North,2015,12,6,11.372,0, ['/ecs/DP1/PM/NSIDC-0051.001/2015.12.06/nt_20151206_f17_v1.1_n.bin']
North,2015,12,7,11.447,0, ['/ecs/DP1/PM/NSIDC-0051.001/2015.12.07/nt_20151207_f17_v1.1_n.bin']
North,2015,12,8,11.542,0, ['/ecs/DP1/PM/NSIDC-0051.001/2015.12.08/nt_20151208_f17_v1.1_n.bin']
North,2015,12,9,11.591,0, ['/ecs/DP1/PM/NSIDC-0051.001/2015.12.09/nt_20151209_f17_v1.1_n.bin']
North,2015,12,10,11.739,0, ['/ecs/DP1/PM/NSIDC-0051.001/2015.12.10/nt_20151210_f17_v1.1_n.bin']
North,2015,12,11,11.814,0, ['/ecs/DP1/PM/NSIDC-0051.001/2015.12.11/nt_20151211_f17_v1.1_n.bin']
North,2015,12,12,11.871,0, ['/ecs/DP1/PM/NSIDC-0051.001/2015.12.12/nt_20151212_f17_v1.1_n.bin']
North,2015,12,13,11.987,0, ['/ecs/DP1/PM/NSIDC-0051.001/2015.12.13/nt_20151213_f17_v1.1_n.bin']
North,2015,12,14,12.019,0, ['/ecs/DP1/PM/NSIDC-0051.001/2015.12.14/nt_20151214_f17_v1.1_n.bin']
North,2015,12,15,12.112,0, ['/ecs/DP1/PM/NSIDC-0051.001/2015.12.15/nt_20151215_f17_v1.1_n.bin']
North,2015,12,16,12.116,0, ['/ecs/DP1/PM/NSIDC-0051.001/2015.12.16/nt_20151216_f17_v1.1_n.bin']
North,2015,12,17,12.169,0, ['/ecs/DP1/PM/NSIDC-0051.001/2015.12.17/nt_20151217_f17_v1.1_n.bin']
North,2015,12,18,12.249,0, ['/ecs/DP1/PM/NSIDC-0051.001/2015.12.18/nt_20151218_f17_v1.1_n.bin']
North,2015,12,19,12.303,0, ['/ecs/DP1/PM/NSIDC-0051.001/2015.12.19/nt_20151219_f17_v1.1_n.bin']
North,2015,12,20,12.299,0, ['/ecs/DP1/PM/NSIDC-0051.001/2015.12.20/nt_20151220_f17_v1.1_n.bin']
North,2015,12,21,12.411,0, ['/ecs/DP1/PM/NSIDC-0051.001/2015.12.21/nt_20151221_f17_v1.1_n.bin']
North,2015,12,22,12.381,0, ['/ecs/DP1/PM/NSIDC-0051.001/2015.12.22/nt_20151222_f17_v1.1_n.bin']
North,2015,12,23,12.407,0, ['/ecs/DP1/PM/NSIDC-0051.001/2015.12.23/nt_20151223_f17_v1.1_n.bin']
North,2015,12,24,12.507,0, ['/ecs/DP1/PM/NSIDC-0051.001/2015.12.24/nt_20151224_f17_v1.1_n.bin']
North,2015,12,25,12.661,0, ['/ecs/DP1/PM/NSIDC-0051.001/2015.12.25/nt_20151225_f17_v1.1_n.bin']
North,2015,12,26,12.65,0, ['/ecs/DP1/PM/NSIDC-0051.001/2015.12.26/nt_20151226_f17_v1.1_n.bin']
North,2015,12,27,12.68,0, ['/ecs/DP1/PM/NSIDC-0051.001/2015.12.27/nt_20151227_f17_v1.1_n.bin']
North,2015,12,28,12.745,0, ['/ecs/DP1/PM/NSIDC-0051.001/2015.12.28/nt_20151228_f17_v1.1_n.bin']
North,2015,12,29,12.762,0, ['/ecs/DP1/PM/NSIDC-0051.001/2015.12.29/nt_20151229_f17_v1.1_n.bin']
North,2015,12,30,12.8,0, ['/ecs/DP1/PM/NSIDC-0051.001/2015.12.30/nt_20151230_f17_v1.1_n.bin']
North,2015,12,31,12.735,0, ['/ecs/DP1/PM/NSIDC-0051.001/2015.12.31/nt_20151231_f17_v1.1_n.bin']
North,2016,1,1,12.721,0, ['/ecs/DP1/PM/NSIDC-0051.001/2016.01.01/nt_20160101_f17_v1.1_n.bin']
North,2016,1,2,12.806,0, ['/ecs/DP1/PM/NSIDC-0051.001/2016.01.02/nt_20160102_f17_v1.1_n.bin']
North,2016,1,3,12.79,0, ['/ecs/DP1/PM/NSIDC-0051.001/2016.01.03/nt_20160103_f17_v1.1_n.bin']
North,2016,1,4,12.829,0, ['/ecs/DP1/PM/NSIDC-0051.001/2016.01.04/nt_20160104_f17_v1.1_n.bin']
North,2016,1,5,12.874,0, ['/ecs/DP1/PM/NSIDC-0051.001/2016.01.05/nt_20160105_f17_v1.1_n.bin']
North,2016,1,6,13.039,0, ['/ecs/DP1/PM/NSIDC-0051.001/2016.01.06/nt_20160106_f17_v1.1_n.bin']
North,2016,1,7,13.079,0, ['/ecs/DP1/PM/NSIDC-0051.001/2016.01.07/nt_20160107_f17_v1.1_n.bin']
North,2016,1,8,13.101,0, ['/ecs/DP1/PM/NSIDC-0051.001/2016.01.08/nt_20160108_f17_v1.1_n.bin']
North,2016,1,9,13.186,0, ['/ecs/DP1/PM/NSIDC-0051.001/2016.01.09/nt_20160109_f17_v1.1_n.bin']
North,2016,1,10,13.387,0, ['/ecs/DP1/PM/NSIDC-0051.001/2016.01.10/nt_20160110_f17_v1.1_n.bin']
North,2016,1,11,13.493,0, ['/ecs/DP1/PM/NSIDC-0051.001/2016.01.11/nt_20160111_f17_v1.1_n.bin']
North,2016,1,12,13.41,0, ['/ecs/DP1/PM/NSIDC-0051.001/2016.01.12/nt_20160112_f17_v1.1_n.bin']
North,2016,1,13,13.57,0, ['/ecs/DP1/PM/NSIDC-0051.001/2016.01.13/nt_20160113_f17_v1.1_n.bin']
North,2016,1,14,13.499,0, ['/ecs/DP1/PM/NSIDC-0051.001/2016.01.14/nt_20160114_f17_v1.1_n.bin']
North,2016,1,15,13.512,0, ['/ecs/DP1/PM/NSIDC-0051.001/2016.01.15/nt_20160115_f17_v1.1_n.bin']
North,2016,1,16,13.545,0, ['/ecs/DP1/PM/NSIDC-0051.001/2016.01.16/nt_20160116_f17_v1.1_n.bin']
North,2016,1,17,13.58,0, ['/ecs/DP1/PM/NSIDC-0051.001/2016.01.17/nt_20160117_f17_v1.1_n.bin']
North,2016,1,18,13.644,0, ['/ecs/DP1/PM/NSIDC-0051.001/2016.01.18/nt_20160118_f17_v1.1_n.bin']
North,2016,1,19,13.63,0, ['/ecs/DP1/PM/NSIDC-0051.001/2016.01.19/nt_20160119_f17_v1.1_n.bin']
North,2016,1,20,13.677,0, ['/ecs/DP1/PM/NSIDC-0051.001/2016.01.20/nt_20160120_f17_v1.1_n.bin']
North,2016,1,21,13.737,0, ['/ecs/DP1/PM/NSIDC-0051.001/2016.01.21/nt_20160121_f17_v1.1_n.bin']
North,2016,1,22,13.704,0, ['/ecs/DP1/PM/NSIDC-0051.001/2016.01.22/nt_20160122_f17_v1.1_n.bin']
North,2016,1,23,13.684,0, ['/ecs/DP1/PM/NSIDC-0051.001/2016.01.23/nt_20160123_f17_v1.1_n.bin']
North,2016,1,24,13.738,0, ['/ecs/DP1/PM/NSIDC-0051.001/2016.01.24/nt_20160124_f17_v1.1_n.bin']
North,2016,1,25,13.751,0, ['/ecs/DP1/PM/NSIDC-0051.001/2016.01.25/nt_20160125_f17_v1.1_n.bin']
North,2016,1,26,13.819,0, ['/ecs/DP1/PM/NSIDC-0051.001/2016.01.26/nt_20160126_f17_v1.1_n.bin']
North,2016,1,27,13.816,0, ['/ecs/DP1/PM/NSIDC-0051.001/2016.01.27/nt_20160127_f17_v1.1_n.bin']
North,2016,1,28,13.85,0, ['/ecs/DP1/PM/NSIDC-0051.001/2016.01.28/nt_20160128_f17_v1.1_n.bin']
North,2016,1,29,13.904,0, ['/ecs/DP1/PM/NSIDC-0051.001/2016.01.29/nt_20160129_f17_v1.1_n.bin']
North,2016,1,30,13.895,0, ['/ecs/DP1/PM/NSIDC-0051.001/2016.01.30/nt_20160130_f17_v1.1_n.bin']
North,2016,1,31,13.89,0, ['/ecs/DP1/PM/NSIDC-0051.001/2016.01.31/nt_20160131_f17_v1.1_n.bin']
North,2016,2,1,13.926,0, ['/ecs/DP1/PM/NSIDC-0051.001/2016.02.01/nt_20160201_f17_v1.1_n.bin']
North,2016,2,2,13.954,0, ['/ecs/DP1/PM/NSIDC-0051.001/2016.02.02/nt_20160202_f17_v1.1_n.bin']
North,2016,2,3,13.981,0, ['/ecs/DP1/PM/NSIDC-0051.001/2016.02.03/nt_20160203_f17_v1.1_n.bin']
North,2016,2,4,14.025,0, ['/ecs/DP1/PM/NSIDC-0051.001/2016.02.04/nt_20160204_f17_v1.1_n.bin']
North,2016,2,5,14.071,0, ['/ecs/DP1/PM/NSIDC-0051.001/2016.02.05/nt_20160205_f17_v1.1_n.bin']
North,2016,2,6,14.179,0, ['/ecs/DP1/PM/NSIDC-0051.001/2016.02.06/nt_20160206_f17_v1.1_n.bin']
North,2016,2,7,14.173,0, ['/ecs/DP1/PM/NSIDC-0051.001/2016.02.07/nt_20160207_f17_v1.1_n.bin']
North,2016,2,8,14.286,0, ['/ecs/DP1/PM/NSIDC-0051.001/2016.02.08/nt_20160208_f17_v1.1_n.bin']
North,2016,2,9,14.258,0, ['/ecs/DP1/PM/NSIDC-0051.001/2016.02.09/nt_20160209_f17_v1.1_n.bin']
North,2016,2,10,14.118,0, ['/ecs/DP1/PM/NSIDC-0051.001/2016.02.10/nt_20160210_f17_v1.1_n.bin']
North,2016,2,11,14.07,0, ['/ecs/DP1/PM/NSIDC-0051.001/2016.02.11/nt_20160211_f17_v1.1_n.bin']
North,2016,2,12,14.146,0, ['/ecs/DP1/PM/NSIDC-0051.001/2016.02.12/nt_20160212_f17_v1.1_n.bin']
North,2016,2,13,14.198,0, ['/ecs/DP1/PM/NSIDC-0051.001/2016.02.13/nt_20160213_f17_v1.1_n.bin']
North,2016,2,14,14.19,0, ['/ecs/DP1/PM/NSIDC-0051.001/2016.02.14/nt_20160214_f17_v1.1_n.bin']
North,2016,2,15,14.279,0, ['/ecs/DP1/PM/NSIDC-0051.001/2016.02.15/nt_20160215_f17_v1.1_n.bin']
North,2016,2,16,14.237,0, ['/ecs/DP1/PM/NSIDC-0051.001/2016.02.16/nt_20160216_f17_v1.1_n.bin']
North,2016,2,17,14.182,0, ['/ecs/DP1/PM/NSIDC-0051.001/2016.02.17/nt_20160217_f17_v1.1_n.bin']
North,2016,2,18,14.137,0, ['/ecs/DP1/PM/NSIDC-0051.001/2016.02.18/nt_20160218_f17_v1.1_n.bin']
North,2016,2,19,14.161,0, ['/ecs/DP1/PM/NSIDC-0051.001/2016.02.19/nt_20160219_f17_v1.1_n.bin']
North,2016,2,20,14.193,0, ['/ecs/DP1/PM/NSIDC-0051.001/2016.02.20/nt_20160220_f17_v1.1_n.bin']
North,2016,2,21,14.2,0, ['/ecs/DP1/PM/NSIDC-0051.001/2016.02.21/nt_20160221_f17_v1.1_n.bin']
North,2016,2,22,14.151,0, ['/ecs/DP1/PM/NSIDC-0051.001/2016.02.22/nt_20160222_f17_v1.1_n.bin']
North,2016,2,23,14.195,0, ['/ecs/DP1/PM/NSIDC-0051.001/2016.02.23/nt_20160223_f17_v1.1_n.bin']
North,2016,2,24,14.316,0, ['/ecs/DP1/PM/NSIDC-0051.001/2016.02.24/nt_20160224_f17_v1.1_n.bin']
North,2016,2,25,14.358,0, ['/ecs/DP1/PM/NSIDC-0051.001/2016.02.25/nt_20160225_f17_v1.1_n.bin']
North,2016,2,26,14.404,0, ['/ecs/DP1/PM/NSIDC-0051.001/2016.02.26/nt_20160226_f17_v1.1_n.bin']
North,2016,2,27,14.426,0, ['/ecs/DP1/PM/NSIDC-0051.001/2016.02.27/nt_20160227_f17_v1.1_n.bin']
North,2016,2,28,14.524,0, ['/ecs/DP1/PM/NSIDC-0051.001/2016.02.28/nt_20160228_f17_v1.1_n.bin']
North,2016,2,29,14.541,0, ['/ecs/DP1/PM/NSIDC-0051.001/2016.02.29/nt_20160229_f17_v1.1_n.bin']
North,2016,3,1,14.427,0, ['/ecs/DP1/PM/NSIDC-0051.001/2016.03.01/nt_20160301_f17_v1.1_n.bin']
North,2016,3,2,14.418,0, ['/ecs/DP1/PM/NSIDC-0051.001/2016.03.02/nt_20160302_f17_v1.1_n.bin']
North,2016,3,3,14.354,0, ['/ecs/DP1/PM/NSIDC-0051.001/2016.03.03/nt_20160303_f17_v1.1_n.bin']
North,2016,3,4,14.312,0, ['/ecs/DP1/PM/NSIDC-0051.001/2016.03.04/nt_20160304_f17_v1.1_n.bin']
North,2016,3,5,14.322,0, ['/ecs/DP1/PM/NSIDC-0051.001/2016.03.05/nt_20160305_f17_v1.1_n.bin']
North,2016,3,6,14.348,0, ['/ecs/DP1/PM/NSIDC-0051.001/2016.03.06/nt_20160306_f17_v1.1_n.bin']
North,2016,3,7,14.404,0, ['/ecs/DP1/PM/NSIDC-0051.001/2016.03.07/nt_20160307_f17_v1.1_n.bin']
North,2016,3,8,14.397,0, ['/ecs/DP1/PM/NSIDC-0051.001/2016.03.08/nt_20160308_f17_v1.1_n.bin']
North,2016,3,9,14.39,0, ['/ecs/DP1/PM/NSIDC-0051.001/2016.03.09/nt_20160309_f17_v1.1_n.bin']
North,2016,3,10,14.354,0, ['/ecs/DP1/PM/NSIDC-0051.001/2016.03.10/nt_20160310_f17_v1.1_n.bin']
North,2016,3,11,14.408,0, ['/ecs/DP1/PM/NSIDC-0051.001/2016.03.11/nt_20160311_f17_v1.1_n.bin']
North,2016,3,12,14.379,0, ['/ecs/DP1/PM/NSIDC-0051.001/2016.03.12/nt_20160312_f17_v1.1_n.bin']
North,2016,3,13,14.432,0, ['/ecs/DP1/PM/NSIDC-0051.001/2016.03.13/nt_20160313_f17_v1.1_n.bin']
North,2016,3,14,14.375,0, ['/ecs/DP1/PM/NSIDC-0051.001/2016.03.14/nt_20160314_f17_v1.1_n.bin']
North,2016,3,15,14.518,0, ['/ecs/DP1/PM/NSIDC-0051.001/2016.03.15/nt_20160315_f17_v1.1_n.bin']
North,2016,3,16,14.47,0, ['/ecs/DP1/PM/NSIDC-0051.001/2016.03.16/nt_20160316_f17_v1.1_n.bin']
North,2016,3,17,14.464,0, ['/ecs/DP1/PM/NSIDC-0051.001/2016.03.17/nt_20160317_f17_v1.1_n.bin']
North,2016,3,18,14.469,0, ['/ecs/DP1/PM/NSIDC-0051.001/2016.03.18/nt_20160318_f17_v1.1_n.bin']
North,2016,3,19,14.451,0, ['/ecs/DP1/PM/NSIDC-0051.001/2016.03.19/nt_20160319_f17_v1.1_n.bin']
North,2016,3,20,14.463,0, ['/ecs/DP1/PM/NSIDC-0051.001/2016.03.20/nt_20160320_f17_v1.1_n.bin']
North,2016,3,21,14.546,0, ['/ecs/DP1/PM/NSIDC-0051.001/2016.03.21/nt_20160321_f17_v1.1_n.bin']
North,2016,3,22,14.566,0, ['/ecs/DP1/PM/NSIDC-0051.001/2016.03.22/nt_20160322_f17_v1.1_n.bin']
North,2016,3,23,14.509,0, ['/ecs/DP1/PM/NSIDC-0051.001/2016.03.23/nt_20160323_f17_v1.1_n.bin']
North,2016,3,24,14.444,0, ['/ecs/DP1/PM/NSIDC-0051.001/2016.03.24/nt_20160324_f17_v1.1_n.bin']
North,2016,3,25,14.447,0, ['/ecs/DP1/PM/NSIDC-0051.001/2016.03.25/nt_20160325_f17_v1.1_n.bin']
North,2016,3,26,14.419,0, ['/ecs/DP1/PM/NSIDC-0051.001/2016.03.26/nt_20160326_f17_v1.1_n.bin']
North,2016,3,27,14.427,0, ['/ecs/DP1/PM/NSIDC-0051.001/2016.03.27/nt_20160327_f17_v1.1_n.bin']
North,2016,3,28,14.351,0, ['/ecs/DP1/PM/NSIDC-0051.001/2016.03.28/nt_20160328_f17_v1.1_n.bin']
North,2016,3,29,14.23,0, ['/ecs/DP1/PM/NSIDC-0051.001/2016.03.29/nt_20160329_f17_v1.1_n.bin']
North,2016,3,30,14.155,0, ['/ecs/DP1/PM/NSIDC-0051.001/2016.03.30/nt_20160330_f17_v1.1_n.bin']
North,2016,3,31,14.149,0, ['/ecs/DP1/PM/NSIDC-0051.001/2016.03.31/nt_20160331_f17_v1.1_n.bin']
North,2016,4,1,14.117,0, ['/ecs/DP1/PM/NSIDC-0051.001/2016.04.01/nt_20160401_f17_v1.1_n.bin']
North,2016,4,2,14.114,0, ['/ecs/DP1/PM/NSIDC-0051.001/2016.04.02/nt_20160402_f17_v1.1_n.bin']
North,2016,4,3,14.044,0, ['/ecs/DP1/PM/NSIDC-0051.001/2016.04.03/nt_20160403_f17_v1.1_n.bin']
North,2016,4,4,14.053,0, ['/ecs/DP1/PM/NSIDC-0051.001/2016.04.04/nt_20160404_f17_v1.1_n.bin']
North,2016,4,5,14.025,0, ['/ecs/DP1/PM/NSIDC-0051.001/2016.04.05/nt_20160405_f17_v1.1_n.bin']
North,2016,4,6,13.995,0, ['/ecs/DP1/PM/NSIDC-0051.001/2016.04.06/nt_20160406_f17_v1.1_n.bin']
North,2016,4,7,14.028,0, ['/ecs/DP1/PM/NSIDC-0051.001/2016.04.07/nt_20160407_f17_v1.1_n.bin']
North,2016,4,8,13.952,0, ['/ecs/DP1/PM/NSIDC-0051.001/2016.04.08/nt_20160408_f17_v1.1_n.bin']
North,2016,4,9,13.838,0, ['/ecs/DP1/PM/NSIDC-0051.001/2016.04.09/nt_20160409_f17_v1.1_n.bin']
North,2016,4,10,13.836,0, ['/ecs/DP1/PM/NSIDC-0051.001/2016.04.10/nt_20160410_f17_v1.1_n.bin']
North,2016,4,11,13.772,0, ['/ecs/DP1/PM/NSIDC-0051.001/2016.04.11/nt_20160411_f17_v1.1_n.bin']
North,2016,4,12,13.85,0, ['/ecs/DP1/PM/NSIDC-0051.001/2016.04.12/nt_20160412_f17_v1.1_n.bin']
North,2016,4,13,13.826,0, ['/ecs/DP1/PM/NSIDC-0051.001/2016.04.13/nt_20160413_f17_v1.1_n.bin']
North,2016,4,14,13.825,0, ['/ecs/DP1/PM/NSIDC-0051.001/2016.04.14/nt_20160414_f17_v1.1_n.bin']
North,2016,4,15,13.813,0, ['/ecs/DP1/PM/NSIDC-0051.001/2016.04.15/nt_20160415_f17_v1.1_n.bin']
North,2016,4,16,13.767,0, ['/ecs/DP1/PM/NSIDC-0051.001/2016.04.16/nt_20160416_f17_v1.1_n.bin']
North,2016,4,17,13.783,0, ['/ecs/DP1/PM/NSIDC-0051.001/2016.04.17/nt_20160417_f17_v1.1_n.bin']
North,2016,4,18,13.672,0, ['/ecs/DP1/PM/NSIDC-0051.001/2016.04.18/nt_20160418_f17_v1.1_n.bin']
North,2016,4,19,13.583,0, ['/ecs/DP1/PM/NSIDC-0051.001/2016.04.19/nt_20160419_f17_v1.1_n.bin']
North,2016,4,20,13.591,0, ['/ecs/DP1/PM/NSIDC-0051.001/2016.04.20/nt_20160420_f17_v1.1_n.bin']
North,2016,4,21,13.588,0, ['/ecs/DP1/PM/NSIDC-0051.001/2016.04.21/nt_20160421_f17_v1.1_n.bin']
North,2016,4,22,13.493,0, ['/ecs/DP1/PM/NSIDC-0051.001/2016.04.22/nt_20160422_f17_v1.1_n.bin']
North,2016,4,23,13.442,0, ['/ecs/DP1/PM/NSIDC-0051.001/2016.04.23/nt_20160423_f17_v1.1_n.bin']
North,2016,4,24,13.37,0, ['/ecs/DP1/PM/NSIDC-0051.001/2016.04.24/nt_20160424_f17_v1.1_n.bin']
North,2016,4,25,13.327,0, ['/ecs/DP1/PM/NSIDC-0051.001/2016.04.25/nt_20160425_f17_v1.1_n.bin']
North,2016,4,26,13.277,0, ['/ecs/DP1/PM/NSIDC-0051.001/2016.04.26/nt_20160426_f17_v1.1_n.bin']
North,2016,4,27,13.221,0, ['/ecs/DP1/PM/NSIDC-0051.001/2016.04.27/nt_20160427_f17_v1.1_n.bin']
North,2016,4,28,13.186,0, ['/ecs/DP1/PM/NSIDC-0051.001/2016.04.28/nt_20160428_f17_v1.1_n.bin']
North,2016,4,29,13.117,0, ['/ecs/DP1/PM/NSIDC-0051.001/2016.04.29/nt_20160429_f17_v1.1_n.bin']
North,2016,4,30,12.933,0, ['/ecs/DP1/PM/NSIDC-0051.001/2016.04.30/nt_20160430_f17_v1.1_n.bin']
North,2016,5,1,12.746,0, ['/ecs/DP1/PM/NSIDC-0051.001/2016.05.01/nt_20160501_f17_v1.1_n.bin']
North,2016,5,2,12.689,0, ['/ecs/DP1/PM/NSIDC-0051.001/2016.05.02/nt_20160502_f17_v1.1_n.bin']
North,2016,5,3,12.717,0, ['/ecs/DP1/PM/NSIDC-0051.001/2016.05.03/nt_20160503_f17_v1.1_n.bin']
North,2016,5,4,12.622,0, ['/ecs/DP1/PM/NSIDC-0051.001/2016.05.04/nt_20160504_f17_v1.1_n.bin']
North,2016,5,5,12.652,0, ['/ecs/DP1/PM/NSIDC-0051.001/2016.05.05/nt_20160505_f17_v1.1_n.bin']
North,2016,5,6,12.552,0, ['/ecs/DP1/PM/NSIDC-0051.001/2016.05.06/nt_20160506_f17_v1.1_n.bin']
North,2016,5,7,12.529,0, ['/ecs/DP1/PM/NSIDC-0051.001/2016.05.07/nt_20160507_f17_v1.1_n.bin']
North,2016,5,8,12.386,0, ['/ecs/DP1/PM/NSIDC-0051.001/2016.05.08/nt_20160508_f17_v1.1_n.bin']
North,2016,5,9,12.358,0, ['/ecs/DP1/PM/NSIDC-0051.001/2016.05.09/nt_20160509_f17_v1.1_n.bin']
North,2016,5,10,12.286,0, ['/ecs/DP1/PM/NSIDC-0051.001/2016.05.10/nt_20160510_f17_v1.1_n.bin']
North,2016,5,11,12.18,0, ['/ecs/DP1/PM/NSIDC-0051.001/2016.05.11/nt_20160511_f17_v1.1_n.bin']
North,2016,5,12,12.084,0, ['/ecs/DP1/PM/NSIDC-0051.001/2016.05.12/nt_20160512_f17_v1.1_n.bin']
North,2016,5,13,12.01,0, ['/ecs/DP1/PM/NSIDC-0051.001/2016.05.13/nt_20160513_f17_v1.1_n.bin']
North,2016,5,14,11.964,0, ['/ecs/DP1/PM/NSIDC-0051.001/2016.05.14/nt_20160514_f17_v1.1_n.bin']
North,2016,5,15,11.918,0, ['/ecs/DP1/PM/NSIDC-0051.001/2016.05.15/nt_20160515_f17_v1.1_n.bin']
North,2016,5,16,11.87,0, ['/ecs/DP1/PM/NSIDC-0051.001/2016.05.16/nt_20160516_f17_v1.1_n.bin']
North,2016,5,17,11.78,0, ['/ecs/DP1/PM/NSIDC-0051.001/2016.05.17/nt_20160517_f17_v1.1_n.bin']
North,2016,5,18,11.769,0, ['/ecs/DP1/PM/NSIDC-0051.001/2016.05.18/nt_20160518_f17_v1.1_n.bin']
North,2016,5,19,11.715,0, ['/ecs/DP1/PM/NSIDC-0051.001/2016.05.19/nt_20160519_f17_v1.1_n.bin']
North,2016,5,20,11.667,0, ['/ecs/DP1/PM/NSIDC-0051.001/2016.05.20/nt_20160520_f17_v1.1_n.bin']
North,2016,5,21,11.642,0, ['/ecs/DP1/PM/NSIDC-0051.001/2016.05.21/nt_20160521_f17_v1.1_n.bin']
North,2016,5,22,11.61,0, ['/ecs/DP1/PM/NSIDC-0051.001/2016.05.22/nt_20160522_f17_v1.1_n.bin']
North,2016,5,23,11.514,0, ['/ecs/DP1/PM/NSIDC-0051.001/2016.05.23/nt_20160523_f17_v1.1_n.bin']
North,2016,5,24,11.401,0, ['/ecs/DP1/PM/NSIDC-0051.001/2016.05.24/nt_20160524_f17_v1.1_n.bin']
North,2016,5,25,11.397,0, ['/ecs/DP1/PM/NSIDC-0051.001/2016.05.25/nt_20160525_f17_v1.1_n.bin']
North,2016,5,26,11.385,0, ['/ecs/DP1/PM/NSIDC-0051.001/2016.05.26/nt_20160526_f17_v1.1_n.bin']
North,2016,5,27,11.347,0, ['/ecs/DP1/PM/NSIDC-0051.001/2016.05.27/nt_20160527_f17_v1.1_n.bin']
North,2016,5,28,11.297,0, ['/ecs/DP1/PM/NSIDC-0051.001/2016.05.28/nt_20160528_f17_v1.1_n.bin']
North,2016,5,29,11.241,0, ['/ecs/DP1/PM/NSIDC-0051.001/2016.05.29/nt_20160529_f17_v1.1_n.bin']
North,2016,5,30,11.197,0, ['/ecs/DP1/PM/NSIDC-0051.001/2016.05.30/nt_20160530_f17_v1.1_n.bin']
North,2016,5,31,11.132,0, ['/ecs/DP1/PM/NSIDC-0051.001/2016.05.31/nt_20160531_f17_v1.1_n.bin']
North,2016,6,1,11.015,0, ['/ecs/DP1/PM/NSIDC-0051.001/2016.06.01/nt_20160601_f17_v1.1_n.bin']
North,2016,6,2,11.062,0, ['/ecs/DP1/PM/NSIDC-0051.001/2016.06.02/nt_20160602_f17_v1.1_n.bin']
North,2016,6,3,11.082,0, ['/ecs/DP1/PM/NSIDC-0051.001/2016.06.03/nt_20160603_f17_v1.1_n.bin']
North,2016,6,4,11.058,0, ['/ecs/DP1/PM/NSIDC-0051.001/2016.06.04/nt_20160604_f17_v1.1_n.bin']
North,2016,6,5,11.031,0, ['/ecs/DP1/PM/NSIDC-0051.001/2016.06.05/nt_20160605_f17_v1.1_n.bin']
North,2016,6,6,10.965,0, ['/ecs/DP1/PM/NSIDC-0051.001/2016.06.06/nt_20160606_f17_v1.1_n.bin']
North,2016,6,7,10.926,0, ['/ecs/DP1/PM/NSIDC-0051.001/2016.06.07/nt_20160607_f17_v1.1_n.bin']
North,2016,6,8,10.93,0, ['/ecs/DP1/PM/NSIDC-0051.001/2016.06.08/nt_20160608_f17_v1.1_n.bin']
North,2016,6,9,10.91,0, ['/ecs/DP1/PM/NSIDC-0051.001/2016.06.09/nt_20160609_f17_v1.1_n.bin']
North,2016,6,10,10.864,0, ['/ecs/DP1/PM/NSIDC-0051.001/2016.06.10/nt_20160610_f17_v1.1_n.bin']
North,2016,6,11,10.778,0, ['/ecs/DP1/PM/NSIDC-0051.001/2016.06.11/nt_20160611_f17_v1.1_n.bin']
North,2016,6,12,10.767,0, ['/ecs/DP1/PM/NSIDC-0051.001/2016.06.12/nt_20160612_f17_v1.1_n.bin']
North,2016,6,13,10.741,0, ['/ecs/DP1/PM/NSIDC-0051.001/2016.06.13/nt_20160613_f17_v1.1_n.bin']
North,2016,6,14,10.64,0, ['/ecs/DP1/PM/NSIDC-0051.001/2016.06.14/nt_20160614_f17_v1.1_n.bin']
North,2016,6,15,10.588,0, ['/ecs/DP1/PM/NSIDC-0051.001/2016.06.15/nt_20160615_f17_v1.1_n.bin']
North,2016,6,16,10.483,0, ['/ecs/DP1/PM/NSIDC-0051.001/2016.06.16/nt_20160616_f17_v1.1_n.bin']
North,2016,6,17,10.412,0, ['/ecs/DP1/PM/NSIDC-0051.001/2016.06.17/nt_20160617_f17_v1.1_n.bin']
North,2016,6,18,10.385,0, ['/ecs/DP1/PM/NSIDC-0051.001/2016.06.18/nt_20160618_f17_v1.1_n.bin']
North,2016,6,19,10.301,0, ['/ecs/DP1/PM/NSIDC-0051.001/2016.06.19/nt_20160619_f17_v1.1_n.bin']
North,2016,6,20,10.103,0, ['/ecs/DP1/PM/NSIDC-0051.001/2016.06.20/nt_20160620_f17_v1.1_n.bin']
North,2016,6,21,10.054,0, ['/ecs/DP1/PM/NSIDC-0051.001/2016.06.21/nt_20160621_f17_v1.1_n.bin']
North,2016,6,22,9.97,0, ['/ecs/DP1/PM/NSIDC-0051.001/2016.06.22/nt_20160622_f17_v1.1_n.bin']
North,2016,6,23,9.903,0, ['/ecs/DP1/PM/NSIDC-0051.001/2016.06.23/nt_20160623_f17_v1.1_n.bin']
North,2016,6,24,9.83,0, ['/ecs/DP1/PM/NSIDC-0051.001/2016.06.24/nt_20160624_f17_v1.1_n.bin']
North,2016,6,25,9.734,0, ['/ecs/DP1/PM/NSIDC-0051.001/2016.06.25/nt_20160625_f17_v1.1_n.bin']
North,2016,6,26,9.741,0, ['/ecs/DP1/PM/NSIDC-0051.001/2016.06.26/nt_20160626_f17_v1.1_n.bin']
North,2016,6,27,9.665,0, ['/ecs/DP1/PM/NSIDC-0051.001/2016.06.27/nt_20160627_f17_v1.1_n.bin']
North,2016,6,28,9.553,0, ['/ecs/DP1/PM/NSIDC-0051.001/2016.06.28/nt_20160628_f17_v1.1_n.bin']
North,2016,6,29,9.492,0, ['/ecs/DP1/PM/NSIDC-0051.001/2016.06.29/nt_20160629_f17_v1.1_n.bin']
North,2016,6,30,9.404,0, ['/ecs/DP1/PM/NSIDC-0051.001/2016.06.30/nt_20160630_f17_v1.1_n.bin']
North,2016,7,1,9.225,0, ['/ecs/DP1/PM/NSIDC-0051.001/2016.07.01/nt_20160701_f17_v1.1_n.bin']
North,2016,7,2,9.147,0, ['/ecs/DP1/PM/NSIDC-0051.001/2016.07.02/nt_20160702_f17_v1.1_n.bin']
North,2016,7,3,9.031,0, ['/ecs/DP1/PM/NSIDC-0051.001/2016.07.03/nt_20160703_f17_v1.1_n.bin']
North,2016,7,4,8.953,0, ['/ecs/DP1/PM/NSIDC-0051.001/2016.07.04/nt_20160704_f17_v1.1_n.bin']
North,2016,7,5,8.852,0, ['/ecs/DP1/PM/NSIDC-0051.001/2016.07.05/nt_20160705_f17_v1.1_n.bin']
North,2016,7,6,8.823,0, ['/ecs/DP1/PM/NSIDC-0051.001/2016.07.06/nt_20160706_f17_v1.1_n.bin']
North,2016,7,7,8.781,0, ['/ecs/DP1/PM/NSIDC-0051.001/2016.07.07/nt_20160707_f17_v1.1_n.bin']
North,2016,7,8,8.692,0, ['/ecs/DP1/PM/NSIDC-0051.001/2016.07.08/nt_20160708_f17_v1.1_n.bin']
North,2016,7,9,8.573,0, ['/ecs/DP1/PM/NSIDC-0051.001/2016.07.09/nt_20160709_f17_v1.1_n.bin']
North,2016,7,10,8.524,0, ['/ecs/DP1/PM/NSIDC-0051.001/2016.07.10/nt_20160710_f17_v1.1_n.bin']
North,2016,7,11,8.358,0, ['/ecs/DP1/PM/NSIDC-0051.001/2016.07.11/nt_20160711_f17_v1.1_n.bin']
North,2016,7,12,8.15,0, ['/ecs/DP1/PM/NSIDC-0051.001/2016.07.12/nt_20160712_f17_v1.1_n.bin']
North,2016,7,13,8.054,0, ['/ecs/DP1/PM/NSIDC-0051.001/2016.07.13/nt_20160713_f17_v1.1_n.bin']
North,2016,7,14,7.972,0, ['/ecs/DP1/PM/NSIDC-0051.001/2016.07.14/nt_20160714_f17_v1.1_n.bin']
North,2016,7,15,7.905,0, ['/ecs/DP1/PM/NSIDC-0051.001/2016.07.15/nt_20160715_f17_v1.1_n.bin']
North,2016,7,16,7.885,0, ['/ecs/DP1/PM/NSIDC-0051.001/2016.07.16/nt_20160716_f17_v1.1_n.bin']
North,2016,7,17,7.831,0, ['/ecs/DP1/PM/NSIDC-0051.001/2016.07.17/nt_20160717_f17_v1.1_n.bin']
North,2016,7,18,7.775,0, ['/ecs/DP1/PM/NSIDC-0051.001/2016.07.18/nt_20160718_f17_v1.1_n.bin']
North,2016,7,19,7.672,0, ['/ecs/DP1/PM/NSIDC-0051.001/2016.07.19/nt_20160719_f17_v1.1_n.bin']
North,2016,7,20,7.594,0, ['/ecs/DP1/PM/NSIDC-0051.001/2016.07.20/nt_20160720_f17_v1.1_n.bin']
North,2016,7,21,7.475,0, ['/ecs/DP1/PM/NSIDC-0051.001/2016.07.21/nt_20160721_f17_v1.1_n.bin']
North,2016,7,22,7.449,0, ['/ecs/DP1/PM/NSIDC-0051.001/2016.07.22/nt_20160722_f17_v1.1_n.bin']
North,2016,7,23,7.343,0, ['/ecs/DP1/PM/NSIDC-0051.001/2016.07.23/nt_20160723_f17_v1.1_n.bin']
North,2016,7,24,7.264,0, ['/ecs/DP1/PM/NSIDC-0051.001/2016.07.24/nt_20160724_f17_v1.1_n.bin']
North,2016,7,25,7.206,0, ['/ecs/DP1/PM/NSIDC-0051.001/2016.07.25/nt_20160725_f17_v1.1_n.bin']
North,2016,7,26,7.149,0, ['/ecs/DP1/PM/NSIDC-0051.001/2016.07.26/nt_20160726_f17_v1.1_n.bin']
North,2016,7,27,7.061,0, ['/ecs/DP1/PM/NSIDC-0051.001/2016.07.27/nt_20160727_f17_v1.1_n.bin']
North,2016,7,28,6.94,0, ['/ecs/DP1/PM/NSIDC-0051.001/2016.07.28/nt_20160728_f17_v1.1_n.bin']
North,2016,7,29,6.93,0, ['/ecs/DP1/PM/NSIDC-0051.001/2016.07.29/nt_20160729_f17_v1.1_n.bin']
North,2016,7,30,6.773,0, ['/ecs/DP1/PM/NSIDC-0051.001/2016.07.30/nt_20160730_f17_v1.1_n.bin']
North,2016,7,31,6.677,0, ['/ecs/DP1/PM/NSIDC-0051.001/2016.07.31/nt_20160731_f17_v1.1_n.bin']
North,2016,8,1,6.509,0, ['/ecs/DP1/PM/NSIDC-0051.001/2016.08.01/nt_20160801_f17_v1.1_n.bin']
North,2016,8,2,6.398,0, ['/ecs/DP1/PM/NSIDC-0051.001/2016.08.02/nt_20160802_f17_v1.1_n.bin']
North,2016,8,3,6.208,0, ['/ecs/DP1/PM/NSIDC-0051.001/2016.08.03/nt_20160803_f17_v1.1_n.bin']
North,2016,8,4,6.267,0, ['/ecs/DP1/PM/NSIDC-0051.001/2016.08.04/nt_20160804_f17_v1.1_n.bin']
North,2016,8,5,6.203,0, ['/ecs/DP1/PM/NSIDC-0051.001/2016.08.05/nt_20160805_f17_v1.1_n.bin']
North,2016,8,6,6.044,0, ['/ecs/DP1/PM/NSIDC-0051.001/2016.08.06/nt_20160806_f17_v1.1_n.bin']
North,2016,8,7,5.966,0, ['/ecs/DP1/PM/NSIDC-0051.001/2016.08.07/nt_20160807_f17_v1.1_n.bin']
North,2016,8,8,5.919,0, ['/ecs/DP1/PM/NSIDC-0051.001/2016.08.08/nt_20160808_f17_v1.1_n.bin']
North,2016,8,9,5.926,0, ['/ecs/DP1/PM/NSIDC-0051.001/2016.08.09/nt_20160809_f17_v1.1_n.bin']
North,2016,8,10,5.819,0, ['/ecs/DP1/PM/NSIDC-0051.001/2016.08.10/nt_20160810_f17_v1.1_n.bin']
North,2016,8,11,5.646,0, ['/ecs/DP1/PM/NSIDC-0051.001/2016.08.11/nt_20160811_f17_v1.1_n.bin']
North,2016,8,12,5.571,0, ['/ecs/DP1/PM/NSIDC-0051.001/2016.08.12/nt_20160812_f17_v1.1_n.bin']
North,2016,8,13,5.605,0, ['/ecs/DP1/PM/NSIDC-0051.001/2016.08.13/nt_20160813_f17_v1.1_n.bin']
North,2016,8,14,5.512,0, ['/ecs/DP1/PM/NSIDC-0051.001/2016.08.14/nt_20160814_f17_v1.1_n.bin']
North,2016,8,15,5.377,0, ['/ecs/DP1/PM/NSIDC-0051.001/2016.08.15/nt_20160815_f17_v1.1_n.bin']
North,2016,8,16,5.276,0, ['/ecs/DP1/PM/NSIDC-0051.001/2016.08.16/nt_20160816_f17_v1.1_n.bin']
North,2016,8,17,5.219,0, ['/ecs/DP1/PM/NSIDC-0051.001/2016.08.17/nt_20160817_f17_v1.1_n.bin']
North,2016,8,18,5.157,0, ['/ecs/DP1/PM/NSIDC-0051.001/2016.08.18/nt_20160818_f17_v1.1_n.bin']
North,2016,8,19,5.082,0, ['/ecs/DP1/PM/NSIDC-0051.001/2016.08.19/nt_20160819_f17_v1.1_n.bin']
North,2016,8,20,4.976,0, ['/ecs/DP1/PM/NSIDC-0051.001/2016.08.20/nt_20160820_f17_v1.1_n.bin']
North,2016,8,21,4.971,0, ['/ecs/DP1/PM/NSIDC-0051.001/2016.08.21/nt_20160821_f17_v1.1_n.bin']
North,2016,8,22,5.042,0, ['/ecs/DP1/PM/NSIDC-0051.001/2016.08.22/nt_20160822_f17_v1.1_n.bin']
North,2016,8,23,4.962,0, ['/ecs/DP1/PM/NSIDC-0051.001/2016.08.23/nt_20160823_f17_v1.1_n.bin']
North,2016,8,24,4.878,0, ['/ecs/DP1/PM/NSIDC-0051.001/2016.08.24/nt_20160824_f17_v1.1_n.bin']
North,2016,8,25,4.783,0, ['/ecs/DP1/PM/NSIDC-0051.001/2016.08.25/nt_20160825_f17_v1.1_n.bin']
North,2016,8,26,4.702,0, ['/ecs/DP1/PM/NSIDC-0051.001/2016.08.26/nt_20160826_f17_v1.1_n.bin']
North,2016,8,27,4.535,0, ['/ecs/DP1/PM/NSIDC-0051.001/2016.08.27/nt_20160827_f17_v1.1_n.bin']
North,2016,8,28,4.62,0, ['/ecs/DP1/PM/NSIDC-0051.001/2016.08.28/nt_20160828_f17_v1.1_n.bin']
North,2016,8,29,4.507,0, ['/ecs/DP1/PM/NSIDC-0051.001/2016.08.29/nt_20160829_f17_v1.1_n.bin']
North,2016,8,30,4.435,0, ['/ecs/DP1/PM/NSIDC-0051.001/2016.08.30/nt_20160830_f17_v1.1_n.bin']
North,2016,8,31,4.372,0, ['/ecs/DP1/PM/NSIDC-0051.001/2016.08.31/nt_20160831_f17_v1.1_n.bin']
North,2016,9,1,4.33,0, ['/ecs/DP1/PM/NSIDC-0051.001/2016.09.01/nt_20160901_f17_v1.1_n.bin']
North,2016,9,2,4.287,0, ['/ecs/DP1/PM/NSIDC-0051.001/2016.09.02/nt_20160902_f17_v1.1_n.bin']
North,2016,9,3,4.31,0, ['/ecs/DP1/PM/NSIDC-0051.001/2016.09.03/nt_20160903_f17_v1.1_n.bin']
North,2016,9,4,4.259,0, ['/ecs/DP1/PM/NSIDC-0051.001/2016.09.04/nt_20160904_f17_v1.1_n.bin']
North,2016,9,5,4.213,0, ['/ecs/DP1/PM/NSIDC-0051.001/2016.09.05/nt_20160905_f17_v1.1_n.bin']
North,2016,9,6,4.199,0, ['/ecs/DP1/PM/NSIDC-0051.001/2016.09.06/nt_20160906_f17_v1.1_n.bin']
North,2016,9,7,4.145,0, ['/ecs/DP1/PM/NSIDC-0051.001/2016.09.07/nt_20160907_f17_v1.1_n.bin']
North,2016,9,8,4.168,0, ['/ecs/DP1/PM/NSIDC-0051.001/2016.09.08/nt_20160908_f17_v1.1_n.bin']
North,2016,9,9,4.147,0, ['/ecs/DP1/PM/NSIDC-0051.001/2016.09.09/nt_20160909_f17_v1.1_n.bin']
North,2016,9,10,4.168,0, ['/ecs/DP1/PM/NSIDC-0051.001/2016.09.10/nt_20160910_f17_v1.1_n.bin']
North,2016,9,11,4.238,0, ['/ecs/DP1/PM/NSIDC-0051.001/2016.09.11/nt_20160911_f17_v1.1_n.bin']
North,2016,9,12,4.273,0, ['/ecs/DP1/PM/NSIDC-0051.001/2016.09.12/nt_20160912_f17_v1.1_n.bin']
North,2016,9,13,4.348,0, ['/ecs/DP1/PM/NSIDC-0051.001/2016.09.13/nt_20160913_f17_v1.1_n.bin']
North,2016,9,14,4.385,0, ['/ecs/DP1/PM/NSIDC-0051.001/2016.09.14/nt_20160914_f17_v1.1_n.bin']
North,2016,9,15,4.325,0, ['/ecs/DP1/PM/NSIDC-0051.001/2016.09.15/nt_20160915_f17_v1.1_n.bin']
North,2016,9,16,4.347,0, ['/ecs/DP1/PM/NSIDC-0051.001/2016.09.16/nt_20160916_f17_v1.1_n.bin']
North,2016,9,17,4.372,0, ['/ecs/DP1/PM/NSIDC-0051.001/2016.09.17/nt_20160917_f17_v1.1_n.bin']
North,2016,9,18,4.441,0, ['/ecs/DP1/PM/NSIDC-0051.001/2016.09.18/nt_20160918_f17_v1.1_n.bin']
North,2016,9,19,4.512,0, ['/ecs/DP1/PM/NSIDC-0051.001/2016.09.19/nt_20160919_f17_v1.1_n.bin']
North,2016,9,20,4.548,0, ['/ecs/DP1/PM/NSIDC-0051.001/2016.09.20/nt_20160920_f17_v1.1_n.bin']
North,2016,9,21,4.615,0, ['/ecs/DP1/PM/NSIDC-0051.001/2016.09.21/nt_20160921_f17_v1.1_n.bin']
North,2016,9,22,4.688,0, ['/ecs/DP1/PM/NSIDC-0051.001/2016.09.22/nt_20160922_f17_v1.1_n.bin']
North,2016,9,23,4.869,0, ['/ecs/DP1/PM/NSIDC-0051.001/2016.09.23/nt_20160923_f17_v1.1_n.bin']
North,2016,9,24,4.92,0, ['/ecs/DP1/PM/NSIDC-0051.001/2016.09.24/nt_20160924_f17_v1.1_n.bin']
North,2016,9,25,4.907,0, ['/ecs/DP1/PM/NSIDC-0051.001/2016.09.25/nt_20160925_f17_v1.1_n.bin']
North,2016,9,26,5.065,0, ['/ecs/DP1/PM/NSIDC-0051.001/2016.09.26/nt_20160926_f17_v1.1_n.bin']
North,2016,9,27,5.196,0, ['/ecs/DP1/PM/NSIDC-0051.001/2016.09.27/nt_20160927_f17_v1.1_n.bin']
North,2016,9,28,5.185,0, ['/ecs/DP1/PM/NSIDC-0051.001/2016.09.28/nt_20160928_f17_v1.1_n.bin']
North,2016,9,29,5.188,0, ['/ecs/DP1/PM/NSIDC-0051.001/2016.09.29/nt_20160929_f17_v1.1_n.bin']
North,2016,9,30,5.207,0, ['/ecs/DP1/PM/NSIDC-0051.001/2016.09.30/nt_20160930_f17_v1.1_n.bin']
North,2016,10,1,5.288,0, ['/ecs/DP1/PM/NSIDC-0051.001/2016.10.01/nt_20161001_f17_v1.1_n.bin']
North,2016,10,2,5.303,0, ['/ecs/DP1/PM/NSIDC-0051.001/2016.10.02/nt_20161002_f17_v1.1_n.bin']
North,2016,10,3,5.292,0, ['/ecs/DP1/PM/NSIDC-0051.001/2016.10.03/nt_20161003_f17_v1.1_n.bin']
North,2016,10,4,5.302,0, ['/ecs/DP1/PM/NSIDC-0051.001/2016.10.04/nt_20161004_f17_v1.1_n.bin']
North,2016,10,5,5.383,0, ['/ecs/DP1/PM/NSIDC-0051.001/2016.10.05/nt_20161005_f17_v1.1_n.bin']
North,2016,10,6,5.413,0, ['/ecs/DP1/PM/NSIDC-0051.001/2016.10.06/nt_20161006_f17_v1.1_n.bin']
North,2016,10,7,5.396,0, ['/ecs/DP1/PM/NSIDC-0051.001/2016.10.07/nt_20161007_f17_v1.1_n.bin']
North,2016,10,8,5.413,0, ['/ecs/DP1/PM/NSIDC-0051.001/2016.10.08/nt_20161008_f17_v1.1_n.bin']
North,2016,10,9,5.429,0, ['/ecs/DP1/PM/NSIDC-0051.001/2016.10.09/nt_20161009_f17_v1.1_n.bin']
North,2016,10,10,5.452,0, ['/ecs/DP1/PM/NSIDC-0051.001/2016.10.10/nt_20161010_f17_v1.1_n.bin']
North,2016,10,11,5.494,0, ['/ecs/DP1/PM/NSIDC-0051.001/2016.10.11/nt_20161011_f17_v1.1_n.bin']
North,2016,10,12,5.57,0, ['/ecs/DP1/PM/NSIDC-0051.001/2016.10.12/nt_20161012_f17_v1.1_n.bin']
North,2016,10,13,5.613,0, ['/ecs/DP1/PM/NSIDC-0051.001/2016.10.13/nt_20161013_f17_v1.1_n.bin']
North,2016,10,14,5.661,0, ['/ecs/DP1/PM/NSIDC-0051.001/2016.10.14/nt_20161014_f17_v1.1_n.bin']
North,2016,10,15,5.805,0, ['/ecs/DP1/PM/NSIDC-0051.001/2016.10.15/nt_20161015_f17_v1.1_n.bin']
North,2016,10,16,5.928,0, ['/ecs/DP1/PM/NSIDC-0051.001/2016.10.16/nt_20161016_f17_v1.1_n.bin']
North,2016,10,17,5.954,0, ['/ecs/DP1/PM/NSIDC-0051.001/2016.10.17/nt_20161017_f17_v1.1_n.bin']
North,2016,10,18,6.017,0, ['/ecs/DP1/PM/NSIDC-0051.001/2016.10.18/nt_20161018_f17_v1.1_n.bin']
North,2016,10,19,6.18,0, ['/ecs/DP1/PM/NSIDC-0051.001/2016.10.19/nt_20161019_f17_v1.1_n.bin']
North,2016,10,20,6.349,0, ['/ecs/DP1/PM/NSIDC-0051.001/2016.10.20/nt_20161020_f17_v1.1_n.bin']
North,2016,10,21,6.504,0, ['/ecs/DP1/PM/NSIDC-0051.001/2016.10.21/nt_20161021_f17_v1.1_n.bin']
North,2016,10,22,6.636,0, ['/ecs/DP1/PM/NSIDC-0051.001/2016.10.22/nt_20161022_f17_v1.1_n.bin']
North,2016,10,23,6.75,0, ['/ecs/DP1/PM/NSIDC-0051.001/2016.10.23/nt_20161023_f17_v1.1_n.bin']
North,2016,10,24,6.87,0, ['/ecs/DP1/PM/NSIDC-0051.001/2016.10.24/nt_20161024_f17_v1.1_n.bin']
North,2016,10,25,7,0, ['/ecs/DP1/PM/NSIDC-0051.001/2016.10.25/nt_20161025_f17_v1.1_n.bin']
North,2016,10,26,7.005,0, ['/ecs/DP1/PM/NSIDC-0051.001/2016.10.26/nt_20161026_f17_v1.1_n.bin']
North,2016,10,27,7.068,0, ['/ecs/DP1/PM/NSIDC-0051.001/2016.10.27/nt_20161027_f17_v1.1_n.bin']
North,2016,10,28,7.12,0, ['/ecs/DP1/PM/NSIDC-0051.001/2016.10.28/nt_20161028_f17_v1.1_n.bin']
North,2016,10,29,7.125,0, ['/ecs/DP1/PM/NSIDC-0051.001/2016.10.29/nt_20161029_f17_v1.1_n.bin']
North,2016,10,30,7.105,0, ['/ecs/DP1/PM/NSIDC-0051.001/2016.10.30/nt_20161030_f17_v1.1_n.bin']
North,2016,10,31,7.106,0, ['/ecs/DP1/PM/NSIDC-0051.001/2016.10.31/nt_20161031_f17_v1.1_n.bin']
North,2016,11,1,7.219,0, ['/ecs/DP1/PM/NSIDC-0051.001/2016.11.01/nt_20161101_f17_v1.1_n.bin']
North,2016,11,2,7.424,0, ['/ecs/DP1/PM/NSIDC-0051.001/2016.11.02/nt_20161102_f17_v1.1_n.bin']
North,2016,11,3,7.558,0, ['/ecs/DP1/PM/NSIDC-0051.001/2016.11.03/nt_20161103_f17_v1.1_n.bin']
North,2016,11,4,7.675,0, ['/ecs/DP1/PM/NSIDC-0051.001/2016.11.04/nt_20161104_f17_v1.1_n.bin']
North,2016,11,5,7.862,0, ['/ecs/DP1/PM/NSIDC-0051.001/2016.11.05/nt_20161105_f17_v1.1_n.bin']
North,2016,11,6,8.029,0, ['/ecs/DP1/PM/NSIDC-0051.001/2016.11.06/nt_20161106_f17_v1.1_n.bin']
North,2016,11,7,8.168,0, ['/ecs/DP1/PM/NSIDC-0051.001/2016.11.07/nt_20161107_f17_v1.1_n.bin']
North,2016,11,8,8.251,0, ['/ecs/DP1/PM/NSIDC-0051.001/2016.11.08/nt_20161108_f17_v1.1_n.bin']
North,2016,11,9,8.417,0, ['/ecs/DP1/PM/NSIDC-0051.001/2016.11.09/nt_20161109_f17_v1.1_n.bin']
North,2016,11,10,8.471,0, ['/ecs/DP1/PM/NSIDC-0051.001/2016.11.10/nt_20161110_f17_v1.1_n.bin']
North,2016,11,11,8.56,0, ['/ecs/DP1/PM/NSIDC-0051.001/2016.11.11/nt_20161111_f17_v1.1_n.bin']
North,2016,11,12,8.649,0, ['/ecs/DP1/PM/NSIDC-0051.001/2016.11.12/nt_20161112_f17_v1.1_n.bin']
North,2016,11,13,8.653,0, ['/ecs/DP1/PM/NSIDC-0051.001/2016.11.13/nt_20161113_f17_v1.1_n.bin']
North,2016,11,14,8.721,0, ['/ecs/DP1/PM/NSIDC-0051.001/2016.11.14/nt_20161114_f17_v1.1_n.bin']
North,2016,11,15,8.73,0, ['/ecs/DP1/PM/NSIDC-0051.001/2016.11.15/nt_20161115_f17_v1.1_n.bin']
North,2016,11,16,8.804,0, ['/ecs/DP1/PM/NSIDC-0051.001/2016.11.16/nt_20161116_f17_v1.1_n.bin']
North,2016,11,17,8.698,0, ['/ecs/DP1/PM/NSIDC-0051.001/2016.11.17/nt_20161117_f17_v1.1_n.bin']
North,2016,11,18,8.585,0, ['/ecs/DP1/PM/NSIDC-0051.001/2016.11.18/nt_20161118_f17_v1.1_n.bin']
North,2016,11,19,8.584,0, ['/ecs/DP1/PM/NSIDC-0051.001/2016.11.19/nt_20161119_f17_v1.1_n.bin']
North,2016,11,20,8.692,0, ['/ecs/DP1/PM/NSIDC-0051.001/2016.11.20/nt_20161120_f17_v1.1_n.bin']
North,2016,11,21,8.9,0, ['/ecs/DP1/PM/NSIDC-0051.001/2016.11.21/nt_20161121_f17_v1.1_n.bin']
North,2016,11,22,8.989,0, ['/ecs/DP1/PM/NSIDC-0051.001/2016.11.22/nt_20161122_f17_v1.1_n.bin']
North,2016,11,23,9.058,0, ['/ecs/DP1/PM/NSIDC-0051.001/2016.11.23/nt_20161123_f17_v1.1_n.bin']
North,2016,11,24,9.188,0, ['/ecs/DP1/PM/NSIDC-0051.001/2016.11.24/nt_20161124_f17_v1.1_n.bin']
North,2016,11,25,9.291,0, ['/ecs/DP1/PM/NSIDC-0051.001/2016.11.25/nt_20161125_f17_v1.1_n.bin']
North,2016,11,26,9.489,0, ['/ecs/DP1/PM/NSIDC-0051.001/2016.11.26/nt_20161126_f17_v1.1_n.bin']
North,2016,11,27,9.635,0, ['/ecs/DP1/PM/NSIDC-0051.001/2016.11.27/nt_20161127_f17_v1.1_n.bin']
North,2016,11,28,9.726,0, ['/ecs/DP1/PM/NSIDC-0051.001/2016.11.28/nt_20161128_f17_v1.1_n.bin']
North,2016,11,29,9.796,0, ['/ecs/DP1/PM/NSIDC-0051.001/2016.11.29/nt_20161129_f17_v1.1_n.bin']
North,2016,11,30,9.913,0, ['/ecs/DP1/PM/NSIDC-0051.001/2016.11.30/nt_20161130_f17_v1.1_n.bin']
North,2016,12,1,10.183,0, ['/ecs/DP1/PM/NSIDC-0051.001/2016.12.01/nt_20161201_f17_v1.1_n.bin']
North,2016,12,2,10.355,0, ['/ecs/DP1/PM/NSIDC-0051.001/2016.12.02/nt_20161202_f17_v1.1_n.bin']
North,2016,12,3,10.387,0, ['/ecs/DP1/PM/NSIDC-0051.001/2016.12.03/nt_20161203_f17_v1.1_n.bin']
North,2016,12,4,10.369,0, ['/ecs/DP1/PM/NSIDC-0051.001/2016.12.04/nt_20161204_f17_v1.1_n.bin']
North,2016,12,5,10.415,0, ['/ecs/DP1/PM/NSIDC-0051.001/2016.12.05/nt_20161205_f17_v1.1_n.bin']
North,2016,12,6,10.461,0, ['/ecs/DP1/PM/NSIDC-0051.001/2016.12.06/nt_20161206_f17_v1.1_n.bin']
North,2016,12,7,10.662,0, ['/ecs/DP1/PM/NSIDC-0051.001/2016.12.07/nt_20161207_f17_v1.1_n.bin']
North,2016,12,8,10.683,0, ['/ecs/DP1/PM/NSIDC-0051.001/2016.12.08/nt_20161208_f17_v1.1_n.bin']
North,2016,12,9,10.8,0, ['/ecs/DP1/PM/NSIDC-0051.001/2016.12.09/nt_20161209_f17_v1.1_n.bin']
North,2016,12,10,11.071,0, ['/ecs/DP1/PM/NSIDC-0051.001/2016.12.10/nt_20161210_f17_v1.1_n.bin']
North,2016,12,11,11.244,0, ['/ecs/DP1/PM/NSIDC-0051.001/2016.12.11/nt_20161211_f17_v1.1_n.bin']
North,2016,12,12,11.266,0, ['/ecs/DP1/PM/NSIDC-0051.001/2016.12.12/nt_20161212_f17_v1.1_n.bin']
North,2016,12,13,11.348,0, ['/ecs/DP1/PM/NSIDC-0051.001/2016.12.13/nt_20161213_f17_v1.1_n.bin']
North,2016,12,14,11.514,0, ['/ecs/DP1/PM/NSIDC-0051.001/2016.12.14/nt_20161214_f17_v1.1_n.bin']
North,2016,12,15,11.541,0, ['/ecs/DP1/PM/NSIDC-0051.001/2016.12.15/nt_20161215_f17_v1.1_n.bin']
North,2016,12,16,11.715,0, ['/ecs/DP1/PM/NSIDC-0051.001/2016.12.16/nt_20161216_f17_v1.1_n.bin']
North,2016,12,17,11.762,0, ['/ecs/DP1/PM/NSIDC-0051.001/2016.12.17/nt_20161217_f17_v1.1_n.bin']
North,2016,12,18,11.774,0, ['/ecs/DP1/PM/NSIDC-0051.001/2016.12.18/nt_20161218_f17_v1.1_n.bin']
North,2016,12,19,11.867,0, ['/ecs/DP1/PM/NSIDC-0051.001/2016.12.19/nt_20161219_f17_v1.1_n.bin']
North,2016,12,20,11.966,0, ['/ecs/DP1/PM/NSIDC-0051.001/2016.12.20/nt_20161220_f17_v1.1_n.bin']
North,2016,12,21,11.841,0, ['/ecs/DP1/PM/NSIDC-0051.001/2016.12.21/nt_20161221_f17_v1.1_n.bin']
North,2016,12,22,11.831,0, ['/ecs/DP1/PM/NSIDC-0051.001/2016.12.22/nt_20161222_f17_v1.1_n.bin']
North,2016,12,23,11.737,0, ['/ecs/DP1/PM/NSIDC-0051.001/2016.12.23/nt_20161223_f17_v1.1_n.bin']
North,2016,12,24,11.865,0, ['/ecs/DP1/PM/NSIDC-0051.001/2016.12.24/nt_20161224_f17_v1.1_n.bin']
North,2016,12,25,12.027,0, ['/ecs/DP1/PM/NSIDC-0051.001/2016.12.25/nt_20161225_f17_v1.1_n.bin']
North,2016,12,26,12.088,0, ['/ecs/DP1/PM/NSIDC-0051.001/2016.12.26/nt_20161226_f17_v1.1_n.bin']
North,2016,12,27,12.291,0, ['/ecs/DP1/PM/NSIDC-0051.001/2016.12.27/nt_20161227_f17_v1.1_n.bin']
North,2016,12,28,12.484,0, ['/ecs/DP1/PM/NSIDC-0051.001/2016.12.28/nt_20161228_f17_v1.1_n.bin']
North,2016,12,29,12.525,0, ['/ecs/DP1/PM/NSIDC-0051.001/2016.12.29/nt_20161229_f17_v1.1_n.bin']
North,2016,12,30,12.617,0, ['/ecs/DP1/PM/NSIDC-0051.001/2016.12.30/nt_20161230_f17_v1.1_n.bin']
North,2016,12,31,12.553,0, ['/ecs/DP1/PM/NSIDC-0051.001/2016.12.31/nt_20161231_f17_v1.1_n.bin']
North,2017,1,1,12.643,0, ['/ecs/DP1/PM/NSIDC-0051.001/2017.01.01/nt_20170101_f17_v1.1_n.bin']
North,2017,1,2,12.644,0, ['/ecs/DP1/PM/NSIDC-0051.001/2017.01.02/nt_20170102_f17_v1.1_n.bin']
North,2017,1,3,12.713,0, ['/ecs/DP1/PM/NSIDC-0051.001/2017.01.03/nt_20170103_f17_v1.1_n.bin']
North,2017,1,4,12.954,0, ['/ecs/DP1/PM/NSIDC-0051.001/2017.01.04/nt_20170104_f17_v1.1_n.bin']
North,2017,1,5,12.956,0, ['/ecs/DP1/PM/NSIDC-0051.001/2017.01.05/nt_20170105_f17_v1.1_n.bin']
North,2017,1,6,12.839,0, ['/ecs/DP1/PM/NSIDC-0051.001/2017.01.06/nt_20170106_f17_v1.1_n.bin']
North,2017,1,7,12.881,0, ['/ecs/DP1/PM/NSIDC-0051.001/2017.01.07/nt_20170107_f17_v1.1_n.bin']
North,2017,1,8,12.87,0, ['/ecs/DP1/PM/NSIDC-0051.001/2017.01.08/nt_20170108_f17_v1.1_n.bin']
North,2017,1,9,12.847,0, ['/ecs/DP1/PM/NSIDC-0051.001/2017.01.09/nt_20170109_f17_v1.1_n.bin']
North,2017,1,10,12.896,0, ['/ecs/DP1/PM/NSIDC-0051.001/2017.01.10/nt_20170110_f17_v1.1_n.bin']
North,2017,1,11,12.994,0, ['/ecs/DP1/PM/NSIDC-0051.001/2017.01.11/nt_20170111_f17_v1.1_n.bin']
North,2017,1,12,12.91,0, ['/ecs/DP1/PM/NSIDC-0051.001/2017.01.12/nt_20170112_f17_v1.1_n.bin']
North,2017,1,13,12.874,0, ['/ecs/DP1/PM/NSIDC-0051.001/2017.01.13/nt_20170113_f17_v1.1_n.bin']
North,2017,1,14,12.851,0, ['/ecs/DP1/PM/NSIDC-0051.001/2017.01.14/nt_20170114_f17_v1.1_n.bin']
North,2017,1,15,12.883,0, ['/ecs/DP1/PM/NSIDC-0051.001/2017.01.15/nt_20170115_f17_v1.1_n.bin']
North,2017,1,16,13.033,0, ['/ecs/DP1/PM/NSIDC-0051.001/2017.01.16/nt_20170116_f17_v1.1_n.bin']
North,2017,1,17,13.058,0, ['/ecs/DP1/PM/NSIDC-0051.001/2017.01.17/nt_20170117_f17_v1.1_n.bin']
North,2017,1,18,13.119,0, ['/ecs/DP1/PM/NSIDC-0051.001/2017.01.18/nt_20170118_f17_v1.1_n.bin']
North,2017,1,19,13.267,0, ['/ecs/DP1/PM/NSIDC-0051.001/2017.01.19/nt_20170119_f17_v1.1_n.bin']
North,2017,1,20,13.384,0, ['/ecs/DP1/PM/NSIDC-0051.001/2017.01.20/nt_20170120_f17_v1.1_n.bin']
North,2017,1,21,13.402,0, ['/ecs/DP1/PM/NSIDC-0051.001/2017.01.21/nt_20170121_f17_v1.1_n.bin']
North,2017,1,22,13.496,0, ['/ecs/DP1/PM/NSIDC-0051.001/2017.01.22/nt_20170122_f17_v1.1_n.bin']
North,2017,1,23,13.622,0, ['/ecs/DP1/PM/NSIDC-0051.001/2017.01.23/nt_20170123_f17_v1.1_n.bin']
North,2017,1,24,13.734,0, ['/ecs/DP1/PM/NSIDC-0051.001/2017.01.24/nt_20170124_f17_v1.1_n.bin']
North,2017,1,25,13.781,0, ['/ecs/DP1/PM/NSIDC-0051.001/2017.01.25/nt_20170125_f17_v1.1_n.bin']
North,2017,1,26,13.717,0, ['/ecs/DP1/PM/NSIDC-0051.001/2017.01.26/nt_20170126_f17_v1.1_n.bin']
North,2017,1,27,13.702,0, ['/ecs/DP1/PM/NSIDC-0051.001/2017.01.27/nt_20170127_f17_v1.1_n.bin']
North,2017,1,28,13.694,0, ['/ecs/DP1/PM/NSIDC-0051.001/2017.01.28/nt_20170128_f17_v1.1_n.bin']
North,2017,1,29,13.636,0, ['/ecs/DP1/PM/NSIDC-0051.001/2017.01.29/nt_20170129_f17_v1.1_n.bin']
North,2017,1,30,13.713,0, ['/ecs/DP1/PM/NSIDC-0051.001/2017.01.30/nt_20170130_f17_v1.1_n.bin']
North,2017,1,31,13.781,0, ['/ecs/DP1/PM/NSIDC-0051.001/2017.01.31/nt_20170131_f17_v1.1_n.bin']
North,2017,2,1,13.861,0, ['/ecs/DP1/PM/NSIDC-0051.001/2017.02.01/nt_20170201_f17_v1.1_n.bin']
North,2017,2,2,13.865,0, ['/ecs/DP1/PM/NSIDC-0051.001/2017.02.02/nt_20170202_f17_v1.1_n.bin']
North,2017,2,3,13.892,0, ['/ecs/DP1/PM/NSIDC-0051.001/2017.02.03/nt_20170203_f17_v1.1_n.bin']
North,2017,2,4,13.864,0, ['/ecs/DP1/PM/NSIDC-0051.001/2017.02.04/nt_20170204_f17_v1.1_n.bin']
North,2017,2,5,13.87,0, ['/ecs/DP1/PM/NSIDC-0051.001/2017.02.05/nt_20170205_f17_v1.1_n.bin']
North,2017,2,6,13.929,0, ['/ecs/DP1/PM/NSIDC-0051.001/2017.02.06/nt_20170206_f17_v1.1_n.bin']
North,2017,2,7,13.886,0, ['/ecs/DP1/PM/NSIDC-0051.001/2017.02.07/nt_20170207_f17_v1.1_n.bin']
North,2017,2,8,13.916,0, ['/ecs/DP1/PM/NSIDC-0051.001/2017.02.08/nt_20170208_f17_v1.1_n.bin']
North,2017,2,9,13.905,0, ['/ecs/DP1/PM/NSIDC-0051.001/2017.02.09/nt_20170209_f17_v1.1_n.bin']
North,2017,2,10,13.906,0, ['/ecs/DP1/PM/NSIDC-0051.001/2017.02.10/nt_20170210_f17_v1.1_n.bin']
North,2017,2,11,13.873,0, ['/ecs/DP1/PM/NSIDC-0051.001/2017.02.11/nt_20170211_f17_v1.1_n.bin']
North,2017,2,12,13.916,0, ['/ecs/DP1/PM/NSIDC-0051.001/2017.02.12/nt_20170212_f17_v1.1_n.bin']
North,2017,2,13,14.052,0, ['/ecs/DP1/PM/NSIDC-0051.001/2017.02.13/nt_20170213_f17_v1.1_n.bin']
North,2017,2,14,14.153,0, ['/ecs/DP1/PM/NSIDC-0051.001/2017.02.14/nt_20170214_f17_v1.1_n.bin']
North,2017,2,15,14.186,0, ['/ecs/DP1/PM/NSIDC-0051.001/2017.02.15/nt_20170215_f17_v1.1_n.bin']
North,2017,2,16,14.335,0, ['/ecs/DP1/PM/NSIDC-0051.001/2017.02.16/nt_20170216_f17_v1.1_n.bin']
North,2017,2,17,14.271,0, ['/ecs/DP1/PM/NSIDC-0051.001/2017.02.17/nt_20170217_f17_v1.1_n.bin']
North,2017,2,18,14.311,0, ['/ecs/DP1/PM/NSIDC-0051.001/2017.02.18/nt_20170218_f17_v1.1_n.bin']
North,2017,2,19,14.329,0, ['/ecs/DP1/PM/NSIDC-0051.001/2017.02.19/nt_20170219_f17_v1.1_n.bin']
North,2017,2,20,14.305,0, ['/ecs/DP1/PM/NSIDC-0051.001/2017.02.20/nt_20170220_f17_v1.1_n.bin']
North,2017,2,21,14.322,0, ['/ecs/DP1/PM/NSIDC-0051.001/2017.02.21/nt_20170221_f17_v1.1_n.bin']
North,2017,2,22,14.403,0, ['/ecs/DP1/PM/NSIDC-0051.001/2017.02.22/nt_20170222_f17_v1.1_n.bin']
North,2017,2,23,14.404,0, ['/ecs/DP1/PM/NSIDC-0051.001/2017.02.23/nt_20170223_f17_v1.1_n.bin']
North,2017,2,24,14.376,0, ['/ecs/DP1/PM/NSIDC-0051.001/2017.02.24/nt_20170224_f17_v1.1_n.bin']
North,2017,2,25,14.337,0, ['/ecs/DP1/PM/NSIDC-0051.001/2017.02.25/nt_20170225_f17_v1.1_n.bin']
North,2017,2,26,14.3,0, ['/ecs/DP1/PM/NSIDC-0051.001/2017.02.26/nt_20170226_f17_v1.1_n.bin']
North,2017,2,27,14.286,0, ['/ecs/DP1/PM/NSIDC-0051.001/2017.02.27/nt_20170227_f17_v1.1_n.bin']
North,2017,2,28,14.291,0, ['/ecs/DP1/PM/NSIDC-0051.001/2017.02.28/nt_20170228_f17_v1.1_n.bin']
North,2017,3,1,14.341,0, ['/ecs/DP1/PM/NSIDC-0051.001/2017.03.01/nt_20170301_f17_v1.1_n.bin']
North,2017,3,2,14.332,0, ['/ecs/DP1/PM/NSIDC-0051.001/2017.03.02/nt_20170302_f17_v1.1_n.bin']
North,2017,3,3,14.395,0, ['/ecs/DP1/PM/NSIDC-0051.001/2017.03.03/nt_20170303_f17_v1.1_n.bin']
North,2017,3,4,14.404,0, ['/ecs/DP1/PM/NSIDC-0051.001/2017.03.04/nt_20170304_f17_v1.1_n.bin']
North,2017,3,5,14.449,0, ['/ecs/DP1/PM/NSIDC-0051.001/2017.03.05/nt_20170305_f17_v1.1_n.bin']
North,2017,3,6,14.417,0, ['/ecs/DP1/PM/NSIDC-0051.001/2017.03.06/nt_20170306_f17_v1.1_n.bin']
North,2017,3,7,14.365,0, ['/ecs/DP1/PM/NSIDC-0051.001/2017.03.07/nt_20170307_f17_v1.1_n.bin']
North,2017,3,8,14.326,0, ['/ecs/DP1/PM/NSIDC-0051.001/2017.03.08/nt_20170308_f17_v1.1_n.bin']
North,2017,3,9,14.331,0, ['/ecs/DP1/PM/NSIDC-0051.001/2017.03.09/nt_20170309_f17_v1.1_n.bin']
North,2017,3,10,14.31,0, ['/ecs/DP1/PM/NSIDC-0051.001/2017.03.10/nt_20170310_f17_v1.1_n.bin']
North,2017,3,11,14.394,0, ['/ecs/DP1/PM/NSIDC-0051.001/2017.03.11/nt_20170311_f17_v1.1_n.bin']
North,2017,3,12,14.369,0, ['/ecs/DP1/PM/NSIDC-0051.001/2017.03.12/nt_20170312_f17_v1.1_n.bin']
North,2017,3,13,14.374,0, ['/ecs/DP1/PM/NSIDC-0051.001/2017.03.13/nt_20170313_f17_v1.1_n.bin']
North,2017,3,14,14.421,0, ['/ecs/DP1/PM/NSIDC-0051.001/2017.03.14/nt_20170314_f17_v1.1_n.bin']
North,2017,3,15,14.396,0, ['/ecs/DP1/PM/NSIDC-0051.001/2017.03.15/nt_20170315_f17_v1.1_n.bin']
North,2017,3,16,14.317,0, ['/ecs/DP1/PM/NSIDC-0051.001/2017.03.16/nt_20170316_f17_v1.1_n.bin']
North,2017,3,17,14.28,0, ['/ecs/DP1/PM/NSIDC-0051.001/2017.03.17/nt_20170317_f17_v1.1_n.bin']
North,2017,3,18,14.257,0, ['/ecs/DP1/PM/NSIDC-0051.001/2017.03.18/nt_20170318_f17_v1.1_n.bin']
North,2017,3,19,14.193,0, ['/ecs/DP1/PM/NSIDC-0051.001/2017.03.19/nt_20170319_f17_v1.1_n.bin']
North,2017,3,20,14.231,0, ['/ecs/DP1/PM/NSIDC-0051.001/2017.03.20/nt_20170320_f17_v1.1_n.bin']
North,2017,3,21,14.227,0, ['/ecs/DP1/PM/NSIDC-0051.001/2017.03.21/nt_20170321_f17_v1.1_n.bin']
North,2017,3,22,14.171,0, ['/ecs/DP1/PM/NSIDC-0051.001/2017.03.22/nt_20170322_f17_v1.1_n.bin']
North,2017,3,23,14.15,0, ['/ecs/DP1/PM/NSIDC-0051.001/2017.03.23/nt_20170323_f17_v1.1_n.bin']
North,2017,3,24,14.12,0, ['/ecs/DP1/PM/NSIDC-0051.001/2017.03.24/nt_20170324_f17_v1.1_n.bin']
North,2017,3,25,14.123,0, ['/ecs/DP1/PM/NSIDC-0051.001/2017.03.25/nt_20170325_f17_v1.1_n.bin']
North,2017,3,26,14.197,0, ['/ecs/DP1/PM/NSIDC-0051.001/2017.03.26/nt_20170326_f17_v1.1_n.bin']
North,2017,3,27,14.199,0, ['/ecs/DP1/PM/NSIDC-0051.001/2017.03.27/nt_20170327_f17_v1.1_n.bin']
North,2017,3,28,14.211,0, ['/ecs/DP1/PM/NSIDC-0051.001/2017.03.28/nt_20170328_f17_v1.1_n.bin']
North,2017,3,29,14.256,0, ['/ecs/DP1/PM/NSIDC-0051.001/2017.03.29/nt_20170329_f17_v1.1_n.bin']
North,2017,3,30,14.253,0, ['/ecs/DP1/PM/NSIDC-0051.001/2017.03.30/nt_20170330_f17_v1.1_n.bin']
North,2017,3,31,14.183,0, ['/ecs/DP1/PM/NSIDC-0051.001/2017.03.31/nt_20170331_f17_v1.1_n.bin']
North,2017,4,1,14.164,0, ['/ecs/DP1/PM/NSIDC-0051.001/2017.04.01/nt_20170401_f17_v1.1_n.bin']
North,2017,4,2,14.165,0, ['/ecs/DP1/PM/NSIDC-0051.001/2017.04.02/nt_20170402_f17_v1.1_n.bin']
North,2017,4,3,14.219,0, ['/ecs/DP1/PM/NSIDC-0051.001/2017.04.03/nt_20170403_f17_v1.1_n.bin']
North,2017,4,4,14.205,0, ['/ecs/DP1/PM/NSIDC-0051.001/2017.04.04/nt_20170404_f17_v1.1_n.bin']
North,2017,4,5,14.119,0, ['/ecs/DP1/PM/NSIDC-0051.001/2017.04.05/nt_20170405_f17_v1.1_n.bin']
North,2017,4,6,14.013,0, ['/ecs/DP1/PM/NSIDC-0051.001/2017.04.06/nt_20170406_f17_v1.1_n.bin']
North,2017,4,7,14.051,0, ['/ecs/DP1/PM/NSIDC-0051.001/2017.04.07/nt_20170407_f17_v1.1_n.bin']
North,2017,4,8,13.964,0, ['/ecs/DP1/PM/NSIDC-0051.001/2017.04.08/nt_20170408_f17_v1.1_n.bin']
North,2017,4,9,13.926,0, ['/ecs/DP1/PM/NSIDC-0051.001/2017.04.09/nt_20170409_f17_v1.1_n.bin']
North,2017,4,10,13.936,0, ['/ecs/DP1/PM/NSIDC-0051.001/2017.04.10/nt_20170410_f17_v1.1_n.bin']
North,2017,4,11,13.931,0, ['/ecs/DP1/PM/NSIDC-0051.001/2017.04.11/nt_20170411_f17_v1.1_n.bin']
North,2017,4,12,13.92,0, ['/ecs/DP1/PM/NSIDC-0051.001/2017.04.12/nt_20170412_f17_v1.1_n.bin']
North,2017,4,13,13.803,0, ['/ecs/DP1/PM/NSIDC-0051.001/2017.04.13/nt_20170413_f17_v1.1_n.bin']
North,2017,4,14,13.683,0, ['/ecs/DP1/PM/NSIDC-0051.001/2017.04.14/nt_20170414_f17_v1.1_n.bin']
North,2017,4,15,13.693,0, ['/ecs/DP1/PM/NSIDC-0051.001/2017.04.15/nt_20170415_f17_v1.1_n.bin']
North,2017,4,16,13.654,0, ['/ecs/DP1/PM/NSIDC-0051.001/2017.04.16/nt_20170416_f17_v1.1_n.bin']
North,2017,4,17,13.736,0, ['/ecs/DP1/PM/NSIDC-0051.001/2017.04.17/nt_20170417_f17_v1.1_n.bin']
North,2017,4,18,13.682,0, ['/ecs/DP1/PM/NSIDC-0051.001/2017.04.18/nt_20170418_f17_v1.1_n.bin']
North,2017,4,19,13.657,0, ['/ecs/DP1/PM/NSIDC-0051.001/2017.04.19/nt_20170419_f17_v1.1_n.bin']
North,2017,4,20,13.625,0, ['/ecs/DP1/PM/NSIDC-0051.001/2017.04.20/nt_20170420_f17_v1.1_n.bin']
North,2017,4,21,13.561,0, ['/ecs/DP1/PM/NSIDC-0051.001/2017.04.21/nt_20170421_f17_v1.1_n.bin']
North,2017,4,22,13.467,0, ['/ecs/DP1/PM/NSIDC-0051.001/2017.04.22/nt_20170422_f17_v1.1_n.bin']
North,2017,4,23,13.436,0, ['/ecs/DP1/PM/NSIDC-0051.001/2017.04.23/nt_20170423_f17_v1.1_n.bin']
North,2017,4,24,13.469,0, ['/ecs/DP1/PM/NSIDC-0051.001/2017.04.24/nt_20170424_f17_v1.1_n.bin']
North,2017,4,25,13.454,0, ['/ecs/DP1/PM/NSIDC-0051.001/2017.04.25/nt_20170425_f17_v1.1_n.bin']
North,2017,4,26,13.477,0, ['/ecs/DP1/PM/NSIDC-0051.001/2017.04.26/nt_20170426_f17_v1.1_n.bin']
North,2017,4,27,13.452,0, ['/ecs/DP1/PM/NSIDC-0051.001/2017.04.27/nt_20170427_f17_v1.1_n.bin']
North,2017,4,28,13.415,0, ['/ecs/DP1/PM/NSIDC-0051.001/2017.04.28/nt_20170428_f17_v1.1_n.bin']
North,2017,4,29,13.394,0, ['/ecs/DP1/PM/NSIDC-0051.001/2017.04.29/nt_20170429_f17_v1.1_n.bin']
North,2017,4,30,13.333,0, ['/ecs/DP1/PM/NSIDC-0051.001/2017.04.30/nt_20170430_f17_v1.1_n.bin']
North,2017,5,1,13.14,0, ['/ecs/DP1/PM/NSIDC-0051.001/2017.05.01/nt_20170501_f17_v1.1_n.bin']
North,2017,5,2,13.136,0, ['/ecs/DP1/PM/NSIDC-0051.001/2017.05.02/nt_20170502_f17_v1.1_n.bin']
North,2017,5,3,13.141,0, ['/ecs/DP1/PM/NSIDC-0051.001/2017.05.03/nt_20170503_f17_v1.1_n.bin']
North,2017,5,4,13.069,0, ['/ecs/DP1/PM/NSIDC-0051.001/2017.05.04/nt_20170504_f17_v1.1_n.bin']
North,2017,5,5,13.08,0, ['/ecs/DP1/PM/NSIDC-0051.001/2017.05.05/nt_20170505_f17_v1.1_n.bin']
North,2017,5,6,13.1,0, ['/ecs/DP1/PM/NSIDC-0051.001/2017.05.06/nt_20170506_f17_v1.1_n.bin']
North,2017,5,7,12.994,0, ['/ecs/DP1/PM/NSIDC-0051.001/2017.05.07/nt_20170507_f17_v1.1_n.bin']
North,2017,5,8,12.955,0, ['/ecs/DP1/PM/NSIDC-0051.001/2017.05.08/nt_20170508_f17_v1.1_n.bin']
North,2017,5,9,12.924,0, ['/ecs/DP1/PM/NSIDC-0051.001/2017.05.09/nt_20170509_f17_v1.1_n.bin']
North,2017,5,10,12.945,0, ['/ecs/DP1/PM/NSIDC-0051.001/2017.05.10/nt_20170510_f17_v1.1_n.bin']
North,2017,5,11,12.879,0, ['/ecs/DP1/PM/NSIDC-0051.001/2017.05.11/nt_20170511_f17_v1.1_n.bin']
North,2017,5,12,12.8,0, ['/ecs/DP1/PM/NSIDC-0051.001/2017.05.12/nt_20170512_f17_v1.1_n.bin']
North,2017,5,13,12.731,0, ['/ecs/DP1/PM/NSIDC-0051.001/2017.05.13/nt_20170513_f17_v1.1_n.bin']
North,2017,5,14,12.679,0, ['/ecs/DP1/PM/NSIDC-0051.001/2017.05.14/nt_20170514_f17_v1.1_n.bin']
North,2017,5,15,12.666,0, ['/ecs/DP1/PM/NSIDC-0051.001/2017.05.15/nt_20170515_f17_v1.1_n.bin']
North,2017,5,16,12.563,0, ['/ecs/DP1/PM/NSIDC-0051.001/2017.05.16/nt_20170516_f17_v1.1_n.bin']
North,2017,5,17,12.58,0, ['/ecs/DP1/PM/NSIDC-0051.001/2017.05.17/nt_20170517_f17_v1.1_n.bin']
North,2017,5,18,12.525,0, ['/ecs/DP1/PM/NSIDC-0051.001/2017.05.18/nt_20170518_f17_v1.1_n.bin']
North,2017,5,19,12.514,0, ['/ecs/DP1/PM/NSIDC-0051.001/2017.05.19/nt_20170519_f17_v1.1_n.bin']
North,2017,5,20,12.542,0, ['/ecs/DP1/PM/NSIDC-0051.001/2017.05.20/nt_20170520_f17_v1.1_n.bin']
North,2017,5,21,12.463,0, ['/ecs/DP1/PM/NSIDC-0051.001/2017.05.21/nt_20170521_f17_v1.1_n.bin']
North,2017,5,22,12.389,0, ['/ecs/DP1/PM/NSIDC-0051.001/2017.05.22/nt_20170522_f17_v1.1_n.bin']
North,2017,5,23,12.353,0, ['/ecs/DP1/PM/NSIDC-0051.001/2017.05.23/nt_20170523_f17_v1.1_n.bin']
North,2017,5,24,12.277,0, ['/ecs/DP1/PM/NSIDC-0051.001/2017.05.24/nt_20170524_f17_v1.1_n.bin']
North,2017,5,25,12.301,0, ['/ecs/DP1/PM/NSIDC-0051.001/2017.05.25/nt_20170525_f17_v1.1_n.bin']
North,2017,5,26,12.292,0, ['/ecs/DP1/PM/NSIDC-0051.001/2017.05.26/nt_20170526_f17_v1.1_n.bin']
North,2017,5,27,12.247,0, ['/ecs/DP1/PM/NSIDC-0051.001/2017.05.27/nt_20170527_f17_v1.1_n.bin']
North,2017,5,28,12.15,0, ['/ecs/DP1/PM/NSIDC-0051.001/2017.05.28/nt_20170528_f17_v1.1_n.bin']
North,2017,5,29,12.08,0, ['/ecs/DP1/PM/NSIDC-0051.001/2017.05.29/nt_20170529_f17_v1.1_n.bin']
North,2017,5,30,12.035,0, ['/ecs/DP1/PM/NSIDC-0051.001/2017.05.30/nt_20170530_f17_v1.1_n.bin']
North,2017,5,31,11.994,0, ['/ecs/DP1/PM/NSIDC-0051.001/2017.05.31/nt_20170531_f17_v1.1_n.bin']
North,2017,6,1,11.754,0, ['/ecs/DP1/PM/NSIDC-0051.001/2017.06.01/nt_20170601_f17_v1.1_n.bin']
North,2017,6,2,11.776,0, ['/ecs/DP1/PM/NSIDC-0051.001/2017.06.02/nt_20170602_f17_v1.1_n.bin']
North,2017,6,3,11.739,0, ['/ecs/DP1/PM/NSIDC-0051.001/2017.06.03/nt_20170603_f17_v1.1_n.bin']
North,2017,6,4,11.636,0, ['/ecs/DP1/PM/NSIDC-0051.001/2017.06.04/nt_20170604_f17_v1.1_n.bin']
North,2017,6,5,11.6,0, ['/ecs/DP1/PM/NSIDC-0051.001/2017.06.05/nt_20170605_f17_v1.1_n.bin']
North,2017,6,6,11.5,0, ['/ecs/DP1/PM/NSIDC-0051.001/2017.06.06/nt_20170606_f17_v1.1_n.bin']
North,2017,6,7,11.412,0, ['/ecs/DP1/PM/NSIDC-0051.001/2017.06.07/nt_20170607_f17_v1.1_n.bin']
North,2017,6,8,11.341,0, ['/ecs/DP1/PM/NSIDC-0051.001/2017.06.08/nt_20170608_f17_v1.1_n.bin']
North,2017,6,9,11.294,0, ['/ecs/DP1/PM/NSIDC-0051.001/2017.06.09/nt_20170609_f17_v1.1_n.bin']
North,2017,6,10,11.229,0, ['/ecs/DP1/PM/NSIDC-0051.001/2017.06.10/nt_20170610_f17_v1.1_n.bin']
North,2017,6,11,11.158,0, ['/ecs/DP1/PM/NSIDC-0051.001/2017.06.11/nt_20170611_f17_v1.1_n.bin']
North,2017,6,12,11.071,0, ['/ecs/DP1/PM/NSIDC-0051.001/2017.06.12/nt_20170612_f17_v1.1_n.bin']
North,2017,6,13,10.971,0, ['/ecs/DP1/PM/NSIDC-0051.001/2017.06.13/nt_20170613_f17_v1.1_n.bin']
North,2017,6,14,10.879,0, ['/ecs/DP1/PM/NSIDC-0051.001/2017.06.14/nt_20170614_f17_v1.1_n.bin']
North,2017,6,15,10.815,0, ['/ecs/DP1/PM/NSIDC-0051.001/2017.06.15/nt_20170615_f17_v1.1_n.bin']
North,2017,6,16,10.75,0, ['/ecs/DP1/PM/NSIDC-0051.001/2017.06.16/nt_20170616_f17_v1.1_n.bin']
North,2017,6,17,10.671,0, ['/ecs/DP1/PM/NSIDC-0051.001/2017.06.17/nt_20170617_f17_v1.1_n.bin']
North,2017,6,18,10.61,0, ['/ecs/DP1/PM/NSIDC-0051.001/2017.06.18/nt_20170618_f17_v1.1_n.bin']
North,2017,6,19,10.564,0, ['/ecs/DP1/PM/NSIDC-0051.001/2017.06.19/nt_20170619_f17_v1.1_n.bin']
North,2017,6,20,10.49,0, ['/ecs/DP1/PM/NSIDC-0051.001/2017.06.20/nt_20170620_f17_v1.1_n.bin']
North,2017,6,21,10.326,0, ['/ecs/DP1/PM/NSIDC-0051.001/2017.06.21/nt_20170621_f17_v1.1_n.bin']
North,2017,6,22,10.262,0, ['/ecs/DP1/PM/NSIDC-0051.001/2017.06.22/nt_20170622_f17_v1.1_n.bin']
North,2017,6,23,10.172,0, ['/ecs/DP1/PM/NSIDC-0051.001/2017.06.23/nt_20170623_f17_v1.1_n.bin']
North,2017,6,24,10.087,0, ['/ecs/DP1/PM/NSIDC-0051.001/2017.06.24/nt_20170624_f17_v1.1_n.bin']
North,2017,6,25,9.981,0, ['/ecs/DP1/PM/NSIDC-0051.001/2017.06.25/nt_20170625_f17_v1.1_n.bin']
North,2017,6,26,9.959,0, ['/ecs/DP1/PM/NSIDC-0051.001/2017.06.26/nt_20170626_f17_v1.1_n.bin']
North,2017,6,27,9.873,0, ['/ecs/DP1/PM/NSIDC-0051.001/2017.06.27/nt_20170627_f17_v1.1_n.bin']
North,2017,6,28,9.704,0, ['/ecs/DP1/PM/NSIDC-0051.001/2017.06.28/nt_20170628_f17_v1.1_n.bin']
North,2017,6,29,9.629,0, ['/ecs/DP1/PM/NSIDC-0051.001/2017.06.29/nt_20170629_f17_v1.1_n.bin']
North,2017,6,30,9.439,0, ['/ecs/DP1/PM/NSIDC-0051.001/2017.06.30/nt_20170630_f17_v1.1_n.bin']
North,2017,7,1,9.269,0, ['/ecs/DP1/PM/NSIDC-0051.001/2017.07.01/nt_20170701_f17_v1.1_n.bin']
North,2017,7,2,9.147,0, ['/ecs/DP1/PM/NSIDC-0051.001/2017.07.02/nt_20170702_f17_v1.1_n.bin']
North,2017,7,3,9.115,0, ['/ecs/DP1/PM/NSIDC-0051.001/2017.07.03/nt_20170703_f17_v1.1_n.bin']
North,2017,7,4,9.029,0, ['/ecs/DP1/PM/NSIDC-0051.001/2017.07.04/nt_20170704_f17_v1.1_n.bin']
North,2017,7,5,9.018,0, ['/ecs/DP1/PM/NSIDC-0051.001/2017.07.05/nt_20170705_f17_v1.1_n.bin']
North,2017,7,6,8.909,0, ['/ecs/DP1/PM/NSIDC-0051.001/2017.07.06/nt_20170706_f17_v1.1_n.bin']
North,2017,7,7,8.773,0, ['/ecs/DP1/PM/NSIDC-0051.001/2017.07.07/nt_20170707_f17_v1.1_n.bin']
North,2017,7,8,8.691,0, ['/ecs/DP1/PM/NSIDC-0051.001/2017.07.08/nt_20170708_f17_v1.1_n.bin']
North,2017,7,9,8.66,0, ['/ecs/DP1/PM/NSIDC-0051.001/2017.07.09/nt_20170709_f17_v1.1_n.bin']
North,2017,7,10,8.615,0, ['/ecs/DP1/PM/NSIDC-0051.001/2017.07.10/nt_20170710_f17_v1.1_n.bin']
North,2017,7,11,8.469,0, ['/ecs/DP1/PM/NSIDC-0051.001/2017.07.11/nt_20170711_f17_v1.1_n.bin']
North,2017,7,12,8.371,0, ['/ecs/DP1/PM/NSIDC-0051.001/2017.07.12/nt_20170712_f17_v1.1_n.bin']
North,2017,7,13,8.173,0, ['/ecs/DP1/PM/NSIDC-0051.001/2017.07.13/nt_20170713_f17_v1.1_n.bin']
North,2017,7,14,8.081,0, ['/ecs/DP1/PM/NSIDC-0051.001/2017.07.14/nt_20170714_f17_v1.1_n.bin']
North,2017,7,15,7.912,0, ['/ecs/DP1/PM/NSIDC-0051.001/2017.07.15/nt_20170715_f17_v1.1_n.bin']
North,2017,7,16,7.855,0, ['/ecs/DP1/PM/NSIDC-0051.001/2017.07.16/nt_20170716_f17_v1.1_n.bin']
North,2017,7,17,7.755,0, ['/ecs/DP1/PM/NSIDC-0051.001/2017.07.17/nt_20170717_f17_v1.1_n.bin']
North,2017,7,18,7.645,0, ['/ecs/DP1/PM/NSIDC-0051.001/2017.07.18/nt_20170718_f17_v1.1_n.bin']
North,2017,7,19,7.586,0, ['/ecs/DP1/PM/NSIDC-0051.001/2017.07.19/nt_20170719_f17_v1.1_n.bin']
North,2017,7,20,7.408,0, ['/ecs/DP1/PM/NSIDC-0051.001/2017.07.20/nt_20170720_f17_v1.1_n.bin']
North,2017,7,21,7.323,0, ['/ecs/DP1/PM/NSIDC-0051.001/2017.07.21/nt_20170721_f17_v1.1_n.bin']
North,2017,7,22,7.283,0, ['/ecs/DP1/PM/NSIDC-0051.001/2017.07.22/nt_20170722_f17_v1.1_n.bin']
North,2017,7,23,7.341,0, ['/ecs/DP1/PM/NSIDC-0051.001/2017.07.23/nt_20170723_f17_v1.1_n.bin']
North,2017,7,24,7.241,0, ['/ecs/DP1/PM/NSIDC-0051.001/2017.07.24/nt_20170724_f17_v1.1_n.bin']
North,2017,7,25,7.186,0, ['/ecs/DP1/PM/NSIDC-0051.001/2017.07.25/nt_20170725_f17_v1.1_n.bin']
North,2017,7,26,7.133,0, ['/ecs/DP1/PM/NSIDC-0051.001/2017.07.26/nt_20170726_f17_v1.1_n.bin']
North,2017,7,27,7.038,0, ['/ecs/DP1/PM/NSIDC-0051.001/2017.07.27/nt_20170727_f17_v1.1_n.bin']
North,2017,7,28,6.9,0, ['/ecs/DP1/PM/NSIDC-0051.001/2017.07.28/nt_20170728_f17_v1.1_n.bin']
North,2017,7,29,6.783,0, ['/ecs/DP1/PM/NSIDC-0051.001/2017.07.29/nt_20170729_f17_v1.1_n.bin']
North,2017,7,30,6.693,0, ['/ecs/DP1/PM/NSIDC-0051.001/2017.07.30/nt_20170730_f17_v1.1_n.bin']
North,2017,7,31,6.718,0, ['/ecs/DP1/PM/NSIDC-0051.001/2017.07.31/nt_20170731_f17_v1.1_n.bin']
North,2017,8,1,6.559,0, ['/ecs/DP1/PM/NSIDC-0051.001/2017.08.01/nt_20170801_f17_v1.1_n.bin']
North,2017,8,2,6.469,0, ['/ecs/DP1/PM/NSIDC-0051.001/2017.08.02/nt_20170802_f17_v1.1_n.bin']
North,2017,8,3,6.355,0, ['/ecs/DP1/PM/NSIDC-0051.001/2017.08.03/nt_20170803_f17_v1.1_n.bin']
North,2017,8,4,6.206,0, ['/ecs/DP1/PM/NSIDC-0051.001/2017.08.04/nt_20170804_f17_v1.1_n.bin']
North,2017,8,5,6.16,0, ['/ecs/DP1/PM/NSIDC-0051.001/2017.08.05/nt_20170805_f17_v1.1_n.bin']
North,2017,8,6,6.091,0, ['/ecs/DP1/PM/NSIDC-0051.001/2017.08.06/nt_20170806_f17_v1.1_n.bin']
North,2017,8,7,5.96,0, ['/ecs/DP1/PM/NSIDC-0051.001/2017.08.07/nt_20170807_f17_v1.1_n.bin']
North,2017,8,8,5.815,0, ['/ecs/DP1/PM/NSIDC-0051.001/2017.08.08/nt_20170808_f17_v1.1_n.bin']
North,2017,8,9,5.782,0, ['/ecs/DP1/PM/NSIDC-0051.001/2017.08.09/nt_20170809_f17_v1.1_n.bin']
North,2017,8,10,5.658,0, ['/ecs/DP1/PM/NSIDC-0051.001/2017.08.10/nt_20170810_f17_v1.1_n.bin']
North,2017,8,11,5.567,0, ['/ecs/DP1/PM/NSIDC-0051.001/2017.08.11/nt_20170811_f17_v1.1_n.bin']
North,2017,8,12,5.516,0, ['/ecs/DP1/PM/NSIDC-0051.001/2017.08.12/nt_20170812_f17_v1.1_n.bin']
North,2017,8,13,5.455,0, ['/ecs/DP1/PM/NSIDC-0051.001/2017.08.13/nt_20170813_f17_v1.1_n.bin']
North,2017,8,14,5.449,0, ['/ecs/DP1/PM/NSIDC-0051.001/2017.08.14/nt_20170814_f17_v1.1_n.bin']
North,2017,8,15,5.381,0, ['/ecs/DP1/PM/NSIDC-0051.001/2017.08.15/nt_20170815_f17_v1.1_n.bin']
North,2017,8,16,5.275,0, ['/ecs/DP1/PM/NSIDC-0051.001/2017.08.16/nt_20170816_f17_v1.1_n.bin']
North,2017,8,17,5.296,0, ['/ecs/DP1/PM/NSIDC-0051.001/2017.08.17/nt_20170817_f17_v1.1_n.bin']
North,2017,8,18,5.276,0, ['/ecs/DP1/PM/NSIDC-0051.001/2017.08.18/nt_20170818_f17_v1.1_n.bin']
North,2017,8,19,5.242,0, ['/ecs/DP1/PM/NSIDC-0051.001/2017.08.19/nt_20170819_f17_v1.1_n.bin']
North,2017,8,20,5.256,0, ['/ecs/DP1/PM/NSIDC-0051.001/2017.08.20/nt_20170820_f17_v1.1_n.bin']
North,2017,8,21,5.243,0, ['/ecs/DP1/PM/NSIDC-0051.001/2017.08.21/nt_20170821_f17_v1.1_n.bin']
North,2017,8,22,5.197,0, ['/ecs/DP1/PM/NSIDC-0051.001/2017.08.22/nt_20170822_f17_v1.1_n.bin']
North,2017,8,23,5.13,0, ['/ecs/DP1/PM/NSIDC-0051.001/2017.08.23/nt_20170823_f17_v1.1_n.bin']
North,2017,8,24,5.003,0, ['/ecs/DP1/PM/NSIDC-0051.001/2017.08.24/nt_20170824_f17_v1.1_n.bin']
North,2017,8,25,4.946,0, ['/ecs/DP1/PM/NSIDC-0051.001/2017.08.25/nt_20170825_f17_v1.1_n.bin']
North,2017,8,26,4.971,0, ['/ecs/DP1/PM/NSIDC-0051.001/2017.08.26/nt_20170826_f17_v1.1_n.bin']
North,2017,8,27,4.984,0, ['/ecs/DP1/PM/NSIDC-0051.001/2017.08.27/nt_20170827_f17_v1.1_n.bin']
North,2017,8,28,4.973,0, ['/ecs/DP1/PM/NSIDC-0051.001/2017.08.28/nt_20170828_f17_v1.1_n.bin']
North,2017,8,29,4.945,0, ['/ecs/DP1/PM/NSIDC-0051.001/2017.08.29/nt_20170829_f17_v1.1_n.bin']
North,2017,8,30,4.877,0, ['/ecs/DP1/PM/NSIDC-0051.001/2017.08.30/nt_20170830_f17_v1.1_n.bin']
North,2017,8,31,4.863,0, ['/ecs/DP1/PM/NSIDC-0051.001/2017.08.31/nt_20170831_f17_v1.1_n.bin']
North,2017,9,1,4.804,0, ['/ecs/DP1/PM/NSIDC-0051.001/2017.09.01/nt_20170901_f17_v1.1_n.bin']
North,2017,9,2,4.812,0, ['/ecs/DP1/PM/NSIDC-0051.001/2017.09.02/nt_20170902_f17_v1.1_n.bin']
North,2017,9,3,4.825,0, ['/ecs/DP1/PM/NSIDC-0051.001/2017.09.03/nt_20170903_f17_v1.1_n.bin']
North,2017,9,4,4.826,0, ['/ecs/DP1/PM/NSIDC-0051.001/2017.09.04/nt_20170904_f17_v1.1_n.bin']
North,2017,9,5,4.759,0, ['/ecs/DP1/PM/NSIDC-0051.001/2017.09.05/nt_20170905_f17_v1.1_n.bin']
North,2017,9,6,4.691,0, ['/ecs/DP1/PM/NSIDC-0051.001/2017.09.06/nt_20170906_f17_v1.1_n.bin']
North,2017,9,7,4.676,0, ['/ecs/DP1/PM/NSIDC-0051.001/2017.09.07/nt_20170907_f17_v1.1_n.bin']
North,2017,9,8,4.686,0, ['/ecs/DP1/PM/NSIDC-0051.001/2017.09.08/nt_20170908_f17_v1.1_n.bin']
North,2017,9,9,4.673,0, ['/ecs/DP1/PM/NSIDC-0051.001/2017.09.09/nt_20170909_f17_v1.1_n.bin']
North,2017,9,10,4.666,0, ['/ecs/DP1/PM/NSIDC-0051.001/2017.09.10/nt_20170910_f17_v1.1_n.bin']
North,2017,9,11,4.684,0, ['/ecs/DP1/PM/NSIDC-0051.001/2017.09.11/nt_20170911_f17_v1.1_n.bin']
North,2017,9,12,4.666,0, ['/ecs/DP1/PM/NSIDC-0051.001/2017.09.12/nt_20170912_f17_v1.1_n.bin']
North,2017,9,13,4.635,0, ['/ecs/DP1/PM/NSIDC-0051.001/2017.09.13/nt_20170913_f17_v1.1_n.bin']
North,2017,9,14,4.675,0, ['/ecs/DP1/PM/NSIDC-0051.001/2017.09.14/nt_20170914_f17_v1.1_n.bin']
North,2017,9,15,4.739,0, ['/ecs/DP1/PM/NSIDC-0051.001/2017.09.15/nt_20170915_f17_v1.1_n.bin']
North,2017,9,16,4.732,0, ['/ecs/DP1/PM/NSIDC-0051.001/2017.09.16/nt_20170916_f17_v1.1_n.bin']
North,2017,9,17,4.791,0, ['/ecs/DP1/PM/NSIDC-0051.001/2017.09.17/nt_20170917_f17_v1.1_n.bin']
North,2017,9,18,4.753,0, ['/ecs/DP1/PM/NSIDC-0051.001/2017.09.18/nt_20170918_f17_v1.1_n.bin']
North,2017,9,19,4.751,0, ['/ecs/DP1/PM/NSIDC-0051.001/2017.09.19/nt_20170919_f17_v1.1_n.bin']
North,2017,9,20,4.849,0, ['/ecs/DP1/PM/NSIDC-0051.001/2017.09.20/nt_20170920_f17_v1.1_n.bin']
North,2017,9,21,4.828,0, ['/ecs/DP1/PM/NSIDC-0051.001/2017.09.21/nt_20170921_f17_v1.1_n.bin']
North,2017,9,22,4.851,0, ['/ecs/DP1/PM/NSIDC-0051.001/2017.09.22/nt_20170922_f17_v1.1_n.bin']
North,2017,9,23,4.828,0, ['/ecs/DP1/PM/NSIDC-0051.001/2017.09.23/nt_20170923_f17_v1.1_n.bin']
North,2017,9,24,4.876,0, ['/ecs/DP1/PM/NSIDC-0051.001/2017.09.24/nt_20170924_f17_v1.1_n.bin']
North,2017,9,25,4.923,0, ['/ecs/DP1/PM/NSIDC-0051.001/2017.09.25/nt_20170925_f17_v1.1_n.bin']
North,2017,9,26,5.04,0, ['/ecs/DP1/PM/NSIDC-0051.001/2017.09.26/nt_20170926_f17_v1.1_n.bin']
North,2017,9,27,5.08,0, ['/ecs/DP1/PM/NSIDC-0051.001/2017.09.27/nt_20170927_f17_v1.1_n.bin']
North,2017,9,28,5.154,0, ['/ecs/DP1/PM/NSIDC-0051.001/2017.09.28/nt_20170928_f17_v1.1_n.bin']
North,2017,9,29,5.156,0, ['/ecs/DP1/PM/NSIDC-0051.001/2017.09.29/nt_20170929_f17_v1.1_n.bin']
North,2017,9,30,5.228,0, ['/ecs/DP1/PM/NSIDC-0051.001/2017.09.30/nt_20170930_f17_v1.1_n.bin']
North,2017,10,1,5.376,0, ['/ecs/DP1/PM/NSIDC-0051.001/2017.10.01/nt_20171001_f17_v1.1_n.bin']
North,2017,10,2,5.4,0, ['/ecs/DP1/PM/NSIDC-0051.001/2017.10.02/nt_20171002_f17_v1.1_n.bin']
North,2017,10,3,5.432,0, ['/ecs/DP1/PM/NSIDC-0051.001/2017.10.03/nt_20171003_f17_v1.1_n.bin']
North,2017,10,4,5.511,0, ['/ecs/DP1/PM/NSIDC-0051.001/2017.10.04/nt_20171004_f17_v1.1_n.bin']
North,2017,10,5,5.534,0, ['/ecs/DP1/PM/NSIDC-0051.001/2017.10.05/nt_20171005_f17_v1.1_n.bin']
North,2017,10,6,5.585,0, ['/ecs/DP1/PM/NSIDC-0051.001/2017.10.06/nt_20171006_f17_v1.1_n.bin']
North,2017,10,7,5.718,0, ['/ecs/DP1/PM/NSIDC-0051.001/2017.10.07/nt_20171007_f17_v1.1_n.bin']
North,2017,10,8,5.91,0, ['/ecs/DP1/PM/NSIDC-0051.001/2017.10.08/nt_20171008_f17_v1.1_n.bin']
North,2017,10,9,6.041,0, ['/ecs/DP1/PM/NSIDC-0051.001/2017.10.09/nt_20171009_f17_v1.1_n.bin']
North,2017,10,10,6.122,0, ['/ecs/DP1/PM/NSIDC-0051.001/2017.10.10/nt_20171010_f17_v1.1_n.bin']
North,2017,10,11,6.194,0, ['/ecs/DP1/PM/NSIDC-0051.001/2017.10.11/nt_20171011_f17_v1.1_n.bin']
North,2017,10,12,6.38,0, ['/ecs/DP1/PM/NSIDC-0051.001/2017.10.12/nt_20171012_f17_v1.1_n.bin']
North,2017,10,13,6.446,0, ['/ecs/DP1/PM/NSIDC-0051.001/2017.10.13/nt_20171013_f17_v1.1_n.bin']
North,2017,10,14,6.506,0, ['/ecs/DP1/PM/NSIDC-0051.001/2017.10.14/nt_20171014_f17_v1.1_n.bin']
North,2017,10,15,6.553,0, ['/ecs/DP1/PM/NSIDC-0051.001/2017.10.15/nt_20171015_f17_v1.1_n.bin']
North,2017,10,16,6.691,0, ['/ecs/DP1/PM/NSIDC-0051.001/2017.10.16/nt_20171016_f17_v1.1_n.bin']
North,2017,10,17,6.851,0, ['/ecs/DP1/PM/NSIDC-0051.001/2017.10.17/nt_20171017_f17_v1.1_n.bin']
North,2017,10,18,7.04,0, ['/ecs/DP1/PM/NSIDC-0051.001/2017.10.18/nt_20171018_f17_v1.1_n.bin']
North,2017,10,19,7.17,0, ['/ecs/DP1/PM/NSIDC-0051.001/2017.10.19/nt_20171019_f17_v1.1_n.bin']
North,2017,10,20,7.269,0, ['/ecs/DP1/PM/NSIDC-0051.001/2017.10.20/nt_20171020_f17_v1.1_n.bin']
North,2017,10,21,7.405,0, ['/ecs/DP1/PM/NSIDC-0051.001/2017.10.21/nt_20171021_f17_v1.1_n.bin']
North,2017,10,22,7.556,0, ['/ecs/DP1/PM/NSIDC-0051.001/2017.10.22/nt_20171022_f17_v1.1_n.bin']
North,2017,10,23,7.587,0, ['/ecs/DP1/PM/NSIDC-0051.001/2017.10.23/nt_20171023_f17_v1.1_n.bin']
North,2017,10,24,7.609,0, ['/ecs/DP1/PM/NSIDC-0051.001/2017.10.24/nt_20171024_f17_v1.1_n.bin']
North,2017,10,25,7.664,0, ['/ecs/DP1/PM/NSIDC-0051.001/2017.10.25/nt_20171025_f17_v1.1_n.bin']
North,2017,10,26,7.777,0, ['/ecs/DP1/PM/NSIDC-0051.001/2017.10.26/nt_20171026_f17_v1.1_n.bin']
North,2017,10,27,7.939,0, ['/ecs/DP1/PM/NSIDC-0051.001/2017.10.27/nt_20171027_f17_v1.1_n.bin']
North,2017,10,28,8.075,0, ['/ecs/DP1/PM/NSIDC-0051.001/2017.10.28/nt_20171028_f17_v1.1_n.bin']
North,2017,10,29,8.061,0, ['/ecs/DP1/PM/NSIDC-0051.001/2017.10.29/nt_20171029_f17_v1.1_n.bin']
North,2017,10,30,8.162,0, ['/ecs/DP1/PM/NSIDC-0051.001/2017.10.30/nt_20171030_f17_v1.1_n.bin']
North,2017,10,31,8.217,0, ['/ecs/DP1/PM/NSIDC-0051.001/2017.10.31/nt_20171031_f17_v1.1_n.bin']
North,2017,11,1,8.329,0, ['/ecs/DP1/PM/NSIDC-0051.001/2017.11.01/nt_20171101_f17_v1.1_n.bin']
North,2017,11,2,8.356,0, ['/ecs/DP1/PM/NSIDC-0051.001/2017.11.02/nt_20171102_f17_v1.1_n.bin']
North,2017,11,3,8.395,0, ['/ecs/DP1/PM/NSIDC-0051.001/2017.11.03/nt_20171103_f17_v1.1_n.bin']
North,2017,11,4,8.498,0, ['/ecs/DP1/PM/NSIDC-0051.001/2017.11.04/nt_20171104_f17_v1.1_n.bin']
North,2017,11,5,8.618,0, ['/ecs/DP1/PM/NSIDC-0051.001/2017.11.05/nt_20171105_f17_v1.1_n.bin']
North,2017,11,6,8.758,0, ['/ecs/DP1/PM/NSIDC-0051.001/2017.11.06/nt_20171106_f17_v1.1_n.bin']
North,2017,11,7,8.882,0, ['/ecs/DP1/PM/NSIDC-0051.001/2017.11.07/nt_20171107_f17_v1.1_n.bin']
North,2017,11,8,8.992,0, ['/ecs/DP1/PM/NSIDC-0051.001/2017.11.08/nt_20171108_f17_v1.1_n.bin']
North,2017,11,9,9.171,0, ['/ecs/DP1/PM/NSIDC-0051.001/2017.11.09/nt_20171109_f17_v1.1_n.bin']
North,2017,11,10,9.312,0, ['/ecs/DP1/PM/NSIDC-0051.001/2017.11.10/nt_20171110_f17_v1.1_n.bin']
North,2017,11,11,9.326,0, ['/ecs/DP1/PM/NSIDC-0051.001/2017.11.11/nt_20171111_f17_v1.1_n.bin']
North,2017,11,12,9.316,0, ['/ecs/DP1/PM/NSIDC-0051.001/2017.11.12/nt_20171112_f17_v1.1_n.bin']
North,2017,11,13,9.339,0, ['/ecs/DP1/PM/NSIDC-0051.001/2017.11.13/nt_20171113_f17_v1.1_n.bin']
North,2017,11,14,9.434,0, ['/ecs/DP1/PM/NSIDC-0051.001/2017.11.14/nt_20171114_f17_v1.1_n.bin']
North,2017,11,15,9.485,0, ['/ecs/DP1/PM/NSIDC-0051.001/2017.11.15/nt_20171115_f17_v1.1_n.bin']
North,2017,11,16,9.567,0, ['/ecs/DP1/PM/NSIDC-0051.001/2017.11.16/nt_20171116_f17_v1.1_n.bin']
North,2017,11,17,9.61,0, ['/ecs/DP1/PM/NSIDC-0051.001/2017.11.17/nt_20171117_f17_v1.1_n.bin']
North,2017,11,18,9.656,0, ['/ecs/DP1/PM/NSIDC-0051.001/2017.11.18/nt_20171118_f17_v1.1_n.bin']
North,2017,11,19,9.744,0, ['/ecs/DP1/PM/NSIDC-0051.001/2017.11.19/nt_20171119_f17_v1.1_n.bin']
North,2017,11,20,9.791,0, ['/ecs/DP1/PM/NSIDC-0051.001/2017.11.20/nt_20171120_f17_v1.1_n.bin']
North,2017,11,21,9.815,0, ['/ecs/DP1/PM/NSIDC-0051.001/2017.11.21/nt_20171121_f17_v1.1_n.bin']
North,2017,11,22,9.792,0, ['/ecs/DP1/PM/NSIDC-0051.001/2017.11.22/nt_20171122_f17_v1.1_n.bin']
North,2017,11,23,9.989,0, ['/ecs/DP1/PM/NSIDC-0051.001/2017.11.23/nt_20171123_f17_v1.1_n.bin']
North,2017,11,24,10.176,0, ['/ecs/DP1/PM/NSIDC-0051.001/2017.11.24/nt_20171124_f17_v1.1_n.bin']
North,2017,11,25,10.225,0, ['/ecs/DP1/PM/NSIDC-0051.001/2017.11.25/nt_20171125_f17_v1.1_n.bin']
North,2017,11,26,10.286,0, ['/ecs/DP1/PM/NSIDC-0051.001/2017.11.26/nt_20171126_f17_v1.1_n.bin']
North,2017,11,27,10.389,0, ['/ecs/DP1/PM/NSIDC-0051.001/2017.11.27/nt_20171127_f17_v1.1_n.bin']
North,2017,11,28,10.448,0, ['/ecs/DP1/PM/NSIDC-0051.001/2017.11.28/nt_20171128_f17_v1.1_n.bin']
North,2017,11,29,10.503,0, ['/ecs/DP1/PM/NSIDC-0051.001/2017.11.29/nt_20171129_f17_v1.1_n.bin']
North,2017,11,30,10.583,0, ['/ecs/DP1/PM/NSIDC-0051.001/2017.11.30/nt_20171130_f17_v1.1_n.bin']
North,2017,12,1,10.801,0, ['/ecs/DP1/PM/NSIDC-0051.001/2017.12.01/nt_20171201_f17_v1.1_n.bin']
North,2017,12,2,10.867,0, ['/ecs/DP1/PM/NSIDC-0051.001/2017.12.02/nt_20171202_f17_v1.1_n.bin']
North,2017,12,3,10.931,0, ['/ecs/DP1/PM/NSIDC-0051.001/2017.12.03/nt_20171203_f17_v1.1_n.bin']
North,2017,12,4,10.909,0, ['/ecs/DP1/PM/NSIDC-0051.001/2017.12.04/nt_20171204_f17_v1.1_n.bin']
North,2017,12,5,10.991,0, ['/ecs/DP1/PM/NSIDC-0051.001/2017.12.05/nt_20171205_f17_v1.1_n.bin']
North,2017,12,6,11.095,0, ['/ecs/DP1/PM/NSIDC-0051.001/2017.12.06/nt_20171206_f17_v1.1_n.bin']
North,2017,12,7,11.084,0, ['/ecs/DP1/PM/NSIDC-0051.001/2017.12.07/nt_20171207_f17_v1.1_n.bin']
North,2017,12,8,11.17,0, ['/ecs/DP1/PM/NSIDC-0051.001/2017.12.08/nt_20171208_f17_v1.1_n.bin']
North,2017,12,9,11.331,0, ['/ecs/DP1/PM/NSIDC-0051.001/2017.12.09/nt_20171209_f17_v1.1_n.bin']
North,2017,12,10,11.569,0, ['/ecs/DP1/PM/NSIDC-0051.001/2017.12.10/nt_20171210_f17_v1.1_n.bin']
North,2017,12,11,11.733,0, ['/ecs/DP1/PM/NSIDC-0051.001/2017.12.11/nt_20171211_f17_v1.1_n.bin']
North,2017,12,12,11.775,0, ['/ecs/DP1/PM/NSIDC-0051.001/2017.12.12/nt_20171212_f17_v1.1_n.bin']
North,2017,12,13,11.865,0, ['/ecs/DP1/PM/NSIDC-0051.001/2017.12.13/nt_20171213_f17_v1.1_n.bin']
North,2017,12,14,11.839,0, ['/ecs/DP1/PM/NSIDC-0051.001/2017.12.14/nt_20171214_f17_v1.1_n.bin']
North,2017,12,15,11.825,0, ['/ecs/DP1/PM/NSIDC-0051.001/2017.12.15/nt_20171215_f17_v1.1_n.bin']
North,2017,12,16,11.827,0, ['/ecs/DP1/PM/NSIDC-0051.001/2017.12.16/nt_20171216_f17_v1.1_n.bin']
North,2017,12,17,11.923,0, ['/ecs/DP1/PM/NSIDC-0051.001/2017.12.17/nt_20171217_f17_v1.1_n.bin']
North,2017,12,18,12.046,0, ['/ecs/DP1/PM/NSIDC-0051.001/2017.12.18/nt_20171218_f17_v1.1_n.bin']
North,2017,12,19,12.024,0, ['/ecs/DP1/PM/NSIDC-0051.001/2017.12.19/nt_20171219_f17_v1.1_n.bin']
North,2017,12,20,12.094,0, ['/ecs/DP1/PM/NSIDC-0051.001/2017.12.20/nt_20171220_f17_v1.1_n.bin']
North,2017,12,21,12.072,0, ['/ecs/DP1/PM/NSIDC-0051.001/2017.12.21/nt_20171221_f17_v1.1_n.bin']
North,2017,12,22,12.075,0, ['/ecs/DP1/PM/NSIDC-0051.001/2017.12.22/nt_20171222_f17_v1.1_n.bin']
North,2017,12,23,12.05,0, ['/ecs/DP1/PM/NSIDC-0051.001/2017.12.23/nt_20171223_f17_v1.1_n.bin']
North,2017,12,24,12.14,0, ['/ecs/DP1/PM/NSIDC-0051.001/2017.12.24/nt_20171224_f17_v1.1_n.bin']
North,2017,12,25,12.229,0, ['/ecs/DP1/PM/NSIDC-0051.001/2017.12.25/nt_20171225_f17_v1.1_n.bin']
North,2017,12,26,12.339,0, ['/ecs/DP1/PM/NSIDC-0051.001/2017.12.26/nt_20171226_f17_v1.1_n.bin']
North,2017,12,27,12.291,0, ['/ecs/DP1/PM/NSIDC-0051.001/2017.12.27/nt_20171227_f17_v1.1_n.bin']
North,2017,12,28,12.235,0, ['/ecs/DP1/PM/NSIDC-0051.001/2017.12.28/nt_20171228_f17_v1.1_n.bin']
North,2017,12,29,12.223,0, ['/ecs/DP1/PM/NSIDC-0051.001/2017.12.29/nt_20171229_f17_v1.1_n.bin']
North,2017,12,30,12.273,0, ['/ecs/DP1/PM/NSIDC-0051.001/2017.12.30/nt_20171230_f17_v1.1_n.bin']
North,2017,12,31,12.397,0, ['/ecs/DP1/PM/NSIDC-0051.001/2017.12.31/nt_20171231_f17_v1.1_n.bin']
North,2018,1,1,12.484,0, ['/ecs/DP1/PM/NSIDC-0051.001/2018.01.01/nt_20180101_f17_v1.1_n.bin']
North,2018,1,2,12.6,0, ['/ecs/DP1/PM/NSIDC-0051.001/2018.01.02/nt_20180102_f17_v1.1_n.bin']
North,2018,1,3,12.634,0, ['/ecs/DP1/PM/NSIDC-0051.001/2018.01.03/nt_20180103_f17_v1.1_n.bin']
North,2018,1,4,12.724,0, ['/ecs/DP1/PM/NSIDC-0051.001/2018.01.04/nt_20180104_f17_v1.1_n.bin']
North,2018,1,5,12.834,0, ['/ecs/DP1/PM/NSIDC-0051.001/2018.01.05/nt_20180105_f17_v1.1_n.bin']
North,2018,1,6,12.772,0, ['/ecs/DP1/PM/NSIDC-0051.001/2018.01.06/nt_20180106_f17_v1.1_n.bin']
North,2018,1,7,12.75,0, ['/ecs/DP1/PM/NSIDC-0051.001/2018.01.07/nt_20180107_f17_v1.1_n.bin']
North,2018,1,8,12.74,0, ['/ecs/DP1/PM/NSIDC-0051.001/2018.01.08/nt_20180108_f17_v1.1_n.bin']
North,2018,1,9,12.874,0, ['/ecs/DP1/PM/NSIDC-0051.001/2018.01.09/nt_20180109_f17_v1.1_n.bin']
North,2018,1,10,12.87,0, ['/ecs/DP1/PM/NSIDC-0051.001/2018.01.10/nt_20180110_f17_v1.1_n.bin']
North,2018,1,11,12.892,0, ['/ecs/DP1/PM/NSIDC-0051.001/2018.01.11/nt_20180111_f17_v1.1_n.bin']
North,2018,1,12,12.887,0, ['/ecs/DP1/PM/NSIDC-0051.001/2018.01.12/nt_20180112_f17_v1.1_n.bin']
North,2018,1,13,13.013,0, ['/ecs/DP1/PM/NSIDC-0051.001/2018.01.13/nt_20180113_f17_v1.1_n.bin']
North,2018,1,14,13.059,0, ['/ecs/DP1/PM/NSIDC-0051.001/2018.01.14/nt_20180114_f17_v1.1_n.bin']
North,2018,1,15,13.107,0, ['/ecs/DP1/PM/NSIDC-0051.001/2018.01.15/nt_20180115_f17_v1.1_n.bin']
North,2018,1,16,13.151,0, ['/ecs/DP1/PM/NSIDC-0051.001/2018.01.16/nt_20180116_f17_v1.1_n.bin']
North,2018,1,17,13.147,0, ['/ecs/DP1/PM/NSIDC-0051.001/2018.01.17/nt_20180117_f17_v1.1_n.bin']
North,2018,1,18,13.166,0, ['/ecs/DP1/PM/NSIDC-0051.001/2018.01.18/nt_20180118_f17_v1.1_n.bin']
North,2018,1,19,13.177,0, ['/ecs/DP1/PM/NSIDC-0051.001/2018.01.19/nt_20180119_f17_v1.1_n.bin']
North,2018,1,20,13.212,0, ['/ecs/DP1/PM/NSIDC-0051.001/2018.01.20/nt_20180120_f17_v1.1_n.bin']
North,2018,1,21,13.215,0, ['/ecs/DP1/PM/NSIDC-0051.001/2018.01.21/nt_20180121_f17_v1.1_n.bin']
North,2018,1,22,13.217,0, ['/ecs/DP1/PM/NSIDC-0051.001/2018.01.22/nt_20180122_f17_v1.1_n.bin']
North,2018,1,23,13.318,0, ['/ecs/DP1/PM/NSIDC-0051.001/2018.01.23/nt_20180123_f17_v1.1_n.bin']
North,2018,1,24,13.427,0, ['/ecs/DP1/PM/NSIDC-0051.001/2018.01.24/nt_20180124_f17_v1.1_n.bin']
North,2018,1,25,13.433,0, ['/ecs/DP1/PM/NSIDC-0051.001/2018.01.25/nt_20180125_f17_v1.1_n.bin']
North,2018,1,26,13.352,0, ['/ecs/DP1/PM/NSIDC-0051.001/2018.01.26/nt_20180126_f17_v1.1_n.bin']
North,2018,1,27,13.272,0, ['/ecs/DP1/PM/NSIDC-0051.001/2018.01.27/nt_20180127_f17_v1.1_n.bin']
North,2018,1,28,13.401,0, ['/ecs/DP1/PM/NSIDC-0051.001/2018.01.28/nt_20180128_f17_v1.1_n.bin']
North,2018,1,29,13.45,0, ['/ecs/DP1/PM/NSIDC-0051.001/2018.01.29/nt_20180129_f17_v1.1_n.bin']
North,2018,1,30,13.563,0, ['/ecs/DP1/PM/NSIDC-0051.001/2018.01.30/nt_20180130_f17_v1.1_n.bin']
North,2018,1,31,13.657,0, ['/ecs/DP1/PM/NSIDC-0051.001/2018.01.31/nt_20180131_f17_v1.1_n.bin']
North,2018,2,1,13.764,0, ['/ecs/DP1/PM/NSIDC-0051.001/2018.02.01/nt_20180201_f17_v1.1_n.bin']
North,2018,2,2,13.833,0, ['/ecs/DP1/PM/NSIDC-0051.001/2018.02.02/nt_20180202_f17_v1.1_n.bin']
North,2018,2,3,13.9,0, ['/ecs/DP1/PM/NSIDC-0051.001/2018.02.03/nt_20180203_f17_v1.1_n.bin']
North,2018,2,4,13.929,0, ['/ecs/DP1/PM/NSIDC-0051.001/2018.02.04/nt_20180204_f17_v1.1_n.bin']
North,2018,2,5,13.976,0, ['/ecs/DP1/PM/NSIDC-0051.001/2018.02.05/nt_20180205_f17_v1.1_n.bin']
North,2018,2,6,13.861,0, ['/ecs/DP1/PM/NSIDC-0051.001/2018.02.06/nt_20180206_f17_v1.1_n.bin']
North,2018,2,7,13.797,0, ['/ecs/DP1/PM/NSIDC-0051.001/2018.02.07/nt_20180207_f17_v1.1_n.bin']
North,2018,2,8,13.831,0, ['/ecs/DP1/PM/NSIDC-0051.001/2018.02.08/nt_20180208_f17_v1.1_n.bin']
North,2018,2,9,13.772,0, ['/ecs/DP1/PM/NSIDC-0051.001/2018.02.09/nt_20180209_f17_v1.1_n.bin']
North,2018,2,10,13.791,0, ['/ecs/DP1/PM/NSIDC-0051.001/2018.02.10/nt_20180210_f17_v1.1_n.bin']
North,2018,2,11,13.809,0, ['/ecs/DP1/PM/NSIDC-0051.001/2018.02.11/nt_20180211_f17_v1.1_n.bin']
North,2018,2,12,13.844,0, ['/ecs/DP1/PM/NSIDC-0051.001/2018.02.12/nt_20180212_f17_v1.1_n.bin']
North,2018,2,13,13.865,0, ['/ecs/DP1/PM/NSIDC-0051.001/2018.02.13/nt_20180213_f17_v1.1_n.bin']
North,2018,2,14,13.831,0, ['/ecs/DP1/PM/NSIDC-0051.001/2018.02.14/nt_20180214_f17_v1.1_n.bin']
North,2018,2,15,13.875,0, ['/ecs/DP1/PM/NSIDC-0051.001/2018.02.15/nt_20180215_f17_v1.1_n.bin']
North,2018,2,16,13.902,0, ['/ecs/DP1/PM/NSIDC-0051.001/2018.02.16/nt_20180216_f17_v1.1_n.bin']
North,2018,2,17,13.954,0, ['/ecs/DP1/PM/NSIDC-0051.001/2018.02.17/nt_20180217_f17_v1.1_n.bin']
North,2018,2,18,13.968,0, ['/ecs/DP1/PM/NSIDC-0051.001/2018.02.18/nt_20180218_f17_v1.1_n.bin']
North,2018,2,19,14.009,0, ['/ecs/DP1/PM/NSIDC-0051.001/2018.02.19/nt_20180219_f17_v1.1_n.bin']
North,2018,2,20,14.065,0, ['/ecs/DP1/PM/NSIDC-0051.001/2018.02.20/nt_20180220_f17_v1.1_n.bin']
North,2018,2,21,14.109,0, ['/ecs/DP1/PM/NSIDC-0051.001/2018.02.21/nt_20180221_f17_v1.1_n.bin']
North,2018,2,22,14.177,0, ['/ecs/DP1/PM/NSIDC-0051.001/2018.02.22/nt_20180222_f17_v1.1_n.bin']
North,2018,2,23,14.228,0, ['/ecs/DP1/PM/NSIDC-0051.001/2018.02.23/nt_20180223_f17_v1.1_n.bin']
North,2018,2,24,14.134,0, ['/ecs/DP1/PM/NSIDC-0051.001/2018.02.24/nt_20180224_f17_v1.1_n.bin']
North,2018,2,25,14.172,0, ['/ecs/DP1/PM/NSIDC-0051.001/2018.02.25/nt_20180225_f17_v1.1_n.bin']
North,2018,2,26,14.187,0, ['/ecs/DP1/PM/NSIDC-0051.001/2018.02.26/nt_20180226_f17_v1.1_n.bin']
North,2018,2,27,14.166,0, ['/ecs/DP1/PM/NSIDC-0051.001/2018.02.27/nt_20180227_f17_v1.1_n.bin']
North,2018,2,28,14.334,0, ['/ecs/DP1/PM/NSIDC-0051.001/2018.02.28/nt_20180228_f17_v1.1_n.bin']
North,2018,3,1,14.336,0, ['/ecs/DP1/PM/NSIDC-0051.001/2018.03.01/nt_20180301_f17_v1.1_n.bin']
North,2018,3,2,14.293,0, ['/ecs/DP1/PM/NSIDC-0051.001/2018.03.02/nt_20180302_f17_v1.1_n.bin']
North,2018,3,3,14.25,0, ['/ecs/DP1/PM/NSIDC-0051.001/2018.03.03/nt_20180303_f17_v1.1_n.bin']
North,2018,3,4,14.23,0, ['/ecs/DP1/PM/NSIDC-0051.001/2018.03.04/nt_20180304_f17_v1.1_n.bin']
North,2018,3,5,14.186,0, ['/ecs/DP1/PM/NSIDC-0051.001/2018.03.05/nt_20180305_f17_v1.1_n.bin']
North,2018,3,6,14.13,0, ['/ecs/DP1/PM/NSIDC-0051.001/2018.03.06/nt_20180306_f17_v1.1_n.bin']
North,2018,3,7,14.177,0, ['/ecs/DP1/PM/NSIDC-0051.001/2018.03.07/nt_20180307_f17_v1.1_n.bin']
North,2018,3,8,14.241,0, ['/ecs/DP1/PM/NSIDC-0051.001/2018.03.08/nt_20180308_f17_v1.1_n.bin']
North,2018,3,9,14.292,0, ['/ecs/DP1/PM/NSIDC-0051.001/2018.03.09/nt_20180309_f17_v1.1_n.bin']
North,2018,3,10,14.306,0, ['/ecs/DP1/PM/NSIDC-0051.001/2018.03.10/nt_20180310_f17_v1.1_n.bin']
North,2018,3,11,14.319,0, ['/ecs/DP1/PM/NSIDC-0051.001/2018.03.11/nt_20180311_f17_v1.1_n.bin']
North,2018,3,12,14.395,0, ['/ecs/DP1/PM/NSIDC-0051.001/2018.03.12/nt_20180312_f17_v1.1_n.bin']
North,2018,3,13,14.418,0, ['/ecs/DP1/PM/NSIDC-0051.001/2018.03.13/nt_20180313_f17_v1.1_n.bin']
North,2018,3,14,14.499,0, ['/ecs/DP1/PM/NSIDC-0051.001/2018.03.14/nt_20180314_f17_v1.1_n.bin']
North,2018,3,15,14.482,0, ['/ecs/DP1/PM/NSIDC-0051.001/2018.03.15/nt_20180315_f17_v1.1_n.bin']
North,2018,3,16,14.461,0, ['/ecs/DP1/PM/NSIDC-0051.001/2018.03.16/nt_20180316_f17_v1.1_n.bin']
North,2018,3,17,14.464,0, ['/ecs/DP1/PM/NSIDC-0051.001/2018.03.17/nt_20180317_f17_v1.1_n.bin']
North,2018,3,18,14.381,0, ['/ecs/DP1/PM/NSIDC-0051.001/2018.03.18/nt_20180318_f17_v1.1_n.bin']
North,2018,3,19,14.33,0, ['/ecs/DP1/PM/NSIDC-0051.001/2018.03.19/nt_20180319_f17_v1.1_n.bin']
North,2018,3,20,14.233,0, ['/ecs/DP1/PM/NSIDC-0051.001/2018.03.20/nt_20180320_f17_v1.1_n.bin']
North,2018,3,21,14.243,0, ['/ecs/DP1/PM/NSIDC-0051.001/2018.03.21/nt_20180321_f17_v1.1_n.bin']
North,2018,3,22,14.318,0, ['/ecs/DP1/PM/NSIDC-0051.001/2018.03.22/nt_20180322_f17_v1.1_n.bin']
North,2018,3,23,14.271,0, ['/ecs/DP1/PM/NSIDC-0051.001/2018.03.23/nt_20180323_f17_v1.1_n.bin']
North,2018,3,24,14.246,0, ['/ecs/DP1/PM/NSIDC-0051.001/2018.03.24/nt_20180324_f17_v1.1_n.bin']
North,2018,3,25,14.201,0, ['/ecs/DP1/PM/NSIDC-0051.001/2018.03.25/nt_20180325_f17_v1.1_n.bin']
North,2018,3,26,14.209,0, ['/ecs/DP1/PM/NSIDC-0051.001/2018.03.26/nt_20180326_f17_v1.1_n.bin']
North,2018,3,27,14.274,0, ['/ecs/DP1/PM/NSIDC-0051.001/2018.03.27/nt_20180327_f17_v1.1_n.bin']
North,2018,3,28,14.309,0, ['/ecs/DP1/PM/NSIDC-0051.001/2018.03.28/nt_20180328_f17_v1.1_n.bin']
North,2018,3,29,14.235,0, ['/ecs/DP1/PM/NSIDC-0051.001/2018.03.29/nt_20180329_f17_v1.1_n.bin']
North,2018,3,30,14.239,0, ['/ecs/DP1/PM/NSIDC-0051.001/2018.03.30/nt_20180330_f17_v1.1_n.bin']
North,2018,3,31,14.257,0, ['/ecs/DP1/PM/NSIDC-0051.001/2018.03.31/nt_20180331_f17_v1.1_n.bin']
North,2018,4,1,14.196,0, ['/ecs/DP1/PM/NSIDC-0051.001/2018.04.01/nt_20180401_f17_v1.1_n.bin']
North,2018,4,2,14.119,0, ['/ecs/DP1/PM/NSIDC-0051.001/2018.04.02/nt_20180402_f17_v1.1_n.bin']
North,2018,4,3,14.02,0, ['/ecs/DP1/PM/NSIDC-0051.001/2018.04.03/nt_20180403_f17_v1.1_n.bin']
North,2018,4,4,14.045,0, ['/ecs/DP1/PM/NSIDC-0051.001/2018.04.04/nt_20180404_f17_v1.1_n.bin']
North,2018,4,5,13.972,0, ['/ecs/DP1/PM/NSIDC-0051.001/2018.04.05/nt_20180405_f17_v1.1_n.bin']
North,2018,4,6,13.939,0, ['/ecs/DP1/PM/NSIDC-0051.001/2018.04.06/nt_20180406_f17_v1.1_n.bin']
North,2018,4,7,13.877,0, ['/ecs/DP1/PM/NSIDC-0051.001/2018.04.07/nt_20180407_f17_v1.1_n.bin']
North,2018,4,8,13.919,0, ['/ecs/DP1/PM/NSIDC-0051.001/2018.04.08/nt_20180408_f17_v1.1_n.bin']
North,2018,4,9,13.903,0, ['/ecs/DP1/PM/NSIDC-0051.001/2018.04.09/nt_20180409_f17_v1.1_n.bin']
North,2018,4,10,13.852,0, ['/ecs/DP1/PM/NSIDC-0051.001/2018.04.10/nt_20180410_f17_v1.1_n.bin']
North,2018,4,11,13.889,0, ['/ecs/DP1/PM/NSIDC-0051.001/2018.04.11/nt_20180411_f17_v1.1_n.bin']
North,2018,4,12,13.827,0, ['/ecs/DP1/PM/NSIDC-0051.001/2018.04.12/nt_20180412_f17_v1.1_n.bin']
North,2018,4,13,13.833,0, ['/ecs/DP1/PM/NSIDC-0051.001/2018.04.13/nt_20180413_f17_v1.1_n.bin']
North,2018,4,14,13.76,0, ['/ecs/DP1/PM/NSIDC-0051.001/2018.04.14/nt_20180414_f17_v1.1_n.bin']
North,2018,4,15,13.728,0, ['/ecs/DP1/PM/NSIDC-0051.001/2018.04.15/nt_20180415_f17_v1.1_n.bin']
North,2018,4,16,13.648,0, ['/ecs/DP1/PM/NSIDC-0051.001/2018.04.16/nt_20180416_f17_v1.1_n.bin']
North,2018,4,17,13.666,0, ['/ecs/DP1/PM/NSIDC-0051.001/2018.04.17/nt_20180417_f17_v1.1_n.bin']
North,2018,4,18,13.652,0, ['/ecs/DP1/PM/NSIDC-0051.001/2018.04.18/nt_20180418_f17_v1.1_n.bin']
North,2018,4,19,13.589,0, ['/ecs/DP1/PM/NSIDC-0051.001/2018.04.19/nt_20180419_f17_v1.1_n.bin']
North,2018,4,20,13.562,0, ['/ecs/DP1/PM/NSIDC-0051.001/2018.04.20/nt_20180420_f17_v1.1_n.bin']
North,2018,4,21,13.534,0, ['/ecs/DP1/PM/NSIDC-0051.001/2018.04.21/nt_20180421_f17_v1.1_n.bin']
North,2018,4,22,13.414,0, ['/ecs/DP1/PM/NSIDC-0051.001/2018.04.22/nt_20180422_f17_v1.1_n.bin']
North,2018,4,23,13.449,0, ['/ecs/DP1/PM/NSIDC-0051.001/2018.04.23/nt_20180423_f17_v1.1_n.bin']
North,2018,4,24,13.465,0, ['/ecs/DP1/PM/NSIDC-0051.001/2018.04.24/nt_20180424_f17_v1.1_n.bin']
North,2018,4,25,13.42,0, ['/ecs/DP1/PM/NSIDC-0051.001/2018.04.25/nt_20180425_f17_v1.1_n.bin']
North,2018,4,26,13.446,0, ['/ecs/DP1/PM/NSIDC-0051.001/2018.04.26/nt_20180426_f17_v1.1_n.bin']
North,2018,4,27,13.399,0, ['/ecs/DP1/PM/NSIDC-0051.001/2018.04.27/nt_20180427_f17_v1.1_n.bin']
North,2018,4,28,13.257,0, ['/ecs/DP1/PM/NSIDC-0051.001/2018.04.28/nt_20180428_f17_v1.1_n.bin']
North,2018,4,29,13.25,0, ['/ecs/DP1/PM/NSIDC-0051.001/2018.04.29/nt_20180429_f17_v1.1_n.bin']
North,2018,4,30,13.252,0, ['/ecs/DP1/PM/NSIDC-0051.001/2018.04.30/nt_20180430_f17_v1.1_n.bin']
North,2018,5,1,13.054,0, ['/ecs/DP1/PM/NSIDC-0051.001/2018.05.01/nt_20180501_f17_v1.1_n.bin']
North,2018,5,2,13.012,0, ['/ecs/DP1/PM/NSIDC-0051.001/2018.05.02/nt_20180502_f17_v1.1_n.bin']
North,2018,5,3,12.941,0, ['/ecs/DP1/PM/NSIDC-0051.001/2018.05.03/nt_20180503_f17_v1.1_n.bin']
North,2018,5,4,12.841,0, ['/ecs/DP1/PM/NSIDC-0051.001/2018.05.04/nt_20180504_f17_v1.1_n.bin']
North,2018,5,5,12.769,0, ['/ecs/DP1/PM/NSIDC-0051.001/2018.05.05/nt_20180505_f17_v1.1_n.bin']
North,2018,5,6,12.647,0, ['/ecs/DP1/PM/NSIDC-0051.001/2018.05.06/nt_20180506_f17_v1.1_n.bin']
North,2018,5,7,12.57,0, ['/ecs/DP1/PM/NSIDC-0051.001/2018.05.07/nt_20180507_f17_v1.1_n.bin']
North,2018,5,8,12.58,0, ['/ecs/DP1/PM/NSIDC-0051.001/2018.05.08/nt_20180508_f17_v1.1_n.bin']
North,2018,5,9,12.542,0, ['/ecs/DP1/PM/NSIDC-0051.001/2018.05.09/nt_20180509_f17_v1.1_n.bin']
North,2018,5,10,12.521,0, ['/ecs/DP1/PM/NSIDC-0051.001/2018.05.10/nt_20180510_f17_v1.1_n.bin']
North,2018,5,11,12.459,0, ['/ecs/DP1/PM/NSIDC-0051.001/2018.05.11/nt_20180511_f17_v1.1_n.bin']
North,2018,5,12,12.358,0, ['/ecs/DP1/PM/NSIDC-0051.001/2018.05.12/nt_20180512_f17_v1.1_n.bin']
North,2018,5,13,12.249,0, ['/ecs/DP1/PM/NSIDC-0051.001/2018.05.13/nt_20180513_f17_v1.1_n.bin']
North,2018,5,14,12.28,0, ['/ecs/DP1/PM/NSIDC-0051.001/2018.05.14/nt_20180514_f17_v1.1_n.bin']
North,2018,5,15,12.209,0, ['/ecs/DP1/PM/NSIDC-0051.001/2018.05.15/nt_20180515_f17_v1.1_n.bin']
North,2018,5,16,12.249,0, ['/ecs/DP1/PM/NSIDC-0051.001/2018.05.16/nt_20180516_f17_v1.1_n.bin']
North,2018,5,17,12.231,0, ['/ecs/DP1/PM/NSIDC-0051.001/2018.05.17/nt_20180517_f17_v1.1_n.bin']
North,2018,5,18,12.111,0, ['/ecs/DP1/PM/NSIDC-0051.001/2018.05.18/nt_20180518_f17_v1.1_n.bin']
North,2018,5,19,12.043,0, ['/ecs/DP1/PM/NSIDC-0051.001/2018.05.19/nt_20180519_f17_v1.1_n.bin']
North,2018,5,20,11.99,0, ['/ecs/DP1/PM/NSIDC-0051.001/2018.05.20/nt_20180520_f17_v1.1_n.bin']
North,2018,5,21,11.891,0, ['/ecs/DP1/PM/NSIDC-0051.001/2018.05.21/nt_20180521_f17_v1.1_n.bin']
North,2018,5,22,11.872,0, ['/ecs/DP1/PM/NSIDC-0051.001/2018.05.22/nt_20180522_f17_v1.1_n.bin']
North,2018,5,23,11.885,0, ['/ecs/DP1/PM/NSIDC-0051.001/2018.05.23/nt_20180523_f17_v1.1_n.bin']
North,2018,5,24,11.801,0, ['/ecs/DP1/PM/NSIDC-0051.001/2018.05.24/nt_20180524_f17_v1.1_n.bin']
North,2018,5,25,11.828,0, ['/ecs/DP1/PM/NSIDC-0051.001/2018.05.25/nt_20180525_f17_v1.1_n.bin']
North,2018,5,26,11.823,0, ['/ecs/DP1/PM/NSIDC-0051.001/2018.05.26/nt_20180526_f17_v1.1_n.bin']
North,2018,5,27,11.765,0, ['/ecs/DP1/PM/NSIDC-0051.001/2018.05.27/nt_20180527_f17_v1.1_n.bin']
North,2018,5,28,11.757,0, ['/ecs/DP1/PM/NSIDC-0051.001/2018.05.28/nt_20180528_f17_v1.1_n.bin']
North,2018,5,29,11.693,0, ['/ecs/DP1/PM/NSIDC-0051.001/2018.05.29/nt_20180529_f17_v1.1_n.bin']
North,2018,5,30,11.612,0, ['/ecs/DP1/PM/NSIDC-0051.001/2018.05.30/nt_20180530_f17_v1.1_n.bin']
North,2018,5,31,11.61,0, ['/ecs/DP1/PM/NSIDC-0051.001/2018.05.31/nt_20180531_f17_v1.1_n.bin']
North,2018,6,1,11.44,0, ['/ecs/DP1/PM/NSIDC-0051.001/2018.06.01/nt_20180601_f17_v1.1_n.bin']
North,2018,6,2,11.442,0, ['/ecs/DP1/PM/NSIDC-0051.001/2018.06.02/nt_20180602_f17_v1.1_n.bin']
North,2018,6,3,11.368,0, ['/ecs/DP1/PM/NSIDC-0051.001/2018.06.03/nt_20180603_f17_v1.1_n.bin']
North,2018,6,4,11.291,0, ['/ecs/DP1/PM/NSIDC-0051.001/2018.06.04/nt_20180604_f17_v1.1_n.bin']
North,2018,6,5,11.26,0, ['/ecs/DP1/PM/NSIDC-0051.001/2018.06.05/nt_20180605_f17_v1.1_n.bin']
North,2018,6,6,11.161,0, ['/ecs/DP1/PM/NSIDC-0051.001/2018.06.06/nt_20180606_f17_v1.1_n.bin']
North,2018,6,7,11.167,0, ['/ecs/DP1/PM/NSIDC-0051.001/2018.06.07/nt_20180607_f17_v1.1_n.bin']
North,2018,6,8,11.102,0, ['/ecs/DP1/PM/NSIDC-0051.001/2018.06.08/nt_20180608_f17_v1.1_n.bin']
North,2018,6,9,11.079,0, ['/ecs/DP1/PM/NSIDC-0051.001/2018.06.09/nt_20180609_f17_v1.1_n.bin']
North,2018,6,10,11.048,0, ['/ecs/DP1/PM/NSIDC-0051.001/2018.06.10/nt_20180610_f17_v1.1_n.bin']
North,2018,6,11,11.034,0, ['/ecs/DP1/PM/NSIDC-0051.001/2018.06.11/nt_20180611_f17_v1.1_n.bin']
North,2018,6,12,11.002,0, ['/ecs/DP1/PM/NSIDC-0051.001/2018.06.12/nt_20180612_f17_v1.1_n.bin']
North,2018,6,13,10.972,0, ['/ecs/DP1/PM/NSIDC-0051.001/2018.06.13/nt_20180613_f17_v1.1_n.bin']
North,2018,6,14,10.882,0, ['/ecs/DP1/PM/NSIDC-0051.001/2018.06.14/nt_20180614_f17_v1.1_n.bin']
North,2018,6,15,10.839,0, ['/ecs/DP1/PM/NSIDC-0051.001/2018.06.15/nt_20180615_f17_v1.1_n.bin']
North,2018,6,16,10.72,0, ['/ecs/DP1/PM/NSIDC-0051.001/2018.06.16/nt_20180616_f17_v1.1_n.bin']
North,2018,6,17,10.742,0, ['/ecs/DP1/PM/NSIDC-0051.001/2018.06.17/nt_20180617_f17_v1.1_n.bin']
North,2018,6,18,10.801,0, ['/ecs/DP1/PM/NSIDC-0051.001/2018.06.18/nt_20180618_f17_v1.1_n.bin']
North,2018,6,19,10.694,0, ['/ecs/DP1/PM/NSIDC-0051.001/2018.06.19/nt_20180619_f17_v1.1_n.bin']
North,2018,6,20,10.696,0, ['/ecs/DP1/PM/NSIDC-0051.001/2018.06.20/nt_20180620_f17_v1.1_n.bin']
North,2018,6,21,10.582,0, ['/ecs/DP1/PM/NSIDC-0051.001/2018.06.21/nt_20180621_f17_v1.1_n.bin']
North,2018,6,22,10.483,0, ['/ecs/DP1/PM/NSIDC-0051.001/2018.06.22/nt_20180622_f17_v1.1_n.bin']
North,2018,6,23,10.411,0, ['/ecs/DP1/PM/NSIDC-0051.001/2018.06.23/nt_20180623_f17_v1.1_n.bin']
North,2018,6,24,10.399,0, ['/ecs/DP1/PM/NSIDC-0051.001/2018.06.24/nt_20180624_f17_v1.1_n.bin']
North,2018,6,25,10.293,0, ['/ecs/DP1/PM/NSIDC-0051.001/2018.06.25/nt_20180625_f17_v1.1_n.bin']
North,2018,6,26,10.225,0, ['/ecs/DP1/PM/NSIDC-0051.001/2018.06.26/nt_20180626_f17_v1.1_n.bin']
North,2018,6,27,10.136,0, ['/ecs/DP1/PM/NSIDC-0051.001/2018.06.27/nt_20180627_f17_v1.1_n.bin']
North,2018,6,28,10.053,0, ['/ecs/DP1/PM/NSIDC-0051.001/2018.06.28/nt_20180628_f17_v1.1_n.bin']
North,2018,6,29,10.017,0, ['/ecs/DP1/PM/NSIDC-0051.001/2018.06.29/nt_20180629_f17_v1.1_n.bin']
North,2018,6,30,9.986,0, ['/ecs/DP1/PM/NSIDC-0051.001/2018.06.30/nt_20180630_f17_v1.1_n.bin']
North,2018,7,1,9.759,0, ['/ecs/DP1/PM/NSIDC-0051.001/2018.07.01/nt_20180701_f17_v1.1_n.bin']
North,2018,7,2,9.66,0, ['/ecs/DP1/PM/NSIDC-0051.001/2018.07.02/nt_20180702_f17_v1.1_n.bin']
North,2018,7,3,9.633,0, ['/ecs/DP1/PM/NSIDC-0051.001/2018.07.03/nt_20180703_f17_v1.1_n.bin']
North,2018,7,4,9.543,0, ['/ecs/DP1/PM/NSIDC-0051.001/2018.07.04/nt_20180704_f17_v1.1_n.bin']
North,2018,7,5,9.359,0, ['/ecs/DP1/PM/NSIDC-0051.001/2018.07.05/nt_20180705_f17_v1.1_n.bin']
North,2018,7,6,9.389,0, ['/ecs/DP1/PM/NSIDC-0051.001/2018.07.06/nt_20180706_f17_v1.1_n.bin']
North,2018,7,7,9.189,0, ['/ecs/DP1/PM/NSIDC-0051.001/2018.07.07/nt_20180707_f17_v1.1_n.bin']
North,2018,7,8,9.193,0, ['/ecs/DP1/PM/NSIDC-0051.001/2018.07.08/nt_20180708_f17_v1.1_n.bin']
North,2018,7,9,9.17,0, ['/ecs/DP1/PM/NSIDC-0051.001/2018.07.09/nt_20180709_f17_v1.1_n.bin']
North,2018,7,10,9.012,0, ['/ecs/DP1/PM/NSIDC-0051.001/2018.07.10/nt_20180710_f17_v1.1_n.bin']
North,2018,7,11,8.85,0, ['/ecs/DP1/PM/NSIDC-0051.001/2018.07.11/nt_20180711_f17_v1.1_n.bin']
North,2018,7,12,8.724,0, ['/ecs/DP1/PM/NSIDC-0051.001/2018.07.12/nt_20180712_f17_v1.1_n.bin']
North,2018,7,13,8.48,0, ['/ecs/DP1/PM/NSIDC-0051.001/2018.07.13/nt_20180713_f17_v1.1_n.bin']
North,2018,7,14,8.37,0, ['/ecs/DP1/PM/NSIDC-0051.001/2018.07.14/nt_20180714_f17_v1.1_n.bin']
North,2018,7,15,8.435,0, ['/ecs/DP1/PM/NSIDC-0051.001/2018.07.15/nt_20180715_f17_v1.1_n.bin']
North,2018,7,16,8.345,0, ['/ecs/DP1/PM/NSIDC-0051.001/2018.07.16/nt_20180716_f17_v1.1_n.bin']
North,2018,7,17,8.232,0, ['/ecs/DP1/PM/NSIDC-0051.001/2018.07.17/nt_20180717_f17_v1.1_n.bin']
North,2018,7,18,8.152,0, ['/ecs/DP1/PM/NSIDC-0051.001/2018.07.18/nt_20180718_f17_v1.1_n.bin']
North,2018,7,19,8.111,0, ['/ecs/DP1/PM/NSIDC-0051.001/2018.07.19/nt_20180719_f17_v1.1_n.bin']
North,2018,7,20,7.931,0, ['/ecs/DP1/PM/NSIDC-0051.001/2018.07.20/nt_20180720_f17_v1.1_n.bin']
North,2018,7,21,7.761,0, ['/ecs/DP1/PM/NSIDC-0051.001/2018.07.21/nt_20180721_f17_v1.1_n.bin']
North,2018,7,22,7.614,0, ['/ecs/DP1/PM/NSIDC-0051.001/2018.07.22/nt_20180722_f17_v1.1_n.bin']
North,2018,7,23,7.356,0, ['/ecs/DP1/PM/NSIDC-0051.001/2018.07.23/nt_20180723_f17_v1.1_n.bin']
North,2018,7,24,7.238,0, ['/ecs/DP1/PM/NSIDC-0051.001/2018.07.24/nt_20180724_f17_v1.1_n.bin']
North,2018,7,25,7.245,0, ['/ecs/DP1/PM/NSIDC-0051.001/2018.07.25/nt_20180725_f17_v1.1_n.bin']
North,2018,7,26,7.162,0, ['/ecs/DP1/PM/NSIDC-0051.001/2018.07.26/nt_20180726_f17_v1.1_n.bin']
North,2018,7,27,7.077,0, ['/ecs/DP1/PM/NSIDC-0051.001/2018.07.27/nt_20180727_f17_v1.1_n.bin']
North,2018,7,28,7.096,0, ['/ecs/DP1/PM/NSIDC-0051.001/2018.07.28/nt_20180728_f17_v1.1_n.bin']
North,2018,7,29,6.93,0, ['/ecs/DP1/PM/NSIDC-0051.001/2018.07.29/nt_20180729_f17_v1.1_n.bin']
North,2018,7,30,6.711,0, ['/ecs/DP1/PM/NSIDC-0051.001/2018.07.30/nt_20180730_f17_v1.1_n.bin']
North,2018,7,31,6.584,0, ['/ecs/DP1/PM/NSIDC-0051.001/2018.07.31/nt_20180731_f17_v1.1_n.bin']
North,2018,8,1,6.53,0, ['/ecs/DP1/PM/NSIDC-0051.001/2018.08.01/nt_20180801_f17_v1.1_n.bin']
North,2018,8,2,6.526,0, ['/ecs/DP1/PM/NSIDC-0051.001/2018.08.02/nt_20180802_f17_v1.1_n.bin']
North,2018,8,3,6.41,0, ['/ecs/DP1/PM/NSIDC-0051.001/2018.08.03/nt_20180803_f17_v1.1_n.bin']
North,2018,8,4,6.368,0, ['/ecs/DP1/PM/NSIDC-0051.001/2018.08.04/nt_20180804_f17_v1.1_n.bin']
North,2018,8,5,6.253,0, ['/ecs/DP1/PM/NSIDC-0051.001/2018.08.05/nt_20180805_f17_v1.1_n.bin']
North,2018,8,6,6.124,0, ['/ecs/DP1/PM/NSIDC-0051.001/2018.08.06/nt_20180806_f17_v1.1_n.bin']
North,2018,8,7,6.04,0, ['/ecs/DP1/PM/NSIDC-0051.001/2018.08.07/nt_20180807_f17_v1.1_n.bin']
North,2018,8,8,5.998,0, ['/ecs/DP1/PM/NSIDC-0051.001/2018.08.08/nt_20180808_f17_v1.1_n.bin']
North,2018,8,9,5.963,0, ['/ecs/DP1/PM/NSIDC-0051.001/2018.08.09/nt_20180809_f17_v1.1_n.bin']
North,2018,8,10,5.864,0, ['/ecs/DP1/PM/NSIDC-0051.001/2018.08.10/nt_20180810_f17_v1.1_n.bin']
North,2018,8,11,5.891,0, ['/ecs/DP1/PM/NSIDC-0051.001/2018.08.11/nt_20180811_f17_v1.1_n.bin']
North,2018,8,12,5.86,0, ['/ecs/DP1/PM/NSIDC-0051.001/2018.08.12/nt_20180812_f17_v1.1_n.bin']
North,2018,8,13,5.737,0, ['/ecs/DP1/PM/NSIDC-0051.001/2018.08.13/nt_20180813_f17_v1.1_n.bin']
North,2018,8,14,5.636,0, ['/ecs/DP1/PM/NSIDC-0051.001/2018.08.14/nt_20180814_f17_v1.1_n.bin']
North,2018,8,15,5.561,0, ['/ecs/DP1/PM/NSIDC-0051.001/2018.08.15/nt_20180815_f17_v1.1_n.bin']
North,2018,8,16,5.476,0, ['/ecs/DP1/PM/NSIDC-0051.001/2018.08.16/nt_20180816_f17_v1.1_n.bin']
North,2018,8,17,5.449,0, ['/ecs/DP1/PM/NSIDC-0051.001/2018.08.17/nt_20180817_f17_v1.1_n.bin']
North,2018,8,18,5.453,0, ['/ecs/DP1/PM/NSIDC-0051.001/2018.08.18/nt_20180818_f17_v1.1_n.bin']
North,2018,8,19,5.422,0, ['/ecs/DP1/PM/NSIDC-0051.001/2018.08.19/nt_20180819_f17_v1.1_n.bin']
North,2018,8,20,5.277,0, ['/ecs/DP1/PM/NSIDC-0051.001/2018.08.20/nt_20180820_f17_v1.1_n.bin']
North,2018,8,21,5.254,0, ['/ecs/DP1/PM/NSIDC-0051.001/2018.08.21/nt_20180821_f17_v1.1_n.bin']
North,2018,8,22,5.2,0, ['/ecs/DP1/PM/NSIDC-0051.001/2018.08.22/nt_20180822_f17_v1.1_n.bin']
North,2018,8,23,5.222,0, ['/ecs/DP1/PM/NSIDC-0051.001/2018.08.23/nt_20180823_f17_v1.1_n.bin']
North,2018,8,24,5.159,0, ['/ecs/DP1/PM/NSIDC-0051.001/2018.08.24/nt_20180824_f17_v1.1_n.bin']
North,2018,8,25,5.128,0, ['/ecs/DP1/PM/NSIDC-0051.001/2018.08.25/nt_20180825_f17_v1.1_n.bin']
North,2018,8,26,5.095,0, ['/ecs/DP1/PM/NSIDC-0051.001/2018.08.26/nt_20180826_f17_v1.1_n.bin']
North,2018,8,27,5.066,0, ['/ecs/DP1/PM/NSIDC-0051.001/2018.08.27/nt_20180827_f17_v1.1_n.bin']
North,2018,8,28,5.022,0, ['/ecs/DP1/PM/NSIDC-0051.001/2018.08.28/nt_20180828_f17_v1.1_n.bin']
North,2018,8,29,5.01,0, ['/ecs/DP1/PM/NSIDC-0051.001/2018.08.29/nt_20180829_f17_v1.1_n.bin']
North,2018,8,30,5.057,0, ['/ecs/DP1/PM/NSIDC-0051.001/2018.08.30/nt_20180830_f17_v1.1_n.bin']
North,2018,8,31,5.008,0, ['/ecs/DP1/PM/NSIDC-0051.001/2018.08.31/nt_20180831_f17_v1.1_n.bin']
North,2018,9,1,4.945,0, ['/ecs/DP1/PM/NSIDC-0051.001/2018.09.01/nt_20180901_f17_v1.1_n.bin']
North,2018,9,2,4.895,0, ['/ecs/DP1/PM/NSIDC-0051.001/2018.09.02/nt_20180902_f17_v1.1_n.bin']
North,2018,9,3,4.887,0, ['/ecs/DP1/PM/NSIDC-0051.001/2018.09.03/nt_20180903_f17_v1.1_n.bin']
North,2018,9,4,4.88,0, ['/ecs/DP1/PM/NSIDC-0051.001/2018.09.04/nt_20180904_f17_v1.1_n.bin']
North,2018,9,5,4.87,0, ['/ecs/DP1/PM/NSIDC-0051.001/2018.09.05/nt_20180905_f17_v1.1_n.bin']
North,2018,9,6,4.874,0, ['/ecs/DP1/PM/NSIDC-0051.001/2018.09.06/nt_20180906_f17_v1.1_n.bin']
North,2018,9,7,4.841,0, ['/ecs/DP1/PM/NSIDC-0051.001/2018.09.07/nt_20180907_f17_v1.1_n.bin']
North,2018,9,8,4.821,0, ['/ecs/DP1/PM/NSIDC-0051.001/2018.09.08/nt_20180908_f17_v1.1_n.bin']
North,2018,9,9,4.827,0, ['/ecs/DP1/PM/NSIDC-0051.001/2018.09.09/nt_20180909_f17_v1.1_n.bin']
North,2018,9,10,4.807,0, ['/ecs/DP1/PM/NSIDC-0051.001/2018.09.10/nt_20180910_f17_v1.1_n.bin']
North,2018,9,11,4.763,0, ['/ecs/DP1/PM/NSIDC-0051.001/2018.09.11/nt_20180911_f17_v1.1_n.bin']
North,2018,9,12,4.749,0, ['/ecs/DP1/PM/NSIDC-0051.001/2018.09.12/nt_20180912_f17_v1.1_n.bin']
North,2018,9,13,4.757,0, ['/ecs/DP1/PM/NSIDC-0051.001/2018.09.13/nt_20180913_f17_v1.1_n.bin']
North,2018,9,14,4.7,0, ['/ecs/DP1/PM/NSIDC-0051.001/2018.09.14/nt_20180914_f17_v1.1_n.bin']
North,2018,9,15,4.688,0, ['/ecs/DP1/PM/NSIDC-0051.001/2018.09.15/nt_20180915_f17_v1.1_n.bin']
North,2018,9,16,4.673,0, ['/ecs/DP1/PM/NSIDC-0051.001/2018.09.16/nt_20180916_f17_v1.1_n.bin']
North,2018,9,17,4.677,0, ['/ecs/DP1/PM/NSIDC-0051.001/2018.09.17/nt_20180917_f17_v1.1_n.bin']
North,2018,9,18,4.711,0, ['/ecs/DP1/PM/NSIDC-0051.001/2018.09.18/nt_20180918_f17_v1.1_n.bin']
North,2018,9,19,4.663,0, ['/ecs/DP1/PM/NSIDC-0051.001/2018.09.19/nt_20180919_f17_v1.1_n.bin']
North,2018,9,20,4.645,0, ['/ecs/DP1/PM/NSIDC-0051.001/2018.09.20/nt_20180920_f17_v1.1_n.bin']
North,2018,9,21,4.63,0, ['/ecs/DP1/PM/NSIDC-0051.001/2018.09.21/nt_20180921_f17_v1.1_n.bin']
North,2018,9,22,4.649,0, ['/ecs/DP1/PM/NSIDC-0051.001/2018.09.22/nt_20180922_f17_v1.1_n.bin']
North,2018,9,23,4.692,0, ['/ecs/DP1/PM/NSIDC-0051.001/2018.09.23/nt_20180923_f17_v1.1_n.bin']
North,2018,9,24,4.708,0, ['/ecs/DP1/PM/NSIDC-0051.001/2018.09.24/nt_20180924_f17_v1.1_n.bin']
North,2018,9,25,4.77,0, ['/ecs/DP1/PM/NSIDC-0051.001/2018.09.25/nt_20180925_f17_v1.1_n.bin']
North,2018,9,26,4.801,0, ['/ecs/DP1/PM/NSIDC-0051.001/2018.09.26/nt_20180926_f17_v1.1_n.bin']
North,2018,9,27,4.884,0, ['/ecs/DP1/PM/NSIDC-0051.001/2018.09.27/nt_20180927_f17_v1.1_n.bin']
North,2018,9,28,4.899,0, ['/ecs/DP1/PM/NSIDC-0051.001/2018.09.28/nt_20180928_f17_v1.1_n.bin']
North,2018,9,29,4.915,0, ['/ecs/DP1/PM/NSIDC-0051.001/2018.09.29/nt_20180929_f17_v1.1_n.bin']
North,2018,9,30,4.936,0, ['/ecs/DP1/PM/NSIDC-0051.001/2018.09.30/nt_20180930_f17_v1.1_n.bin']
North,2018,10,1,5.054,0, ['/ecs/DP1/PM/NSIDC-0051.001/2018.10.01/nt_20181001_f17_v1.1_n.bin']
North,2018,10,2,5.038,0, ['/ecs/DP1/PM/NSIDC-0051.001/2018.10.02/nt_20181002_f17_v1.1_n.bin']
North,2018,10,3,5.063,0, ['/ecs/DP1/PM/NSIDC-0051.001/2018.10.03/nt_20181003_f17_v1.1_n.bin']
North,2018,10,4,5.127,0, ['/ecs/DP1/PM/NSIDC-0051.001/2018.10.04/nt_20181004_f17_v1.1_n.bin']
North,2018,10,5,5.139,0, ['/ecs/DP1/PM/NSIDC-0051.001/2018.10.05/nt_20181005_f17_v1.1_n.bin']
North,2018,10,6,5.117,0, ['/ecs/DP1/PM/NSIDC-0051.001/2018.10.06/nt_20181006_f17_v1.1_n.bin']
North,2018,10,7,5.135,0, ['/ecs/DP1/PM/NSIDC-0051.001/2018.10.07/nt_20181007_f17_v1.1_n.bin']
North,2018,10,8,5.161,0, ['/ecs/DP1/PM/NSIDC-0051.001/2018.10.08/nt_20181008_f17_v1.1_n.bin']
North,2018,10,9,5.237,0, ['/ecs/DP1/PM/NSIDC-0051.001/2018.10.09/nt_20181009_f17_v1.1_n.bin']
North,2018,10,10,5.227,0, ['/ecs/DP1/PM/NSIDC-0051.001/2018.10.10/nt_20181010_f17_v1.1_n.bin']
North,2018,10,11,5.3,0, ['/ecs/DP1/PM/NSIDC-0051.001/2018.10.11/nt_20181011_f17_v1.1_n.bin']
North,2018,10,12,5.416,0, ['/ecs/DP1/PM/NSIDC-0051.001/2018.10.12/nt_20181012_f17_v1.1_n.bin']
North,2018,10,13,5.513,0, ['/ecs/DP1/PM/NSIDC-0051.001/2018.10.13/nt_20181013_f17_v1.1_n.bin']
North,2018,10,14,5.654,0, ['/ecs/DP1/PM/NSIDC-0051.001/2018.10.14/nt_20181014_f17_v1.1_n.bin']
North,2018,10,15,5.837,0, ['/ecs/DP1/PM/NSIDC-0051.001/2018.10.15/nt_20181015_f17_v1.1_n.bin']
North,2018,10,16,5.984,0, ['/ecs/DP1/PM/NSIDC-0051.001/2018.10.16/nt_20181016_f17_v1.1_n.bin']
North,2018,10,17,5.961,0, ['/ecs/DP1/PM/NSIDC-0051.001/2018.10.17/nt_20181017_f17_v1.1_n.bin']
North,2018,10,18,6.047,0, ['/ecs/DP1/PM/NSIDC-0051.001/2018.10.18/nt_20181018_f17_v1.1_n.bin']
North,2018,10,19,6.146,0, ['/ecs/DP1/PM/NSIDC-0051.001/2018.10.19/nt_20181019_f17_v1.1_n.bin']
North,2018,10,20,6.262,0, ['/ecs/DP1/PM/NSIDC-0051.001/2018.10.20/nt_20181020_f17_v1.1_n.bin']
North,2018,10,21,6.46,0, ['/ecs/DP1/PM/NSIDC-0051.001/2018.10.21/nt_20181021_f17_v1.1_n.bin']
North,2018,10,22,6.635,0, ['/ecs/DP1/PM/NSIDC-0051.001/2018.10.22/nt_20181022_f17_v1.1_n.bin']
North,2018,10,23,6.763,0, ['/ecs/DP1/PM/NSIDC-0051.001/2018.10.23/nt_20181023_f17_v1.1_n.bin']
North,2018,10,24,6.997,0, ['/ecs/DP1/PM/NSIDC-0051.001/2018.10.24/nt_20181024_f17_v1.1_n.bin']
North,2018,10,25,7.209,0, ['/ecs/DP1/PM/NSIDC-0051.001/2018.10.25/nt_20181025_f17_v1.1_n.bin']
North,2018,10,26,7.528,0, ['/ecs/DP1/PM/NSIDC-0051.001/2018.10.26/nt_20181026_f17_v1.1_n.bin']
North,2018,10,27,7.712,0, ['/ecs/DP1/PM/NSIDC-0051.001/2018.10.27/nt_20181027_f17_v1.1_n.bin']
North,2018,10,28,7.683,0, ['/ecs/DP1/PM/NSIDC-0051.001/2018.10.28/nt_20181028_f17_v1.1_n.bin']
North,2018,10,29,7.705,0, ['/ecs/DP1/PM/NSIDC-0051.001/2018.10.29/nt_20181029_f17_v1.1_n.bin']
North,2018,10,30,7.906,0, ['/ecs/DP1/PM/NSIDC-0051.001/2018.10.30/nt_20181030_f17_v1.1_n.bin']
North,2018,10,31,8.141,0, ['/ecs/DP1/PM/NSIDC-0051.001/2018.10.31/nt_20181031_f17_v1.1_n.bin']
North,2018,11,1,8.315,0, ['/ecs/DP1/PM/NSIDC-0051.001/2018.11.01/nt_20181101_f17_v1.1_n.bin']
North,2018,11,2,8.475,0, ['/ecs/DP1/PM/NSIDC-0051.001/2018.11.02/nt_20181102_f17_v1.1_n.bin']
North,2018,11,3,8.73,0, ['/ecs/DP1/PM/NSIDC-0051.001/2018.11.03/nt_20181103_f17_v1.1_n.bin']
North,2018,11,4,8.842,0, ['/ecs/DP1/PM/NSIDC-0051.001/2018.11.04/nt_20181104_f17_v1.1_n.bin']
North,2018,11,5,8.922,0, ['/ecs/DP1/PM/NSIDC-0051.001/2018.11.05/nt_20181105_f17_v1.1_n.bin']
North,2018,11,6,8.952,0, ['/ecs/DP1/PM/NSIDC-0051.001/2018.11.06/nt_20181106_f17_v1.1_n.bin']
North,2018,11,7,9.029,0, ['/ecs/DP1/PM/NSIDC-0051.001/2018.11.07/nt_20181107_f17_v1.1_n.bin']
North,2018,11,8,9.088,0, ['/ecs/DP1/PM/NSIDC-0051.001/2018.11.08/nt_20181108_f17_v1.1_n.bin']
North,2018,11,9,9.228,0, ['/ecs/DP1/PM/NSIDC-0051.001/2018.11.09/nt_20181109_f17_v1.1_n.bin']
North,2018,11,10,9.287,0, ['/ecs/DP1/PM/NSIDC-0051.001/2018.11.10/nt_20181110_f17_v1.1_n.bin']
North,2018,11,11,9.413,0, ['/ecs/DP1/PM/NSIDC-0051.001/2018.11.11/nt_20181111_f17_v1.1_n.bin']
North,2018,11,12,9.511,0, ['/ecs/DP1/PM/NSIDC-0051.001/2018.11.12/nt_20181112_f17_v1.1_n.bin']
North,2018,11,13,9.564,0, ['/ecs/DP1/PM/NSIDC-0051.001/2018.11.13/nt_20181113_f17_v1.1_n.bin']
North,2018,11,14,9.6,0, ['/ecs/DP1/PM/NSIDC-0051.001/2018.11.14/nt_20181114_f17_v1.1_n.bin']
North,2018,11,15,9.735,0, ['/ecs/DP1/PM/NSIDC-0051.001/2018.11.15/nt_20181115_f17_v1.1_n.bin']
North,2018,11,16,9.882,0, ['/ecs/DP1/PM/NSIDC-0051.001/2018.11.16/nt_20181116_f17_v1.1_n.bin']
North,2018,11,17,10.005,0, ['/ecs/DP1/PM/NSIDC-0051.001/2018.11.17/nt_20181117_f17_v1.1_n.bin']
North,2018,11,18,10.091,0, ['/ecs/DP1/PM/NSIDC-0051.001/2018.11.18/nt_20181118_f17_v1.1_n.bin']
North,2018,11,19,10.217,0, ['/ecs/DP1/PM/NSIDC-0051.001/2018.11.19/nt_20181119_f17_v1.1_n.bin']
North,2018,11,20,10.349,0, ['/ecs/DP1/PM/NSIDC-0051.001/2018.11.20/nt_20181120_f17_v1.1_n.bin']
North,2018,11,21,10.485,0, ['/ecs/DP1/PM/NSIDC-0051.001/2018.11.21/nt_20181121_f17_v1.1_n.bin']
North,2018,11,22,10.68,0, ['/ecs/DP1/PM/NSIDC-0051.001/2018.11.22/nt_20181122_f17_v1.1_n.bin']
North,2018,11,23,10.588,0, ['/ecs/DP1/PM/NSIDC-0051.001/2018.11.23/nt_20181123_f17_v1.1_n.bin']
North,2018,11,24,10.678,0, ['/ecs/DP1/PM/NSIDC-0051.001/2018.11.24/nt_20181124_f17_v1.1_n.bin']
North,2018,11,25,10.697,0, ['/ecs/DP1/PM/NSIDC-0051.001/2018.11.25/nt_20181125_f17_v1.1_n.bin']
North,2018,11,26,10.775,0, ['/ecs/DP1/PM/NSIDC-0051.001/2018.11.26/nt_20181126_f17_v1.1_n.bin']
North,2018,11,27,10.795,0, ['/ecs/DP1/PM/NSIDC-0051.001/2018.11.27/nt_20181127_f17_v1.1_n.bin']
North,2018,11,28,10.826,0, ['/ecs/DP1/PM/NSIDC-0051.001/2018.11.28/nt_20181128_f17_v1.1_n.bin']
North,2018,11,29,10.929,0, ['/ecs/DP1/PM/NSIDC-0051.001/2018.11.29/nt_20181129_f17_v1.1_n.bin']
North,2018,11,30,11.006,0, ['/ecs/DP1/PM/NSIDC-0051.001/2018.11.30/nt_20181130_f17_v1.1_n.bin']
North,2018,12,1,11.071,0, ['/ecs/DP1/PM/NSIDC-0051.001/2018.12.01/nt_20181201_f17_v1.1_n.bin']
North,2018,12,2,11.075,0, ['/ecs/DP1/PM/NSIDC-0051.001/2018.12.02/nt_20181202_f17_v1.1_n.bin']
North,2018,12,3,11.175,0, ['/ecs/DP1/PM/NSIDC-0051.001/2018.12.03/nt_20181203_f17_v1.1_n.bin']
North,2018,12,4,11.138,0, ['/ecs/DP1/PM/NSIDC-0051.001/2018.12.04/nt_20181204_f17_v1.1_n.bin']
North,2018,12,5,11.203,0, ['/ecs/DP1/PM/NSIDC-0051.001/2018.12.05/nt_20181205_f17_v1.1_n.bin']
North,2018,12,6,11.233,0, ['/ecs/DP1/PM/NSIDC-0051.001/2018.12.06/nt_20181206_f17_v1.1_n.bin']
North,2018,12,7,11.337,0, ['/ecs/DP1/PM/NSIDC-0051.001/2018.12.07/nt_20181207_f17_v1.1_n.bin']
North,2018,12,8,11.413,0, ['/ecs/DP1/PM/NSIDC-0051.001/2018.12.08/nt_20181208_f17_v1.1_n.bin']
North,2018,12,9,11.503,0, ['/ecs/DP1/PM/NSIDC-0051.001/2018.12.09/nt_20181209_f17_v1.1_n.bin']
North,2018,12,10,11.506,0, ['/ecs/DP1/PM/NSIDC-0051.001/2018.12.10/nt_20181210_f17_v1.1_n.bin']
North,2018,12,11,11.648,0, ['/ecs/DP1/PM/NSIDC-0051.001/2018.12.11/nt_20181211_f17_v1.1_n.bin']
North,2018,12,12,11.672,0, ['/ecs/DP1/PM/NSIDC-0051.001/2018.12.12/nt_20181212_f17_v1.1_n.bin']
North,2018,12,13,11.811,0, ['/ecs/DP1/PM/NSIDC-0051.001/2018.12.13/nt_20181213_f17_v1.1_n.bin']
North,2018,12,14,11.856,0, ['/ecs/DP1/PM/NSIDC-0051.001/2018.12.14/nt_20181214_f17_v1.1_n.bin']
North,2018,12,15,11.926,0, ['/ecs/DP1/PM/NSIDC-0051.001/2018.12.15/nt_20181215_f17_v1.1_n.bin']
North,2018,12,16,11.972,0, ['/ecs/DP1/PM/NSIDC-0051.001/2018.12.16/nt_20181216_f17_v1.1_n.bin']
North,2018,12,17,12.007,0, ['/ecs/DP1/PM/NSIDC-0051.001/2018.12.17/nt_20181217_f17_v1.1_n.bin']
North,2018,12,18,12.066,0, ['/ecs/DP1/PM/NSIDC-0051.001/2018.12.18/nt_20181218_f17_v1.1_n.bin']
North,2018,12,19,12.115,0, ['/ecs/DP1/PM/NSIDC-0051.001/2018.12.19/nt_20181219_f17_v1.1_n.bin']
North,2018,12,20,12.054,0, ['/ecs/DP1/PM/NSIDC-0051.001/2018.12.20/nt_20181220_f17_v1.1_n.bin']
North,2018,12,21,12.16,0, ['/ecs/DP1/PM/NSIDC-0051.001/2018.12.21/nt_20181221_f17_v1.1_n.bin']
North,2018,12,22,12.269,0, ['/ecs/DP1/PM/NSIDC-0051.001/2018.12.22/nt_20181222_f17_v1.1_n.bin']
North,2018,12,23,12.316,0, ['/ecs/DP1/PM/NSIDC-0051.001/2018.12.23/nt_20181223_f17_v1.1_n.bin']
North,2018,12,24,12.253,0, ['/ecs/DP1/PM/NSIDC-0051.001/2018.12.24/nt_20181224_f17_v1.1_n.bin']
North,2018,12,25,12.273,0, ['/ecs/DP1/PM/NSIDC-0051.001/2018.12.25/nt_20181225_f17_v1.1_n.bin']
North,2018,12,26,12.272,0, ['/ecs/DP1/PM/NSIDC-0051.001/2018.12.26/nt_20181226_f17_v1.1_n.bin']
North,2018,12,27,12.325,0, ['/ecs/DP1/PM/NSIDC-0051.001/2018.12.27/nt_20181227_f17_v1.1_n.bin']
North,2018,12,28,12.344,0, ['/ecs/DP1/PM/NSIDC-0051.001/2018.12.28/nt_20181228_f17_v1.1_n.bin']
North,2018,12,29,12.523,0, ['/ecs/DP1/PM/NSIDC-0051.001/2018.12.29/nt_20181229_f17_v1.1_n.bin']
North,2018,12,30,12.569,0, ['/ecs/DP1/PM/NSIDC-0051.001/2018.12.30/nt_20181230_f17_v1.1_n.bin']
North,2018,12,31,12.621,0, ['/ecs/DP1/PM/NSIDC-0051.001/2018.12.31/nt_20181231_f17_v1.1_n.bin']
North,2019,1,1,12.934,0, ['/ecs/DP1/PM/NSIDC-0051.001/2019.01.01/nt_20190101_f17_v1.1_n.bin']
North,2019,1,2,12.992,0, ['/ecs/DP1/PM/NSIDC-0051.001/2019.01.02/nt_20190102_f17_v1.1_n.bin']
North,2019,1,3,12.98,0, ['/ecs/DP1/PM/NSIDC-0051.001/2019.01.03/nt_20190103_f17_v1.1_n.bin']
North,2019,1,4,13.045,0, ['/ecs/DP1/PM/NSIDC-0051.001/2019.01.04/nt_20190104_f17_v1.1_n.bin']
North,2019,1,5,13.147,0, ['/ecs/DP1/PM/NSIDC-0051.001/2019.01.05/nt_20190105_f17_v1.1_n.bin']
North,2019,1,6,13.316,0, ['/ecs/DP1/PM/NSIDC-0051.001/2019.01.06/nt_20190106_f17_v1.1_n.bin']
North,2019,1,7,13.282,0, ['/ecs/DP1/PM/NSIDC-0051.001/2019.01.07/nt_20190107_f17_v1.1_n.bin']
North,2019,1,8,13.236,0, ['/ecs/DP1/PM/NSIDC-0051.001/2019.01.08/nt_20190108_f17_v1.1_n.bin']
North,2019,1,9,13.458,0, ['/ecs/DP1/PM/NSIDC-0051.001/2019.01.09/nt_20190109_f17_v1.1_n.bin']
North,2019,1,10,13.383,0, ['/ecs/DP1/PM/NSIDC-0051.001/2019.01.10/nt_20190110_f17_v1.1_n.bin']
North,2019,1,11,13.389,0, ['/ecs/DP1/PM/NSIDC-0051.001/2019.01.11/nt_20190111_f17_v1.1_n.bin']
North,2019,1,12,13.324,0, ['/ecs/DP1/PM/NSIDC-0051.001/2019.01.12/nt_20190112_f17_v1.1_n.bin']
North,2019,1,13,13.339,0, ['/ecs/DP1/PM/NSIDC-0051.001/2019.01.13/nt_20190113_f17_v1.1_n.bin']
North,2019,1,14,13.462,0, ['/ecs/DP1/PM/NSIDC-0051.001/2019.01.14/nt_20190114_f17_v1.1_n.bin']
North,2019,1,15,13.537,0, ['/ecs/DP1/PM/NSIDC-0051.001/2019.01.15/nt_20190115_f17_v1.1_n.bin']
North,2019,1,16,13.575,0, ['/ecs/DP1/PM/NSIDC-0051.001/2019.01.16/nt_20190116_f17_v1.1_n.bin']
North,2019,1,17,13.633,0, ['/ecs/DP1/PM/NSIDC-0051.001/2019.01.17/nt_20190117_f17_v1.1_n.bin']
North,2019,1,18,13.639,0, ['/ecs/DP1/PM/NSIDC-0051.001/2019.01.18/nt_20190118_f17_v1.1_n.bin']
North,2019,1,19,13.686,0, ['/ecs/DP1/PM/NSIDC-0051.001/2019.01.19/nt_20190119_f17_v1.1_n.bin']
North,2019,1,20,13.759,0, ['/ecs/DP1/PM/NSIDC-0051.001/2019.01.20/nt_20190120_f17_v1.1_n.bin']
North,2019,1,21,13.82,0, ['/ecs/DP1/PM/NSIDC-0051.001/2019.01.21/nt_20190121_f17_v1.1_n.bin']
North,2019,1,22,13.805,0, ['/ecs/DP1/PM/NSIDC-0051.001/2019.01.22/nt_20190122_f17_v1.1_n.bin']
North,2019,1,23,13.865,0, ['/ecs/DP1/PM/NSIDC-0051.001/2019.01.23/nt_20190123_f17_v1.1_n.bin']
North,2019,1,24,13.906,0, ['/ecs/DP1/PM/NSIDC-0051.001/2019.01.24/nt_20190124_f17_v1.1_n.bin']
North,2019,1,25,13.89,0, ['/ecs/DP1/PM/NSIDC-0051.001/2019.01.25/nt_20190125_f17_v1.1_n.bin']
North,2019,1,26,13.939,0, ['/ecs/DP1/PM/NSIDC-0051.001/2019.01.26/nt_20190126_f17_v1.1_n.bin']
North,2019,1,27,14.054,0, ['/ecs/DP1/PM/NSIDC-0051.001/2019.01.27/nt_20190127_f17_v1.1_n.bin']
North,2019,1,28,14.076,0, ['/ecs/DP1/PM/NSIDC-0051.001/2019.01.28/nt_20190128_f17_v1.1_n.bin']
North,2019,1,29,14.051,0, ['/ecs/DP1/PM/NSIDC-0051.001/2019.01.29/nt_20190129_f17_v1.1_n.bin']
North,2019,1,30,14.041,0, ['/ecs/DP1/PM/NSIDC-0051.001/2019.01.30/nt_20190130_f17_v1.1_n.bin']
North,2019,1,31,14.021,0, ['/ecs/DP1/PM/NSIDC-0051.001/2019.01.31/nt_20190131_f17_v1.1_n.bin']
North,2019,2,1,14.086,0, ['/ecs/DP1/PM/NSIDC-0051.001/2019.02.01/nt_20190201_f17_v1.1_n.bin']
North,2019,2,2,14.019,0, ['/ecs/DP1/PM/NSIDC-0051.001/2019.02.02/nt_20190202_f17_v1.1_n.bin']
North,2019,2,3,14.025,0, ['/ecs/DP1/PM/NSIDC-0051.001/2019.02.03/nt_20190203_f17_v1.1_n.bin']
North,2019,2,4,14.026,0, ['/ecs/DP1/PM/NSIDC-0051.001/2019.02.04/nt_20190204_f17_v1.1_n.bin']
North,2019,2,5,14.093,0, ['/ecs/DP1/PM/NSIDC-0051.001/2019.02.05/nt_20190205_f17_v1.1_n.bin']
North,2019,2,6,14.082,0, ['/ecs/DP1/PM/NSIDC-0051.001/2019.02.06/nt_20190206_f17_v1.1_n.bin']
North,2019,2,7,14.108,0, ['/ecs/DP1/PM/NSIDC-0051.001/2019.02.07/nt_20190207_f17_v1.1_n.bin']
North,2019,2,8,14.172,0, ['/ecs/DP1/PM/NSIDC-0051.001/2019.02.08/nt_20190208_f17_v1.1_n.bin']
North,2019,2,9,14.251,0, ['/ecs/DP1/PM/NSIDC-0051.001/2019.02.09/nt_20190209_f17_v1.1_n.bin']
North,2019,2,10,14.254,0, ['/ecs/DP1/PM/NSIDC-0051.001/2019.02.10/nt_20190210_f17_v1.1_n.bin']
North,2019,2,11,14.295,0, ['/ecs/DP1/PM/NSIDC-0051.001/2019.02.11/nt_20190211_f17_v1.1_n.bin']
North,2019,2,12,14.32,0, ['/ecs/DP1/PM/NSIDC-0051.001/2019.02.12/nt_20190212_f17_v1.1_n.bin']
North,2019,2,13,14.471,0, ['/ecs/DP1/PM/NSIDC-0051.001/2019.02.13/nt_20190213_f17_v1.1_n.bin']
North,2019,2,14,14.513,0, ['/ecs/DP1/PM/NSIDC-0051.001/2019.02.14/nt_20190214_f17_v1.1_n.bin']
North,2019,2,15,14.419,0, ['/ecs/DP1/PM/NSIDC-0051.001/2019.02.15/nt_20190215_f17_v1.1_n.bin']
North,2019,2,16,14.448,0, ['/ecs/DP1/PM/NSIDC-0051.001/2019.02.16/nt_20190216_f17_v1.1_n.bin']
North,2019,2,17,14.462,0, ['/ecs/DP1/PM/NSIDC-0051.001/2019.02.17/nt_20190217_f17_v1.1_n.bin']
North,2019,2,18,14.553,0, ['/ecs/DP1/PM/NSIDC-0051.001/2019.02.18/nt_20190218_f17_v1.1_n.bin']
North,2019,2,19,14.596,0, ['/ecs/DP1/PM/NSIDC-0051.001/2019.02.19/nt_20190219_f17_v1.1_n.bin']
North,2019,2,20,14.678,0, ['/ecs/DP1/PM/NSIDC-0051.001/2019.02.20/nt_20190220_f17_v1.1_n.bin']
North,2019,2,21,14.709,0, ['/ecs/DP1/PM/NSIDC-0051.001/2019.02.21/nt_20190221_f17_v1.1_n.bin']
North,2019,2,22,14.708,0, ['/ecs/DP1/PM/NSIDC-0051.001/2019.02.22/nt_20190222_f17_v1.1_n.bin']
North,2019,2,23,14.699,0, ['/ecs/DP1/PM/NSIDC-0051.001/2019.02.23/nt_20190223_f17_v1.1_n.bin']
North,2019,2,24,14.652,0, ['/ecs/DP1/PM/NSIDC-0051.001/2019.02.24/nt_20190224_f17_v1.1_n.bin']
North,2019,2,25,14.573,0, ['/ecs/DP1/PM/NSIDC-0051.001/2019.02.25/nt_20190225_f17_v1.1_n.bin']
North,2019,2,26,14.611,0, ['/ecs/DP1/PM/NSIDC-0051.001/2019.02.26/nt_20190226_f17_v1.1_n.bin']
North,2019,2,27,14.606,0, ['/ecs/DP1/PM/NSIDC-0051.001/2019.02.27/nt_20190227_f17_v1.1_n.bin']
North,2019,2,28,14.594,0, ['/ecs/DP1/PM/NSIDC-0051.001/2019.02.28/nt_20190228_f17_v1.1_n.bin']
North,2019,3,1,14.546,0, ['/ecs/DP1/PM/NSIDC-0051.001/2019.03.01/nt_20190301_f17_v1.1_n.bin']
North,2019,3,2,14.595,0, ['/ecs/DP1/PM/NSIDC-0051.001/2019.03.02/nt_20190302_f17_v1.1_n.bin']
North,2019,3,3,14.622,0, ['/ecs/DP1/PM/NSIDC-0051.001/2019.03.03/nt_20190303_f17_v1.1_n.bin']
North,2019,3,4,14.65,0, ['/ecs/DP1/PM/NSIDC-0051.001/2019.03.04/nt_20190304_f17_v1.1_n.bin']
North,2019,3,5,14.643,0, ['/ecs/DP1/PM/NSIDC-0051.001/2019.03.05/nt_20190305_f17_v1.1_n.bin']
North,2019,3,6,14.656,0, ['/ecs/DP1/PM/NSIDC-0051.001/2019.03.06/nt_20190306_f17_v1.1_n.bin']
North,2019,3,7,14.719,0, ['/ecs/DP1/PM/NSIDC-0051.001/2019.03.07/nt_20190307_f17_v1.1_n.bin']
North,2019,3,8,14.772,0, ['/ecs/DP1/PM/NSIDC-0051.001/2019.03.08/nt_20190308_f17_v1.1_n.bin']
North,2019,3,9,14.801,0, ['/ecs/DP1/PM/NSIDC-0051.001/2019.03.09/nt_20190309_f17_v1.1_n.bin']
North,2019,3,10,14.772,0, ['/ecs/DP1/PM/NSIDC-0051.001/2019.03.10/nt_20190310_f17_v1.1_n.bin']
North,2019,3,11,14.896,0, ['/ecs/DP1/PM/NSIDC-0051.001/2019.03.11/nt_20190311_f17_v1.1_n.bin']
North,2019,3,12,14.797,0, ['/ecs/DP1/PM/NSIDC-0051.001/2019.03.12/nt_20190312_f17_v1.1_n.bin']
North,2019,3,13,14.818,0, ['/ecs/DP1/PM/NSIDC-0051.001/2019.03.13/nt_20190313_f17_v1.1_n.bin']
North,2019,3,14,14.76,0, ['/ecs/DP1/PM/NSIDC-0051.001/2019.03.14/nt_20190314_f17_v1.1_n.bin']
North,2019,3,15,14.716,0, ['/ecs/DP1/PM/NSIDC-0051.001/2019.03.15/nt_20190315_f17_v1.1_n.bin']
North,2019,3,16,14.694,0, ['/ecs/DP1/PM/NSIDC-0051.001/2019.03.16/nt_20190316_f17_v1.1_n.bin']
North,2019,3,17,14.659,0, ['/ecs/DP1/PM/NSIDC-0051.001/2019.03.17/nt_20190317_f17_v1.1_n.bin']
North,2019,3,18,14.556,0, ['/ecs/DP1/PM/NSIDC-0051.001/2019.03.18/nt_20190318_f17_v1.1_n.bin']
North,2019,3,19,14.531,0, ['/ecs/DP1/PM/NSIDC-0051.001/2019.03.19/nt_20190319_f17_v1.1_n.bin']
North,2019,3,20,14.694,0, ['/ecs/DP1/PM/NSIDC-0051.001/2019.03.20/nt_20190320_f17_v1.1_n.bin']
North,2019,3,21,14.618,0, ['/ecs/DP1/PM/NSIDC-0051.001/2019.03.21/nt_20190321_f17_v1.1_n.bin']
North,2019,3,22,14.597,0, ['/ecs/DP1/PM/NSIDC-0051.001/2019.03.22/nt_20190322_f17_v1.1_n.bin']
North,2019,3,23,14.486,0, ['/ecs/DP1/PM/NSIDC-0051.001/2019.03.23/nt_20190323_f17_v1.1_n.bin']
North,2019,3,24,14.451,0, ['/ecs/DP1/PM/NSIDC-0051.001/2019.03.24/nt_20190324_f17_v1.1_n.bin']
North,2019,3,25,14.382,0, ['/ecs/DP1/PM/NSIDC-0051.001/2019.03.25/nt_20190325_f17_v1.1_n.bin']
North,2019,3,26,14.33,0, ['/ecs/DP1/PM/NSIDC-0051.001/2019.03.26/nt_20190326_f17_v1.1_n.bin']
North,2019,3,27,14.331,0, ['/ecs/DP1/PM/NSIDC-0051.001/2019.03.27/nt_20190327_f17_v1.1_n.bin']
North,2019,3,28,14.308,0, ['/ecs/DP1/PM/NSIDC-0051.001/2019.03.28/nt_20190328_f17_v1.1_n.bin']
North,2019,3,29,14.227,0, ['/ecs/DP1/PM/NSIDC-0051.001/2019.03.29/nt_20190329_f17_v1.1_n.bin']
North,2019,3,30,14.096,0, ['/ecs/DP1/PM/NSIDC-0051.001/2019.03.30/nt_20190330_f17_v1.1_n.bin']
North,2019,3,31,14.06,0, ['/ecs/DP1/PM/NSIDC-0051.001/2019.03.31/nt_20190331_f17_v1.1_n.bin']
North,2019,4,1,14.014,0, ['/ecs/DP1/PM/NSIDC-0051.001/2019.04.01/nt_20190401_f17_v1.1_n.bin']
North,2019,4,2,14.013,0, ['/ecs/DP1/PM/NSIDC-0051.001/2019.04.02/nt_20190402_f17_v1.1_n.bin']
North,2019,4,3,13.966,0, ['/ecs/DP1/PM/NSIDC-0051.001/2019.04.03/nt_20190403_f17_v1.1_n.bin']
North,2019,4,4,13.889,0, ['/ecs/DP1/PM/NSIDC-0051.001/2019.04.04/nt_20190404_f17_v1.1_n.bin']
North,2019,4,5,13.767,0, ['/ecs/DP1/PM/NSIDC-0051.001/2019.04.05/nt_20190405_f17_v1.1_n.bin']
North,2019,4,6,13.627,0, ['/ecs/DP1/PM/NSIDC-0051.001/2019.04.06/nt_20190406_f17_v1.1_n.bin']
North,2019,4,7,13.539,0, ['/ecs/DP1/PM/NSIDC-0051.001/2019.04.07/nt_20190407_f17_v1.1_n.bin']
North,2019,4,8,13.565,0, ['/ecs/DP1/PM/NSIDC-0051.001/2019.04.08/nt_20190408_f17_v1.1_n.bin']
North,2019,4,9,13.554,0, ['/ecs/DP1/PM/NSIDC-0051.001/2019.04.09/nt_20190409_f17_v1.1_n.bin']
North,2019,4,10,13.547,0, ['/ecs/DP1/PM/NSIDC-0051.001/2019.04.10/nt_20190410_f17_v1.1_n.bin']
North,2019,4,11,13.515,0, ['/ecs/DP1/PM/NSIDC-0051.001/2019.04.11/nt_20190411_f17_v1.1_n.bin']
North,2019,4,12,13.462,0, ['/ecs/DP1/PM/NSIDC-0051.001/2019.04.12/nt_20190412_f17_v1.1_n.bin']
North,2019,4,13,13.5,0, ['/ecs/DP1/PM/NSIDC-0051.001/2019.04.13/nt_20190413_f17_v1.1_n.bin']
North,2019,4,14,13.49,0, ['/ecs/DP1/PM/NSIDC-0051.001/2019.04.14/nt_20190414_f17_v1.1_n.bin']
North,2019,4,15,13.431,0, ['/ecs/DP1/PM/NSIDC-0051.001/2019.04.15/nt_20190415_f17_v1.1_n.bin']
North,2019,4,16,13.394,0, ['/ecs/DP1/PM/NSIDC-0051.001/2019.04.16/nt_20190416_f17_v1.1_n.bin']
North,2019,4,17,13.328,0, ['/ecs/DP1/PM/NSIDC-0051.001/2019.04.17/nt_20190417_f17_v1.1_n.bin']
North,2019,4,18,13.254,0, ['/ecs/DP1/PM/NSIDC-0051.001/2019.04.18/nt_20190418_f17_v1.1_n.bin']
North,2019,4,19,13.214,0, ['/ecs/DP1/PM/NSIDC-0051.001/2019.04.19/nt_20190419_f17_v1.1_n.bin']
North,2019,4,20,13.23,0, ['/ecs/DP1/PM/NSIDC-0051.001/2019.04.20/nt_20190420_f17_v1.1_n.bin']
North,2019,4,21,13.262,0, ['/ecs/DP1/PM/NSIDC-0051.001/2019.04.21/nt_20190421_f17_v1.1_n.bin']
North,2019,4,22,13.221,0, ['/ecs/DP1/PM/NSIDC-0051.001/2019.04.22/nt_20190422_f17_v1.1_n.bin']
North,2019,4,23,13.279,0, ['/ecs/DP1/PM/NSIDC-0051.001/2019.04.23/nt_20190423_f17_v1.1_n.bin']
North,2019,4,24,13.254,0, ['/ecs/DP1/PM/NSIDC-0051.001/2019.04.24/nt_20190424_f17_v1.1_n.bin']
North,2019,4,25,13.307,0, ['/ecs/DP1/PM/NSIDC-0051.001/2019.04.25/nt_20190425_f17_v1.1_n.bin']
North,2019,4,26,13.179,0, ['/ecs/DP1/PM/NSIDC-0051.001/2019.04.26/nt_20190426_f17_v1.1_n.bin']
North,2019,4,27,13.103,0, ['/ecs/DP1/PM/NSIDC-0051.001/2019.04.27/nt_20190427_f17_v1.1_n.bin']
North,2019,4,28,13.08,0, ['/ecs/DP1/PM/NSIDC-0051.001/2019.04.28/nt_20190428_f17_v1.1_n.bin']
North,2019,4,29,13.033,0, ['/ecs/DP1/PM/NSIDC-0051.001/2019.04.29/nt_20190429_f17_v1.1_n.bin']
North,2019,4,30,13.016,0, ['/ecs/DP1/PM/NSIDC-0051.001/2019.04.30/nt_20190430_f17_v1.1_n.bin']
North,2019,5,1,12.862,0, ['/ecs/DP1/PM/NSIDC-0051.001/2019.05.01/nt_20190501_f17_v1.1_n.bin']
North,2019,5,2,12.812,0, ['/ecs/DP1/PM/NSIDC-0051.001/2019.05.02/nt_20190502_f17_v1.1_n.bin']
North,2019,5,3,12.807,0, ['/ecs/DP1/PM/NSIDC-0051.001/2019.05.03/nt_20190503_f17_v1.1_n.bin']
North,2019,5,4,12.662,0, ['/ecs/DP1/PM/NSIDC-0051.001/2019.05.04/nt_20190504_f17_v1.1_n.bin']
North,2019,5,5,12.554,0, ['/ecs/DP1/PM/NSIDC-0051.001/2019.05.05/nt_20190505_f17_v1.1_n.bin']
North,2019,5,6,12.543,0, ['/ecs/DP1/PM/NSIDC-0051.001/2019.05.06/nt_20190506_f17_v1.1_n.bin']
North,2019,5,7,12.576,0, ['/ecs/DP1/PM/NSIDC-0051.001/2019.05.07/nt_20190507_f17_v1.1_n.bin']
North,2019,5,8,12.592,0, ['/ecs/DP1/PM/NSIDC-0051.001/2019.05.08/nt_20190508_f17_v1.1_n.bin']
North,2019,5,9,12.471,0, ['/ecs/DP1/PM/NSIDC-0051.001/2019.05.09/nt_20190509_f17_v1.1_n.bin']
North,2019,5,10,12.368,0, ['/ecs/DP1/PM/NSIDC-0051.001/2019.05.10/nt_20190510_f17_v1.1_n.bin']
North,2019,5,11,12.403,0, ['/ecs/DP1/PM/NSIDC-0051.001/2019.05.11/nt_20190511_f17_v1.1_n.bin']
North,2019,5,12,12.371,0, ['/ecs/DP1/PM/NSIDC-0051.001/2019.05.12/nt_20190512_f17_v1.1_n.bin']
North,2019,5,13,12.264,0, ['/ecs/DP1/PM/NSIDC-0051.001/2019.05.13/nt_20190513_f17_v1.1_n.bin']
North,2019,5,14,12.254,0, ['/ecs/DP1/PM/NSIDC-0051.001/2019.05.14/nt_20190514_f17_v1.1_n.bin']
North,2019,5,15,12.232,0, ['/ecs/DP1/PM/NSIDC-0051.001/2019.05.15/nt_20190515_f17_v1.1_n.bin']
North,2019,5,16,12.192,0, ['/ecs/DP1/PM/NSIDC-0051.001/2019.05.16/nt_20190516_f17_v1.1_n.bin']
North,2019,5,17,12.134,0, ['/ecs/DP1/PM/NSIDC-0051.001/2019.05.17/nt_20190517_f17_v1.1_n.bin']
North,2019,5,18,12.096,0, ['/ecs/DP1/PM/NSIDC-0051.001/2019.05.18/nt_20190518_f17_v1.1_n.bin']
North,2019,5,19,12.044,0, ['/ecs/DP1/PM/NSIDC-0051.001/2019.05.19/nt_20190519_f17_v1.1_n.bin']
North,2019,5,20,11.937,0, ['/ecs/DP1/PM/NSIDC-0051.001/2019.05.20/nt_20190520_f17_v1.1_n.bin']
North,2019,5,21,11.942,0, ['/ecs/DP1/PM/NSIDC-0051.001/2019.05.21/nt_20190521_f17_v1.1_n.bin']
North,2019,5,22,11.96,0, ['/ecs/DP1/PM/NSIDC-0051.001/2019.05.22/nt_20190522_f17_v1.1_n.bin']
North,2019,5,23,11.932,0, ['/ecs/DP1/PM/NSIDC-0051.001/2019.05.23/nt_20190523_f17_v1.1_n.bin']
North,2019,5,24,11.899,0, ['/ecs/DP1/PM/NSIDC-0051.001/2019.05.24/nt_20190524_f17_v1.1_n.bin']
North,2019,5,25,11.877,0, ['/ecs/DP1/PM/NSIDC-0051.001/2019.05.25/nt_20190525_f17_v1.1_n.bin']
North,2019,5,26,11.837,0, ['/ecs/DP1/PM/NSIDC-0051.001/2019.05.26/nt_20190526_f17_v1.1_n.bin']
North,2019,5,27,11.806,0, ['/ecs/DP1/PM/NSIDC-0051.001/2019.05.27/nt_20190527_f17_v1.1_n.bin']
North,2019,5,28,11.665,0, ['/ecs/DP1/PM/NSIDC-0051.001/2019.05.28/nt_20190528_f17_v1.1_n.bin']
North,2019,5,29,11.606,0, ['/ecs/DP1/PM/NSIDC-0051.001/2019.05.29/nt_20190529_f17_v1.1_n.bin']
North,2019,5,30,11.578,0, ['/ecs/DP1/PM/NSIDC-0051.001/2019.05.30/nt_20190530_f17_v1.1_n.bin']
North,2019,5,31,11.487,0, ['/ecs/DP1/PM/NSIDC-0051.001/2019.05.31/nt_20190531_f17_v1.1_n.bin']
North,2019,6,1,11.36,0, ['/ecs/DP1/PM/NSIDC-0051.001/2019.06.01/nt_20190601_f17_v1.1_n.bin']
North,2019,6,2,11.246,0, ['/ecs/DP1/PM/NSIDC-0051.001/2019.06.02/nt_20190602_f17_v1.1_n.bin']
North,2019,6,3,11.207,0, ['/ecs/DP1/PM/NSIDC-0051.001/2019.06.03/nt_20190603_f17_v1.1_n.bin']
North,2019,6,4,11.136,0, ['/ecs/DP1/PM/NSIDC-0051.001/2019.06.04/nt_20190604_f17_v1.1_n.bin']
North,2019,6,5,11.127,0, ['/ecs/DP1/PM/NSIDC-0051.001/2019.06.05/nt_20190605_f17_v1.1_n.bin']
North,2019,6,6,11.089,0, ['/ecs/DP1/PM/NSIDC-0051.001/2019.06.06/nt_20190606_f17_v1.1_n.bin']
North,2019,6,7,11.027,0, ['/ecs/DP1/PM/NSIDC-0051.001/2019.06.07/nt_20190607_f17_v1.1_n.bin']
North,2019,6,8,10.979,0, ['/ecs/DP1/PM/NSIDC-0051.001/2019.06.08/nt_20190608_f17_v1.1_n.bin']
North,2019,6,9,10.962,0, ['/ecs/DP1/PM/NSIDC-0051.001/2019.06.09/nt_20190609_f17_v1.1_n.bin']
North,2019,6,10,10.871,0, ['/ecs/DP1/PM/NSIDC-0051.001/2019.06.10/nt_20190610_f17_v1.1_n.bin']
North,2019,6,11,10.829,0, ['/ecs/DP1/PM/NSIDC-0051.001/2019.06.11/nt_20190611_f17_v1.1_n.bin']
North,2019,6,12,10.788,0, ['/ecs/DP1/PM/NSIDC-0051.001/2019.06.12/nt_20190612_f17_v1.1_n.bin']
North,2019,6,13,10.903,0, ['/ecs/DP1/PM/NSIDC-0051.001/2019.06.13/nt_20190613_f17_v1.1_n.bin']
North,2019,6,14,10.9,0, ['/ecs/DP1/PM/NSIDC-0051.001/2019.06.14/nt_20190614_f17_v1.1_n.bin']
North,2019,6,15,10.849,0, ['/ecs/DP1/PM/NSIDC-0051.001/2019.06.15/nt_20190615_f17_v1.1_n.bin']
North,2019,6,16,10.821,0, ['/ecs/DP1/PM/NSIDC-0051.001/2019.06.16/nt_20190616_f17_v1.1_n.bin']
North,2019,6,17,10.74,0, ['/ecs/DP1/PM/NSIDC-0051.001/2019.06.17/nt_20190617_f17_v1.1_n.bin']
North,2019,6,18,10.637,0, ['/ecs/DP1/PM/NSIDC-0051.001/2019.06.18/nt_20190618_f17_v1.1_n.bin']
North,2019,6,19,10.529,0, ['/ecs/DP1/PM/NSIDC-0051.001/2019.06.19/nt_20190619_f17_v1.1_n.bin']
North,2019,6,20,10.453,0, ['/ecs/DP1/PM/NSIDC-0051.001/2019.06.20/nt_20190620_f17_v1.1_n.bin']
North,2019,6,21,10.33,0, ['/ecs/DP1/PM/NSIDC-0051.001/2019.06.21/nt_20190621_f17_v1.1_n.bin']
North,2019,6,22,10.258,0, ['/ecs/DP1/PM/NSIDC-0051.001/2019.06.22/nt_20190622_f17_v1.1_n.bin']
North,2019,6,23,10.199,0, ['/ecs/DP1/PM/NSIDC-0051.001/2019.06.23/nt_20190623_f17_v1.1_n.bin']
North,2019,6,24,10.15,0, ['/ecs/DP1/PM/NSIDC-0051.001/2019.06.24/nt_20190624_f17_v1.1_n.bin']
North,2019,6,25,10.008,0, ['/ecs/DP1/PM/NSIDC-0051.001/2019.06.25/nt_20190625_f17_v1.1_n.bin']
North,2019,6,26,9.902,0, ['/ecs/DP1/PM/NSIDC-0051.001/2019.06.26/nt_20190626_f17_v1.1_n.bin']
North,2019,6,27,9.736,0, ['/ecs/DP1/PM/NSIDC-0051.001/2019.06.27/nt_20190627_f17_v1.1_n.bin']
North,2019,6,28,9.655,0, ['/ecs/DP1/PM/NSIDC-0051.001/2019.06.28/nt_20190628_f17_v1.1_n.bin']
North,2019,6,29,9.577,0, ['/ecs/DP1/PM/NSIDC-0051.001/2019.06.29/nt_20190629_f17_v1.1_n.bin']
North,2019,6,30,9.54,0, ['/ecs/DP1/PM/NSIDC-0051.001/2019.06.30/nt_20190630_f17_v1.1_n.bin']
North,2019,7,1,9.176,0, ['/ecs/DP1/PM/NSIDC-0051.001/2019.07.01/nt_20190701_f17_v1.1_n.bin']
North,2019,7,2,9.093,0, ['/ecs/DP1/PM/NSIDC-0051.001/2019.07.02/nt_20190702_f17_v1.1_n.bin']
North,2019,7,3,9.049,0, ['/ecs/DP1/PM/NSIDC-0051.001/2019.07.03/nt_20190703_f17_v1.1_n.bin']
North,2019,7,4,8.973,0, ['/ecs/DP1/PM/NSIDC-0051.001/2019.07.04/nt_20190704_f17_v1.1_n.bin']
North,2019,7,5,8.861,0, ['/ecs/DP1/PM/NSIDC-0051.001/2019.07.05/nt_20190705_f17_v1.1_n.bin']
North,2019,7,6,8.7,0, ['/ecs/DP1/PM/NSIDC-0051.001/2019.07.06/nt_20190706_f17_v1.1_n.bin']
North,2019,7,7,8.573,0, ['/ecs/DP1/PM/NSIDC-0051.001/2019.07.07/nt_20190707_f17_v1.1_n.bin']
North,2019,7,8,8.381,0, ['/ecs/DP1/PM/NSIDC-0051.001/2019.07.08/nt_20190708_f17_v1.1_n.bin']
North,2019,7,9,8.253,0, ['/ecs/DP1/PM/NSIDC-0051.001/2019.07.09/nt_20190709_f17_v1.1_n.bin']
North,2019,7,10,8.115,0, ['/ecs/DP1/PM/NSIDC-0051.001/2019.07.10/nt_20190710_f17_v1.1_n.bin']
North,2019,7,11,8.055,0, ['/ecs/DP1/PM/NSIDC-0051.001/2019.07.11/nt_20190711_f17_v1.1_n.bin']
North,2019,7,12,7.958,0, ['/ecs/DP1/PM/NSIDC-0051.001/2019.07.12/nt_20190712_f17_v1.1_n.bin']
North,2019,7,13,7.868,0, ['/ecs/DP1/PM/NSIDC-0051.001/2019.07.13/nt_20190713_f17_v1.1_n.bin']
North,2019,7,14,7.791,0, ['/ecs/DP1/PM/NSIDC-0051.001/2019.07.14/nt_20190714_f17_v1.1_n.bin']
North,2019,7,15,7.673,0, ['/ecs/DP1/PM/NSIDC-0051.001/2019.07.15/nt_20190715_f17_v1.1_n.bin']
North,2019,7,16,7.621,0, ['/ecs/DP1/PM/NSIDC-0051.001/2019.07.16/nt_20190716_f17_v1.1_n.bin']
North,2019,7,17,7.446,0, ['/ecs/DP1/PM/NSIDC-0051.001/2019.07.17/nt_20190717_f17_v1.1_n.bin']
North,2019,7,18,7.25,0, ['/ecs/DP1/PM/NSIDC-0051.001/2019.07.18/nt_20190718_f17_v1.1_n.bin']
North,2019,7,19,7.117,0, ['/ecs/DP1/PM/NSIDC-0051.001/2019.07.19/nt_20190719_f17_v1.1_n.bin']
North,2019,7,20,7.107,0, ['/ecs/DP1/PM/NSIDC-0051.001/2019.07.20/nt_20190720_f17_v1.1_n.bin']
North,2019,7,21,6.982,0, ['/ecs/DP1/PM/NSIDC-0051.001/2019.07.21/nt_20190721_f17_v1.1_n.bin']
North,2019,7,22,6.901,0, ['/ecs/DP1/PM/NSIDC-0051.001/2019.07.22/nt_20190722_f17_v1.1_n.bin']
North,2019,7,23,6.86,0, ['/ecs/DP1/PM/NSIDC-0051.001/2019.07.23/nt_20190723_f17_v1.1_n.bin']
North,2019,7,24,6.734,0, ['/ecs/DP1/PM/NSIDC-0051.001/2019.07.24/nt_20190724_f17_v1.1_n.bin']
North,2019,7,25,6.661,0, ['/ecs/DP1/PM/NSIDC-0051.001/2019.07.25/nt_20190725_f17_v1.1_n.bin']
North,2019,7,26,6.591,0, ['/ecs/DP1/PM/NSIDC-0051.001/2019.07.26/nt_20190726_f17_v1.1_n.bin']
North,2019,7,27,6.477,0, ['/ecs/DP1/PM/NSIDC-0051.001/2019.07.27/nt_20190727_f17_v1.1_n.bin']
North,2019,7,28,6.362,0, ['/ecs/DP1/PM/NSIDC-0051.001/2019.07.28/nt_20190728_f17_v1.1_n.bin']
North,2019,7,29,6.339,0, ['/ecs/DP1/PM/NSIDC-0051.001/2019.07.29/nt_20190729_f17_v1.1_n.bin']
North,2019,7,30,6.187,0, ['/ecs/DP1/PM/NSIDC-0051.001/2019.07.30/nt_20190730_f17_v1.1_n.bin']
North,2019,7,31,6.115,0, ['/ecs/DP1/PM/NSIDC-0051.001/2019.07.31/nt_20190731_f17_v1.1_n.bin']
North,2019,8,1,6.023,0, ['/ecs/DP1/PM/NSIDC-0051.001/2019.08.01/nt_20190801_f17_v1.1_n.bin']
North,2019,8,2,5.924,0, ['/ecs/DP1/PM/NSIDC-0051.001/2019.08.02/nt_20190802_f17_v1.1_n.bin']
North,2019,8,3,5.828,0, ['/ecs/DP1/PM/NSIDC-0051.001/2019.08.03/nt_20190803_f17_v1.1_n.bin']
North,2019,8,4,5.78,0, ['/ecs/DP1/PM/NSIDC-0051.001/2019.08.04/nt_20190804_f17_v1.1_n.bin']
North,2019,8,5,5.595,0, ['/ecs/DP1/PM/NSIDC-0051.001/2019.08.05/nt_20190805_f17_v1.1_n.bin']
North,2019,8,6,5.464,0, ['/ecs/DP1/PM/NSIDC-0051.001/2019.08.06/nt_20190806_f17_v1.1_n.bin']
North,2019,8,7,5.392,0, ['/ecs/DP1/PM/NSIDC-0051.001/2019.08.07/nt_20190807_f17_v1.1_n.bin']
North,2019,8,8,5.385,0, ['/ecs/DP1/PM/NSIDC-0051.001/2019.08.08/nt_20190808_f17_v1.1_n.bin']
North,2019,8,9,5.303,0, ['/ecs/DP1/PM/NSIDC-0051.001/2019.08.09/nt_20190809_f17_v1.1_n.bin']
North,2019,8,10,5.1,0, ['/ecs/DP1/PM/NSIDC-0051.001/2019.08.10/nt_20190810_f17_v1.1_n.bin']
North,2019,8,11,5.098,0, ['/ecs/DP1/PM/NSIDC-0051.001/2019.08.11/nt_20190811_f17_v1.1_n.bin']
North,2019,8,12,5.1,0, ['/ecs/DP1/PM/NSIDC-0051.001/2019.08.12/nt_20190812_f17_v1.1_n.bin']
North,2019,8,13,4.981,0, ['/ecs/DP1/PM/NSIDC-0051.001/2019.08.13/nt_20190813_f17_v1.1_n.bin']
North,2019,8,14,4.963,0, ['/ecs/DP1/PM/NSIDC-0051.001/2019.08.14/nt_20190814_f17_v1.1_n.bin']
North,2019,8,15,4.901,0, ['/ecs/DP1/PM/NSIDC-0051.001/2019.08.15/nt_20190815_f17_v1.1_n.bin']
North,2019,8,16,4.898,0, ['/ecs/DP1/PM/NSIDC-0051.001/2019.08.16/nt_20190816_f17_v1.1_n.bin']
North,2019,8,17,4.851,0, ['/ecs/DP1/PM/NSIDC-0051.001/2019.08.17/nt_20190817_f17_v1.1_n.bin']
North,2019,8,18,4.766,0, ['/ecs/DP1/PM/NSIDC-0051.001/2019.08.18/nt_20190818_f17_v1.1_n.bin']
North,2019,8,19,4.767,0, ['/ecs/DP1/PM/NSIDC-0051.001/2019.08.19/nt_20190819_f17_v1.1_n.bin']
North,2019,8,20,4.756,0, ['/ecs/DP1/PM/NSIDC-0051.001/2019.08.20/nt_20190820_f17_v1.1_n.bin']
North,2019,8,21,4.744,0, ['/ecs/DP1/PM/NSIDC-0051.001/2019.08.21/nt_20190821_f17_v1.1_n.bin']
North,2019,8,22,4.635,0, ['/ecs/DP1/PM/NSIDC-0051.001/2019.08.22/nt_20190822_f17_v1.1_n.bin']
North,2019,8,23,4.625,0, ['/ecs/DP1/PM/NSIDC-0051.001/2019.08.23/nt_20190823_f17_v1.1_n.bin']
North,2019,8,24,4.641,0, ['/ecs/DP1/PM/NSIDC-0051.001/2019.08.24/nt_20190824_f17_v1.1_n.bin']
North,2019,8,25,4.675,0, ['/ecs/DP1/PM/NSIDC-0051.001/2019.08.25/nt_20190825_f17_v1.1_n.bin']
North,2019,8,26,4.636,0, ['/ecs/DP1/PM/NSIDC-0051.001/2019.08.26/nt_20190826_f17_v1.1_n.bin']
North,2019,8,27,4.602,0, ['/ecs/DP1/PM/NSIDC-0051.001/2019.08.27/nt_20190827_f17_v1.1_n.bin']
North,2019,8,28,4.632,0, ['/ecs/DP1/PM/NSIDC-0051.001/2019.08.28/nt_20190828_f17_v1.1_n.bin']
North,2019,8,29,4.649,0, ['/ecs/DP1/PM/NSIDC-0051.001/2019.08.29/nt_20190829_f17_v1.1_n.bin']
North,2019,8,30,4.59,0, ['/ecs/DP1/PM/NSIDC-0051.001/2019.08.30/nt_20190830_f17_v1.1_n.bin']
North,2019,8,31,4.512,0, ['/ecs/DP1/PM/NSIDC-0051.001/2019.08.31/nt_20190831_f17_v1.1_n.bin']
North,2019,9,1,4.442,0, ['/ecs/DP1/PM/NSIDC-0051.001/2019.09.01/nt_20190901_f17_v1.1_n.bin']
North,2019,9,2,4.433,0, ['/ecs/DP1/PM/NSIDC-0051.001/2019.09.02/nt_20190902_f17_v1.1_n.bin']
North,2019,9,3,4.359,0, ['/ecs/DP1/PM/NSIDC-0051.001/2019.09.03/nt_20190903_f17_v1.1_n.bin']
North,2019,9,4,4.328,0, ['/ecs/DP1/PM/NSIDC-0051.001/2019.09.04/nt_20190904_f17_v1.1_n.bin']
North,2019,9,5,4.352,0, ['/ecs/DP1/PM/NSIDC-0051.001/2019.09.05/nt_20190905_f17_v1.1_n.bin']
North,2019,9,6,4.371,0, ['/ecs/DP1/PM/NSIDC-0051.001/2019.09.06/nt_20190906_f17_v1.1_n.bin']
North,2019,9,7,4.408,0, ['/ecs/DP1/PM/NSIDC-0051.001/2019.09.07/nt_20190907_f17_v1.1_n.bin']
North,2019,9,8,4.369,0, ['/ecs/DP1/PM/NSIDC-0051.001/2019.09.08/nt_20190908_f17_v1.1_n.bin']
North,2019,9,9,4.376,0, ['/ecs/DP1/PM/NSIDC-0051.001/2019.09.09/nt_20190909_f17_v1.1_n.bin']
North,2019,9,10,4.344,0, ['/ecs/DP1/PM/NSIDC-0051.001/2019.09.10/nt_20190910_f17_v1.1_n.bin']
North,2019,9,11,4.319,0, ['/ecs/DP1/PM/NSIDC-0051.001/2019.09.11/nt_20190911_f17_v1.1_n.bin']
North,2019,9,12,4.326,0, ['/ecs/DP1/PM/NSIDC-0051.001/2019.09.12/nt_20190912_f17_v1.1_n.bin']
North,2019,9,13,4.269,0, ['/ecs/DP1/PM/NSIDC-0051.001/2019.09.13/nt_20190913_f17_v1.1_n.bin']
North,2019,9,14,4.215,0, ['/ecs/DP1/PM/NSIDC-0051.001/2019.09.14/nt_20190914_f17_v1.1_n.bin']
North,2019,9,15,4.186,0, ['/ecs/DP1/PM/NSIDC-0051.001/2019.09.15/nt_20190915_f17_v1.1_n.bin']
North,2019,9,16,4.204,0, ['/ecs/DP1/PM/NSIDC-0051.001/2019.09.16/nt_20190916_f17_v1.1_n.bin']
North,2019,9,17,4.188,0, ['/ecs/DP1/PM/NSIDC-0051.001/2019.09.17/nt_20190917_f17_v1.1_n.bin']
North,2019,9,18,4.166,0, ['/ecs/DP1/PM/NSIDC-0051.001/2019.09.18/nt_20190918_f17_v1.1_n.bin']
North,2019,9,19,4.244,0, ['/ecs/DP1/PM/NSIDC-0051.001/2019.09.19/nt_20190919_f17_v1.1_n.bin']
North,2019,9,20,4.251,0, ['/ecs/DP1/PM/NSIDC-0051.001/2019.09.20/nt_20190920_f17_v1.1_n.bin']
North,2019,9,21,4.303,0, ['/ecs/DP1/PM/NSIDC-0051.001/2019.09.21/nt_20190921_f17_v1.1_n.bin']
North,2019,9,22,4.296,0, ['/ecs/DP1/PM/NSIDC-0051.001/2019.09.22/nt_20190922_f17_v1.1_n.bin']
North,2019,9,23,4.357,0, ['/ecs/DP1/PM/NSIDC-0051.001/2019.09.23/nt_20190923_f17_v1.1_n.bin']
North,2019,9,24,4.411,0, ['/ecs/DP1/PM/NSIDC-0051.001/2019.09.24/nt_20190924_f17_v1.1_n.bin']
North,2019,9,25,4.47,0, ['/ecs/DP1/PM/NSIDC-0051.001/2019.09.25/nt_20190925_f17_v1.1_n.bin']
North,2019,9,26,4.522,0, ['/ecs/DP1/PM/NSIDC-0051.001/2019.09.26/nt_20190926_f17_v1.1_n.bin']
North,2019,9,27,4.563,0, ['/ecs/DP1/PM/NSIDC-0051.001/2019.09.27/nt_20190927_f17_v1.1_n.bin']
North,2019,9,28,4.596,0, ['/ecs/DP1/PM/NSIDC-0051.001/2019.09.28/nt_20190928_f17_v1.1_n.bin']
North,2019,9,29,4.601,0, ['/ecs/DP1/PM/NSIDC-0051.001/2019.09.29/nt_20190929_f17_v1.1_n.bin']
North,2019,9,30,4.648,0, ['/ecs/DP1/PM/NSIDC-0051.001/2019.09.30/nt_20190930_f17_v1.1_n.bin']
North,2019,10,1,4.828,0, ['/ecs/DP1/PM/NSIDC-0051.001/2019.10.01/nt_20191001_f17_v1.1_n.bin']
North,2019,10,2,4.881,0, ['/ecs/DP1/PM/NSIDC-0051.001/2019.10.02/nt_20191002_f17_v1.1_n.bin']
North,2019,10,3,4.855,0, ['/ecs/DP1/PM/NSIDC-0051.001/2019.10.03/nt_20191003_f17_v1.1_n.bin']
North,2019,10,4,4.882,0, ['/ecs/DP1/PM/NSIDC-0051.001/2019.10.04/nt_20191004_f17_v1.1_n.bin']
North,2019,10,5,4.903,0, ['/ecs/DP1/PM/NSIDC-0051.001/2019.10.05/nt_20191005_f17_v1.1_n.bin']
North,2019,10,6,4.915,0, ['/ecs/DP1/PM/NSIDC-0051.001/2019.10.06/nt_20191006_f17_v1.1_n.bin']
North,2019,10,7,4.952,0, ['/ecs/DP1/PM/NSIDC-0051.001/2019.10.07/nt_20191007_f17_v1.1_n.bin']
North,2019,10,8,4.963,0, ['/ecs/DP1/PM/NSIDC-0051.001/2019.10.08/nt_20191008_f17_v1.1_n.bin']
North,2019,10,9,4.977,0, ['/ecs/DP1/PM/NSIDC-0051.001/2019.10.09/nt_20191009_f17_v1.1_n.bin']
North,2019,10,10,5.061,0, ['/ecs/DP1/PM/NSIDC-0051.001/2019.10.10/nt_20191010_f17_v1.1_n.bin']
North,2019,10,11,5.069,0, ['/ecs/DP1/PM/NSIDC-0051.001/2019.10.11/nt_20191011_f17_v1.1_n.bin']
North,2019,10,12,5.165,0, ['/ecs/DP1/PM/NSIDC-0051.001/2019.10.12/nt_20191012_f17_v1.1_n.bin']
North,2019,10,13,5.161,0, ['/ecs/DP1/PM/NSIDC-0051.001/2019.10.13/nt_20191013_f17_v1.1_n.bin']
North,2019,10,14,5.228,0, ['/ecs/DP1/PM/NSIDC-0051.001/2019.10.14/nt_20191014_f17_v1.1_n.bin']
North,2019,10,15,5.288,0, ['/ecs/DP1/PM/NSIDC-0051.001/2019.10.15/nt_20191015_f17_v1.1_n.bin']
North,2019,10,16,5.327,0, ['/ecs/DP1/PM/NSIDC-0051.001/2019.10.16/nt_20191016_f17_v1.1_n.bin']
North,2019,10,17,5.445,0, ['/ecs/DP1/PM/NSIDC-0051.001/2019.10.17/nt_20191017_f17_v1.1_n.bin']
North,2019,10,18,5.58,0, ['/ecs/DP1/PM/NSIDC-0051.001/2019.10.18/nt_20191018_f17_v1.1_n.bin']
North,2019,10,19,5.726,0, ['/ecs/DP1/PM/NSIDC-0051.001/2019.10.19/nt_20191019_f17_v1.1_n.bin']
North,2019,10,20,5.794,0, ['/ecs/DP1/PM/NSIDC-0051.001/2019.10.20/nt_20191020_f17_v1.1_n.bin']
North,2019,10,21,5.9,0, ['/ecs/DP1/PM/NSIDC-0051.001/2019.10.21/nt_20191021_f17_v1.1_n.bin']
North,2019,10,22,6.027,0, ['/ecs/DP1/PM/NSIDC-0051.001/2019.10.22/nt_20191022_f17_v1.1_n.bin']
North,2019,10,23,6.143,0, ['/ecs/DP1/PM/NSIDC-0051.001/2019.10.23/nt_20191023_f17_v1.1_n.bin']
North,2019,10,24,6.292,0, ['/ecs/DP1/PM/NSIDC-0051.001/2019.10.24/nt_20191024_f17_v1.1_n.bin']
North,2019,10,25,6.509,0, ['/ecs/DP1/PM/NSIDC-0051.001/2019.10.25/nt_20191025_f17_v1.1_n.bin']
North,2019,10,26,6.78,0, ['/ecs/DP1/PM/NSIDC-0051.001/2019.10.26/nt_20191026_f17_v1.1_n.bin']
North,2019,10,27,7.029,0, ['/ecs/DP1/PM/NSIDC-0051.001/2019.10.27/nt_20191027_f17_v1.1_n.bin']
North,2019,10,28,7.32,0, ['/ecs/DP1/PM/NSIDC-0051.001/2019.10.28/nt_20191028_f17_v1.1_n.bin']
North,2019,10,29,7.427,0, ['/ecs/DP1/PM/NSIDC-0051.001/2019.10.29/nt_20191029_f17_v1.1_n.bin']
North,2019,10,30,7.573,0, ['/ecs/DP1/PM/NSIDC-0051.001/2019.10.30/nt_20191030_f17_v1.1_n.bin']
North,2019,10,31,7.782,0, ['/ecs/DP1/PM/NSIDC-0051.001/2019.10.31/nt_20191031_f17_v1.1_n.bin']
North,2019,11,1,7.987,0, ['/ecs/DP1/PM/NSIDC-0051.001/2019.11.01/nt_20191101_f17_v1.1_n.bin']
North,2019,11,2,8.169,0, ['/ecs/DP1/PM/NSIDC-0051.001/2019.11.02/nt_20191102_f17_v1.1_n.bin']
North,2019,11,3,8.29,0, ['/ecs/DP1/PM/NSIDC-0051.001/2019.11.03/nt_20191103_f17_v1.1_n.bin']
North,2019,11,4,8.379,0, ['/ecs/DP1/PM/NSIDC-0051.001/2019.11.04/nt_20191104_f17_v1.1_n.bin']
North,2019,11,5,8.558,0, ['/ecs/DP1/PM/NSIDC-0051.001/2019.11.05/nt_20191105_f17_v1.1_n.bin']
North,2019,11,6,8.675,0, ['/ecs/DP1/PM/NSIDC-0051.001/2019.11.06/nt_20191106_f17_v1.1_n.bin']
North,2019,11,7,8.686,0, ['/ecs/DP1/PM/NSIDC-0051.001/2019.11.07/nt_20191107_f17_v1.1_n.bin']
North,2019,11,8,8.739,0, ['/ecs/DP1/PM/NSIDC-0051.001/2019.11.08/nt_20191108_f17_v1.1_n.bin']
North,2019,11,9,8.825,0, ['/ecs/DP1/PM/NSIDC-0051.001/2019.11.09/nt_20191109_f17_v1.1_n.bin']
North,2019,11,10,8.879,0, ['/ecs/DP1/PM/NSIDC-0051.001/2019.11.10/nt_20191110_f17_v1.1_n.bin']
North,2019,11,11,8.993,0, ['/ecs/DP1/PM/NSIDC-0051.001/2019.11.11/nt_20191111_f17_v1.1_n.bin']
North,2019,11,12,9.178,0, ['/ecs/DP1/PM/NSIDC-0051.001/2019.11.12/nt_20191112_f17_v1.1_n.bin']
North,2019,11,13,9.249,0, ['/ecs/DP1/PM/NSIDC-0051.001/2019.11.13/nt_20191113_f17_v1.1_n.bin']
North,2019,11,14,9.387,0, ['/ecs/DP1/PM/NSIDC-0051.001/2019.11.14/nt_20191114_f17_v1.1_n.bin']
North,2019,11,15,9.43,0, ['/ecs/DP1/PM/NSIDC-0051.001/2019.11.15/nt_20191115_f17_v1.1_n.bin']
North,2019,11,16,9.433,0, ['/ecs/DP1/PM/NSIDC-0051.001/2019.11.16/nt_20191116_f17_v1.1_n.bin']
North,2019,11,17,9.45,0, ['/ecs/DP1/PM/NSIDC-0051.001/2019.11.17/nt_20191117_f17_v1.1_n.bin']
North,2019,11,18,9.552,0, ['/ecs/DP1/PM/NSIDC-0051.001/2019.11.18/nt_20191118_f17_v1.1_n.bin']
North,2019,11,19,9.719,0, ['/ecs/DP1/PM/NSIDC-0051.001/2019.11.19/nt_20191119_f17_v1.1_n.bin']
North,2019,11,20,9.76,0, ['/ecs/DP1/PM/NSIDC-0051.001/2019.11.20/nt_20191120_f17_v1.1_n.bin']
North,2019,11,21,9.811,0, ['/ecs/DP1/PM/NSIDC-0051.001/2019.11.21/nt_20191121_f17_v1.1_n.bin']
North,2019,11,22,9.932,0, ['/ecs/DP1/PM/NSIDC-0051.001/2019.11.22/nt_20191122_f17_v1.1_n.bin']
North,2019,11,23,10,0, ['/ecs/DP1/PM/NSIDC-0051.001/2019.11.23/nt_20191123_f17_v1.1_n.bin']
North,2019,11,24,10.029,0, ['/ecs/DP1/PM/NSIDC-0051.001/2019.11.24/nt_20191124_f17_v1.1_n.bin']
North,2019,11,25,10.066,0, ['/ecs/DP1/PM/NSIDC-0051.001/2019.11.25/nt_20191125_f17_v1.1_n.bin']
North,2019,11,26,10.171,0, ['/ecs/DP1/PM/NSIDC-0051.001/2019.11.26/nt_20191126_f17_v1.1_n.bin']
North,2019,11,27,10.137,0, ['/ecs/DP1/PM/NSIDC-0051.001/2019.11.27/nt_20191127_f17_v1.1_n.bin']
North,2019,11,28,10.269,0, ['/ecs/DP1/PM/NSIDC-0051.001/2019.11.28/nt_20191128_f17_v1.1_n.bin']
North,2019,11,29,10.41,0, ['/ecs/DP1/PM/NSIDC-0051.001/2019.11.29/nt_20191129_f17_v1.1_n.bin']
North,2019,11,30,10.422,0, ['/ecs/DP1/PM/NSIDC-0051.001/2019.11.30/nt_20191130_f17_v1.1_n.bin']
North,2019,12,1,10.542,0, ['/ecs/DP1/PM/NSIDC-0051.001/2019.12.01/nt_20191201_f17_v1.1_n.bin']
North,2019,12,2,10.628,0, ['/ecs/DP1/PM/NSIDC-0051.001/2019.12.02/nt_20191202_f17_v1.1_n.bin']
North,2019,12,3,10.77,0, ['/ecs/DP1/PM/NSIDC-0051.001/2019.12.03/nt_20191203_f17_v1.1_n.bin']
North,2019,12,4,10.914,0, ['/ecs/DP1/PM/NSIDC-0051.001/2019.12.04/nt_20191204_f17_v1.1_n.bin']
North,2019,12,5,10.978,0, ['/ecs/DP1/PM/NSIDC-0051.001/2019.12.05/nt_20191205_f17_v1.1_n.bin']
North,2019,12,6,11.123,0, ['/ecs/DP1/PM/NSIDC-0051.001/2019.12.06/nt_20191206_f17_v1.1_n.bin']
North,2019,12,7,11.359,0, ['/ecs/DP1/PM/NSIDC-0051.001/2019.12.07/nt_20191207_f17_v1.1_n.bin']
North,2019,12,8,11.518,0, ['/ecs/DP1/PM/NSIDC-0051.001/2019.12.08/nt_20191208_f17_v1.1_n.bin']
North,2019,12,9,11.581,0, ['/ecs/DP1/PM/NSIDC-0051.001/2019.12.09/nt_20191209_f17_v1.1_n.bin']
North,2019,12,10,11.618,0, ['/ecs/DP1/PM/NSIDC-0051.001/2019.12.10/nt_20191210_f17_v1.1_n.bin']
North,2019,12,11,11.666,0, ['/ecs/DP1/PM/NSIDC-0051.001/2019.12.11/nt_20191211_f17_v1.1_n.bin']
North,2019,12,12,11.698,0, ['/ecs/DP1/PM/NSIDC-0051.001/2019.12.12/nt_20191212_f17_v1.1_n.bin']
North,2019,12,13,11.781,0, ['/ecs/DP1/PM/NSIDC-0051.001/2019.12.13/nt_20191213_f17_v1.1_n.bin']
North,2019,12,14,11.883,0, ['/ecs/DP1/PM/NSIDC-0051.001/2019.12.14/nt_20191214_f17_v1.1_n.bin']
North,2019,12,15,11.994,0, ['/ecs/DP1/PM/NSIDC-0051.001/2019.12.15/nt_20191215_f17_v1.1_n.bin']
North,2019,12,16,12.042,0, ['/ecs/DP1/PM/NSIDC-0051.001/2019.12.16/nt_20191216_f17_v1.1_n.bin']
North,2019,12,17,11.998,0, ['/ecs/DP1/PM/NSIDC-0051.001/2019.12.17/nt_20191217_f17_v1.1_n.bin']
North,2019,12,18,12.018,0, ['/ecs/DP1/PM/NSIDC-0051.001/2019.12.18/nt_20191218_f17_v1.1_n.bin']
North,2019,12,19,12.077,0, ['/ecs/DP1/PM/NSIDC-0051.001/2019.12.19/nt_20191219_f17_v1.1_n.bin']
North,2019,12,20,12.182,0, ['/ecs/DP1/PM/NSIDC-0051.001/2019.12.20/nt_20191220_f17_v1.1_n.bin']
North,2019,12,21,12.226,0, ['/ecs/DP1/PM/NSIDC-0051.001/2019.12.21/nt_20191221_f17_v1.1_n.bin']
North,2019,12,22,12.327,0, ['/ecs/DP1/PM/NSIDC-0051.001/2019.12.22/nt_20191222_f17_v1.1_n.bin']
North,2019,12,23,12.436,0, ['/ecs/DP1/PM/NSIDC-0051.001/2019.12.23/nt_20191223_f17_v1.1_n.bin']
North,2019,12,24,12.494,0, ['/ecs/DP1/PM/NSIDC-0051.001/2019.12.24/nt_20191224_f17_v1.1_n.bin']
North,2019,12,25,12.545,0, ['/ecs/DP1/PM/NSIDC-0051.001/2019.12.25/nt_20191225_f17_v1.1_n.bin']
North,2019,12,26,12.638,0, ['/ecs/DP1/PM/NSIDC-0051.001/2019.12.26/nt_20191226_f17_v1.1_n.bin']
North,2019,12,27,12.721,0, ['/ecs/DP1/PM/NSIDC-0051.001/2019.12.27/nt_20191227_f17_v1.1_n.bin']
North,2019,12,28,12.712,0, ['/ecs/DP1/PM/NSIDC-0051.001/2019.12.28/nt_20191228_f17_v1.1_n.bin']
North,2019,12,29,12.78,0, ['/ecs/DP1/PM/NSIDC-0051.001/2019.12.29/nt_20191229_f17_v1.1_n.bin']
North,2019,12,30,12.858,0, ['/ecs/DP1/PM/NSIDC-0051.001/2019.12.30/nt_20191230_f17_v1.1_n.bin']
North,2019,12,31,12.889,0, ['/ecs/DP1/PM/NSIDC-0051.001/2019.12.31/nt_20191231_f17_v1.1_n.bin']
North,2020,1,1,13.046,0, ['/ecs/DP1/PM/NSIDC-0051.001/2020.01.01/nt_20200101_f17_v1.1_n.bin']
North,2020,1,2,13.072,0, ['/ecs/DP1/PM/NSIDC-0051.001/2020.01.02/nt_20200102_f17_v1.1_n.bin']
North,2020,1,3,13.17,0, ['/ecs/DP1/PM/NSIDC-0051.001/2020.01.03/nt_20200103_f17_v1.1_n.bin']
North,2020,1,4,13.193,0, ['/ecs/DP1/PM/NSIDC-0051.001/2020.01.04/nt_20200104_f17_v1.1_n.bin']
North,2020,1,5,13.166,0, ['/ecs/DP1/PM/NSIDC-0051.001/2020.01.05/nt_20200105_f17_v1.1_n.bin']
North,2020,1,6,13.195,0, ['/ecs/DP1/PM/NSIDC-0051.001/2020.01.06/nt_20200106_f17_v1.1_n.bin']
North,2020,1,7,13.202,0, ['/ecs/DP1/PM/NSIDC-0051.001/2020.01.07/nt_20200107_f17_v1.1_n.bin']
North,2020,1,8,13.295,0, ['/ecs/DP1/PM/NSIDC-0051.001/2020.01.08/nt_20200108_f17_v1.1_n.bin']
North,2020,1,9,13.248,0, ['/ecs/DP1/PM/NSIDC-0051.001/2020.01.09/nt_20200109_f17_v1.1_n.bin']
North,2020,1,10,13.216,0, ['/ecs/DP1/PM/NSIDC-0051.001/2020.01.10/nt_20200110_f17_v1.1_n.bin']
North,2020,1,11,13.317,0, ['/ecs/DP1/PM/NSIDC-0051.001/2020.01.11/nt_20200111_f17_v1.1_n.bin']
North,2020,1,12,13.393,0, ['/ecs/DP1/PM/NSIDC-0051.001/2020.01.12/nt_20200112_f17_v1.1_n.bin']
North,2020,1,13,13.438,0, ['/ecs/DP1/PM/NSIDC-0051.001/2020.01.13/nt_20200113_f17_v1.1_n.bin']
North,2020,1,14,13.546,0, ['/ecs/DP1/PM/NSIDC-0051.001/2020.01.14/nt_20200114_f17_v1.1_n.bin']
North,2020,1,15,13.58,0, ['/ecs/DP1/PM/NSIDC-0051.001/2020.01.15/nt_20200115_f17_v1.1_n.bin']
North,2020,1,16,13.569,0, ['/ecs/DP1/PM/NSIDC-0051.001/2020.01.16/nt_20200116_f17_v1.1_n.bin']
North,2020,1,17,13.697,0, ['/ecs/DP1/PM/NSIDC-0051.001/2020.01.17/nt_20200117_f17_v1.1_n.bin']
North,2020,1,18,13.762,0, ['/ecs/DP1/PM/NSIDC-0051.001/2020.01.18/nt_20200118_f17_v1.1_n.bin']
North,2020,1,19,13.795,0, ['/ecs/DP1/PM/NSIDC-0051.001/2020.01.19/nt_20200119_f17_v1.1_n.bin']
North,2020,1,20,13.88,0, ['/ecs/DP1/PM/NSIDC-0051.001/2020.01.20/nt_20200120_f17_v1.1_n.bin']
North,2020,1,21,13.898,0, ['/ecs/DP1/PM/NSIDC-0051.001/2020.01.21/nt_20200121_f17_v1.1_n.bin']
North,2020,1,22,13.933,0, ['/ecs/DP1/PM/NSIDC-0051.001/2020.01.22/nt_20200122_f17_v1.1_n.bin']
North,2020,1,23,14.032,0, ['/ecs/DP1/PM/NSIDC-0051.001/2020.01.23/nt_20200123_f17_v1.1_n.bin']
North,2020,1,24,13.979,0, ['/ecs/DP1/PM/NSIDC-0051.001/2020.01.24/nt_20200124_f17_v1.1_n.bin']
North,2020,1,25,14.051,0, ['/ecs/DP1/PM/NSIDC-0051.001/2020.01.25/nt_20200125_f17_v1.1_n.bin']
North,2020,1,26,14.053,0, ['/ecs/DP1/PM/NSIDC-0051.001/2020.01.26/nt_20200126_f17_v1.1_n.bin']
North,2020,1,27,14.062,0, ['/ecs/DP1/PM/NSIDC-0051.001/2020.01.27/nt_20200127_f17_v1.1_n.bin']
North,2020,1,28,14.125,0, ['/ecs/DP1/PM/NSIDC-0051.001/2020.01.28/nt_20200128_f17_v1.1_n.bin']
North,2020,1,29,14.226,0, ['/ecs/DP1/PM/NSIDC-0051.001/2020.01.29/nt_20200129_f17_v1.1_n.bin']
North,2020,1,30,14.276,0, ['/ecs/DP1/PM/NSIDC-0051.001/2020.01.30/nt_20200130_f17_v1.1_n.bin']
North,2020,1,31,14.297,0, ['/ecs/DP1/PM/NSIDC-0051.001/2020.01.31/nt_20200131_f17_v1.1_n.bin']
North,2020,2,1,14.318,0, ['/ecs/DP1/PM/NSIDC-0051.001/2020.02.01/nt_20200201_f17_v1.1_n.bin']
North,2020,2,2,14.37,0, ['/ecs/DP1/PM/NSIDC-0051.001/2020.02.02/nt_20200202_f17_v1.1_n.bin']
North,2020,2,3,14.371,0, ['/ecs/DP1/PM/NSIDC-0051.001/2020.02.03/nt_20200203_f17_v1.1_n.bin']
North,2020,2,4,14.341,0, ['/ecs/DP1/PM/NSIDC-0051.001/2020.02.04/nt_20200204_f17_v1.1_n.bin']
North,2020,2,5,14.466,0, ['/ecs/DP1/PM/NSIDC-0051.001/2020.02.05/nt_20200205_f17_v1.1_n.bin']
North,2020,2,6,14.523,0, ['/ecs/DP1/PM/NSIDC-0051.001/2020.02.06/nt_20200206_f17_v1.1_n.bin']
North,2020,2,7,14.635,0, ['/ecs/DP1/PM/NSIDC-0051.001/2020.02.07/nt_20200207_f17_v1.1_n.bin']
North,2020,2,8,14.641,0, ['/ecs/DP1/PM/NSIDC-0051.001/2020.02.08/nt_20200208_f17_v1.1_n.bin']
North,2020,2,9,14.666,0, ['/ecs/DP1/PM/NSIDC-0051.001/2020.02.09/nt_20200209_f17_v1.1_n.bin']
North,2020,2,10,14.673,0, ['/ecs/DP1/PM/NSIDC-0051.001/2020.02.10/nt_20200210_f17_v1.1_n.bin']
North,2020,2,11,14.612,0, ['/ecs/DP1/PM/NSIDC-0051.001/2020.02.11/nt_20200211_f17_v1.1_n.bin']
North,2020,2,12,14.55,0, ['/ecs/DP1/PM/NSIDC-0051.001/2020.02.12/nt_20200212_f17_v1.1_n.bin']
North,2020,2,13,14.502,0, ['/ecs/DP1/PM/NSIDC-0051.001/2020.02.13/nt_20200213_f17_v1.1_n.bin']
North,2020,2,14,14.577,0, ['/ecs/DP1/PM/NSIDC-0051.001/2020.02.14/nt_20200214_f17_v1.1_n.bin']
North,2020,2,15,14.645,0, ['/ecs/DP1/PM/NSIDC-0051.001/2020.02.15/nt_20200215_f17_v1.1_n.bin']
North,2020,2,16,14.667,0, ['/ecs/DP1/PM/NSIDC-0051.001/2020.02.16/nt_20200216_f17_v1.1_n.bin']
North,2020,2,17,14.665,0, ['/ecs/DP1/PM/NSIDC-0051.001/2020.02.17/nt_20200217_f17_v1.1_n.bin']
North,2020,2,18,14.598,0, ['/ecs/DP1/PM/NSIDC-0051.001/2020.02.18/nt_20200218_f17_v1.1_n.bin']
North,2020,2,19,14.623,0, ['/ecs/DP1/PM/NSIDC-0051.001/2020.02.19/nt_20200219_f17_v1.1_n.bin']
North,2020,2,20,14.715,0, ['/ecs/DP1/PM/NSIDC-0051.001/2020.02.20/nt_20200220_f17_v1.1_n.bin']
North,2020,2,21,14.848,0, ['/ecs/DP1/PM/NSIDC-0051.001/2020.02.21/nt_20200221_f17_v1.1_n.bin']
North,2020,2,22,14.936,0, ['/ecs/DP1/PM/NSIDC-0051.001/2020.02.22/nt_20200222_f17_v1.1_n.bin']
North,2020,2,23,14.761,0, ['/ecs/DP1/PM/NSIDC-0051.001/2020.02.23/nt_20200223_f17_v1.1_n.bin']
North,2020,2,24,14.711,0, ['/ecs/DP1/PM/NSIDC-0051.001/2020.02.24/nt_20200224_f17_v1.1_n.bin']
North,2020,2,25,14.695,0, ['/ecs/DP1/PM/NSIDC-0051.001/2020.02.25/nt_20200225_f17_v1.1_n.bin']
North,2020,2,26,14.763,0, ['/ecs/DP1/PM/NSIDC-0051.001/2020.02.26/nt_20200226_f17_v1.1_n.bin']
North,2020,2,27,14.855,0, ['/ecs/DP1/PM/NSIDC-0051.001/2020.02.27/nt_20200227_f17_v1.1_n.bin']
North,2020,2,28,14.91,0, ['/ecs/DP1/PM/NSIDC-0051.001/2020.02.28/nt_20200228_f17_v1.1_n.bin']
North,2020,2,29,14.985,0, ['/ecs/DP1/PM/NSIDC-0051.001/2020.02.29/nt_20200229_f17_v1.1_n.bin']
North,2020,3,1,15.001,0, ['/ecs/DP1/PM/NSIDC-0051.001/2020.03.01/nt_20200301_f17_v1.1_n.bin']
North,2020,3,2,14.966,0, ['/ecs/DP1/PM/NSIDC-0051.001/2020.03.02/nt_20200302_f17_v1.1_n.bin']
North,2020,3,3,15.039,0, ['/ecs/DP1/PM/NSIDC-0051.001/2020.03.03/nt_20200303_f17_v1.1_n.bin']
North,2020,3,4,15.071,0, ['/ecs/DP1/PM/NSIDC-0051.001/2020.03.04/nt_20200304_f17_v1.1_n.bin']
North,2020,3,5,15.012,0, ['/ecs/DP1/PM/NSIDC-0051.001/2020.03.05/nt_20200305_f17_v1.1_n.bin']
North,2020,3,6,14.938,0, ['/ecs/DP1/PM/NSIDC-0051.001/2020.03.06/nt_20200306_f17_v1.1_n.bin']
North,2020,3,7,14.887,0, ['/ecs/DP1/PM/NSIDC-0051.001/2020.03.07/nt_20200307_f17_v1.1_n.bin']
North,2020,3,8,14.951,0, ['/ecs/DP1/PM/NSIDC-0051.001/2020.03.08/nt_20200308_f17_v1.1_n.bin']
North,2020,3,9,14.981,0, ['/ecs/DP1/PM/NSIDC-0051.001/2020.03.09/nt_20200309_f17_v1.1_n.bin']
North,2020,3,10,14.989,0, ['/ecs/DP1/PM/NSIDC-0051.001/2020.03.10/nt_20200310_f17_v1.1_n.bin']
North,2020,3,11,14.995,0, ['/ecs/DP1/PM/NSIDC-0051.001/2020.03.11/nt_20200311_f17_v1.1_n.bin']
North,2020,3,12,14.999,0, ['/ecs/DP1/PM/NSIDC-0051.001/2020.03.12/nt_20200312_f17_v1.1_n.bin']
North,2020,3,13,14.879,0, ['/ecs/DP1/PM/NSIDC-0051.001/2020.03.13/nt_20200313_f17_v1.1_n.bin']
North,2020,3,14,14.855,0, ['/ecs/DP1/PM/NSIDC-0051.001/2020.03.14/nt_20200314_f17_v1.1_n.bin']
North,2020,3,15,14.977,0, ['/ecs/DP1/PM/NSIDC-0051.001/2020.03.15/nt_20200315_f17_v1.1_n.bin']
North,2020,3,16,14.929,0, ['/ecs/DP1/PM/NSIDC-0051.001/2020.03.16/nt_20200316_f17_v1.1_n.bin']
North,2020,3,17,14.893,0, ['/ecs/DP1/PM/NSIDC-0051.001/2020.03.17/nt_20200317_f17_v1.1_n.bin']
North,2020,3,18,14.854,0, ['/ecs/DP1/PM/NSIDC-0051.001/2020.03.18/nt_20200318_f17_v1.1_n.bin']
North,2020,3,19,14.807,0, ['/ecs/DP1/PM/NSIDC-0051.001/2020.03.19/nt_20200319_f17_v1.1_n.bin']
North,2020,3,20,14.8,0, ['/ecs/DP1/PM/NSIDC-0051.001/2020.03.20/nt_20200320_f17_v1.1_n.bin']
North,2020,3,21,14.702,0, ['/ecs/DP1/PM/NSIDC-0051.001/2020.03.21/nt_20200321_f17_v1.1_n.bin']
North,2020,3,22,14.547,0, ['/ecs/DP1/PM/NSIDC-0051.001/2020.03.22/nt_20200322_f17_v1.1_n.bin']
North,2020,3,23,14.461,0, ['/ecs/DP1/PM/NSIDC-0051.001/2020.03.23/nt_20200323_f17_v1.1_n.bin']
North,2020,3,24,14.385,0, ['/ecs/DP1/PM/NSIDC-0051.001/2020.03.24/nt_20200324_f17_v1.1_n.bin']
North,2020,3,25,14.369,0, ['/ecs/DP1/PM/NSIDC-0051.001/2020.03.25/nt_20200325_f17_v1.1_n.bin']
North,2020,3,26,14.272,0, ['/ecs/DP1/PM/NSIDC-0051.001/2020.03.26/nt_20200326_f17_v1.1_n.bin']
North,2020,3,27,14.326,0, ['/ecs/DP1/PM/NSIDC-0051.001/2020.03.27/nt_20200327_f17_v1.1_n.bin']
North,2020,3,28,14.194,0, ['/ecs/DP1/PM/NSIDC-0051.001/2020.03.28/nt_20200328_f17_v1.1_n.bin']
North,2020,3,29,14.197,0, ['/ecs/DP1/PM/NSIDC-0051.001/2020.03.29/nt_20200329_f17_v1.1_n.bin']
North,2020,3,30,14.201,0, ['/ecs/DP1/PM/NSIDC-0051.001/2020.03.30/nt_20200330_f17_v1.1_n.bin']
North,2020,3,31,14.153,0, ['/ecs/DP1/PM/NSIDC-0051.001/2020.03.31/nt_20200331_f17_v1.1_n.bin']
North,2020,4,1,14.108,0, ['/ecs/DP1/PM/NSIDC-0051.001/2020.04.01/nt_20200401_f17_v1.1_n.bin']
North,2020,4,2,14.127,0, ['/ecs/DP1/PM/NSIDC-0051.001/2020.04.02/nt_20200402_f17_v1.1_n.bin']
North,2020,4,3,14.073,0, ['/ecs/DP1/PM/NSIDC-0051.001/2020.04.03/nt_20200403_f17_v1.1_n.bin']
North,2020,4,4,14.008,0, ['/ecs/DP1/PM/NSIDC-0051.001/2020.04.04/nt_20200404_f17_v1.1_n.bin']
North,2020,4,5,13.897,0, ['/ecs/DP1/PM/NSIDC-0051.001/2020.04.05/nt_20200405_f17_v1.1_n.bin']
North,2020,4,6,13.907,0, ['/ecs/DP1/PM/NSIDC-0051.001/2020.04.06/nt_20200406_f17_v1.1_n.bin']
North,2020,4,7,13.871,0, ['/ecs/DP1/PM/NSIDC-0051.001/2020.04.07/nt_20200407_f17_v1.1_n.bin']
North,2020,4,8,13.711,0, ['/ecs/DP1/PM/NSIDC-0051.001/2020.04.08/nt_20200408_f17_v1.1_n.bin']
North,2020,4,9,13.733,0, ['/ecs/DP1/PM/NSIDC-0051.001/2020.04.09/nt_20200409_f17_v1.1_n.bin']
North,2020,4,10,13.739,0, ['/ecs/DP1/PM/NSIDC-0051.001/2020.04.10/nt_20200410_f17_v1.1_n.bin']
North,2020,4,11,13.696,0, ['/ecs/DP1/PM/NSIDC-0051.001/2020.04.11/nt_20200411_f17_v1.1_n.bin']
North,2020,4,12,13.739,0, ['/ecs/DP1/PM/NSIDC-0051.001/2020.04.12/nt_20200412_f17_v1.1_n.bin']
North,2020,4,13,13.738,0, ['/ecs/DP1/PM/NSIDC-0051.001/2020.04.13/nt_20200413_f17_v1.1_n.bin']
North,2020,4,14,13.757,0, ['/ecs/DP1/PM/NSIDC-0051.001/2020.04.14/nt_20200414_f17_v1.1_n.bin']
North,2020,4,15,13.646,0, ['/ecs/DP1/PM/NSIDC-0051.001/2020.04.15/nt_20200415_f17_v1.1_n.bin']
North,2020,4,16,13.58,0, ['/ecs/DP1/PM/NSIDC-0051.001/2020.04.16/nt_20200416_f17_v1.1_n.bin']
North,2020,4,17,13.489,0, ['/ecs/DP1/PM/NSIDC-0051.001/2020.04.17/nt_20200417_f17_v1.1_n.bin']
North,2020,4,18,13.491,0, ['/ecs/DP1/PM/NSIDC-0051.001/2020.04.18/nt_20200418_f17_v1.1_n.bin']
North,2020,4,19,13.575,0, ['/ecs/DP1/PM/NSIDC-0051.001/2020.04.19/nt_20200419_f17_v1.1_n.bin']
North,2020,4,20,13.546,0, ['/ecs/DP1/PM/NSIDC-0051.001/2020.04.20/nt_20200420_f17_v1.1_n.bin']
North,2020,4,21,13.546,0, ['/ecs/DP1/PM/NSIDC-0051.001/2020.04.21/nt_20200421_f17_v1.1_n.bin']
North,2020,4,22,13.528,0, ['/ecs/DP1/PM/NSIDC-0051.001/2020.04.22/nt_20200422_f17_v1.1_n.bin']
North,2020,4,23,13.428,0, ['/ecs/DP1/PM/NSIDC-0051.001/2020.04.23/nt_20200423_f17_v1.1_n.bin']
North,2020,4,24,13.388,0, ['/ecs/DP1/PM/NSIDC-0051.001/2020.04.24/nt_20200424_f17_v1.1_n.bin']
North,2020,4,25,13.244,0, ['/ecs/DP1/PM/NSIDC-0051.001/2020.04.25/nt_20200425_f17_v1.1_n.bin']
North,2020,4,26,13.182,0, ['/ecs/DP1/PM/NSIDC-0051.001/2020.04.26/nt_20200426_f17_v1.1_n.bin']
North,2020,4,27,13.213,0, ['/ecs/DP1/PM/NSIDC-0051.001/2020.04.27/nt_20200427_f17_v1.1_n.bin']
North,2020,4,28,13.238,0, ['/ecs/DP1/PM/NSIDC-0051.001/2020.04.28/nt_20200428_f17_v1.1_n.bin']
North,2020,4,29,13.225,0, ['/ecs/DP1/PM/NSIDC-0051.001/2020.04.29/nt_20200429_f17_v1.1_n.bin']
North,2020,4,30,13.222,0, ['/ecs/DP1/PM/NSIDC-0051.001/2020.04.30/nt_20200430_f17_v1.1_n.bin']
North,2020,5,1,13.091,0, ['/ecs/DP1/PM/NSIDC-0051.001/2020.05.01/nt_20200501_f17_v1.1_n.bin']
North,2020,5,2,13.077,0, ['/ecs/DP1/PM/NSIDC-0051.001/2020.05.02/nt_20200502_f17_v1.1_n.bin']
North,2020,5,3,13.054,0, ['/ecs/DP1/PM/NSIDC-0051.001/2020.05.03/nt_20200503_f17_v1.1_n.bin']
North,2020,5,4,12.995,0, ['/ecs/DP1/PM/NSIDC-0051.001/2020.05.04/nt_20200504_f17_v1.1_n.bin']
North,2020,5,5,13.038,0, ['/ecs/DP1/PM/NSIDC-0051.001/2020.05.05/nt_20200505_f17_v1.1_n.bin']
North,2020,5,6,12.923,0, ['/ecs/DP1/PM/NSIDC-0051.001/2020.05.06/nt_20200506_f17_v1.1_n.bin']
North,2020,5,7,12.802,0, ['/ecs/DP1/PM/NSIDC-0051.001/2020.05.07/nt_20200507_f17_v1.1_n.bin']
North,2020,5,8,12.764,0, ['/ecs/DP1/PM/NSIDC-0051.001/2020.05.08/nt_20200508_f17_v1.1_n.bin']
North,2020,5,9,12.747,0, ['/ecs/DP1/PM/NSIDC-0051.001/2020.05.09/nt_20200509_f17_v1.1_n.bin']
North,2020,5,10,12.677,0, ['/ecs/DP1/PM/NSIDC-0051.001/2020.05.10/nt_20200510_f17_v1.1_n.bin']
North,2020,5,11,12.679,0, ['/ecs/DP1/PM/NSIDC-0051.001/2020.05.11/nt_20200511_f17_v1.1_n.bin']
North,2020,5,12,12.705,0, ['/ecs/DP1/PM/NSIDC-0051.001/2020.05.12/nt_20200512_f17_v1.1_n.bin']
North,2020,5,13,12.624,0, ['/ecs/DP1/PM/NSIDC-0051.001/2020.05.13/nt_20200513_f17_v1.1_n.bin']
North,2020,5,14,12.532,0, ['/ecs/DP1/PM/NSIDC-0051.001/2020.05.14/nt_20200514_f17_v1.1_n.bin']
North,2020,5,15,12.363,0, ['/ecs/DP1/PM/NSIDC-0051.001/2020.05.15/nt_20200515_f17_v1.1_n.bin']
North,2020,5,16,12.307,0, ['/ecs/DP1/PM/NSIDC-0051.001/2020.05.16/nt_20200516_f17_v1.1_n.bin']
North,2020,5,17,12.224,0, ['/ecs/DP1/PM/NSIDC-0051.001/2020.05.17/nt_20200517_f17_v1.1_n.bin']
North,2020,5,18,12.143,0, ['/ecs/DP1/PM/NSIDC-0051.001/2020.05.18/nt_20200518_f17_v1.1_n.bin']
North,2020,5,19,12.13,0, ['/ecs/DP1/PM/NSIDC-0051.001/2020.05.19/nt_20200519_f17_v1.1_n.bin']
North,2020,5,20,12.184,0, ['/ecs/DP1/PM/NSIDC-0051.001/2020.05.20/nt_20200520_f17_v1.1_n.bin']
North,2020,5,21,12.116,0, ['/ecs/DP1/PM/NSIDC-0051.001/2020.05.21/nt_20200521_f17_v1.1_n.bin']
North,2020,5,22,11.99,0, ['/ecs/DP1/PM/NSIDC-0051.001/2020.05.22/nt_20200522_f17_v1.1_n.bin']
North,2020,5,23,11.896,0, ['/ecs/DP1/PM/NSIDC-0051.001/2020.05.23/nt_20200523_f17_v1.1_n.bin']
North,2020,5,24,11.892,0, ['/ecs/DP1/PM/NSIDC-0051.001/2020.05.24/nt_20200524_f17_v1.1_n.bin']
North,2020,5,25,11.832,0, ['/ecs/DP1/PM/NSIDC-0051.001/2020.05.25/nt_20200525_f17_v1.1_n.bin']
North,2020,5,26,11.722,0, ['/ecs/DP1/PM/NSIDC-0051.001/2020.05.26/nt_20200526_f17_v1.1_n.bin']
North,2020,5,27,11.689,0, ['/ecs/DP1/PM/NSIDC-0051.001/2020.05.27/nt_20200527_f17_v1.1_n.bin']
North,2020,5,28,11.703,0, ['/ecs/DP1/PM/NSIDC-0051.001/2020.05.28/nt_20200528_f17_v1.1_n.bin']
North,2020,5,29,11.642,0, ['/ecs/DP1/PM/NSIDC-0051.001/2020.05.29/nt_20200529_f17_v1.1_n.bin']
North,2020,5,30,11.579,0, ['/ecs/DP1/PM/NSIDC-0051.001/2020.05.30/nt_20200530_f17_v1.1_n.bin']
North,2020,5,31,11.517,0, ['/ecs/DP1/PM/NSIDC-0051.001/2020.05.31/nt_20200531_f17_v1.1_n.bin']
North,2020,6,1,11.431,0, ['/ecs/DP1/PM/NSIDC-0051.001/2020.06.01/nt_20200601_f17_v1.1_n.bin']
North,2020,6,2,11.381,0, ['/ecs/DP1/PM/NSIDC-0051.001/2020.06.02/nt_20200602_f17_v1.1_n.bin']
North,2020,6,3,11.415,0, ['/ecs/DP1/PM/NSIDC-0051.001/2020.06.03/nt_20200603_f17_v1.1_n.bin']
North,2020,6,4,11.366,0, ['/ecs/DP1/PM/NSIDC-0051.001/2020.06.04/nt_20200604_f17_v1.1_n.bin']
North,2020,6,5,11.291,0, ['/ecs/DP1/PM/NSIDC-0051.001/2020.06.05/nt_20200605_f17_v1.1_n.bin']
North,2020,6,6,11.226,0, ['/ecs/DP1/PM/NSIDC-0051.001/2020.06.06/nt_20200606_f17_v1.1_n.bin']
North,2020,6,7,11.158,0, ['/ecs/DP1/PM/NSIDC-0051.001/2020.06.07/nt_20200607_f17_v1.1_n.bin']
North,2020,6,8,11.063,0, ['/ecs/DP1/PM/NSIDC-0051.001/2020.06.08/nt_20200608_f17_v1.1_n.bin']
North,2020,6,9,10.932,0, ['/ecs/DP1/PM/NSIDC-0051.001/2020.06.09/nt_20200609_f17_v1.1_n.bin']
North,2020,6,10,10.932,0, ['/ecs/DP1/PM/NSIDC-0051.001/2020.06.10/nt_20200610_f17_v1.1_n.bin']
North,2020,6,11,10.931,0, ['/ecs/DP1/PM/NSIDC-0051.001/2020.06.11/nt_20200611_f17_v1.1_n.bin']
North,2020,6,12,10.925,0, ['/ecs/DP1/PM/NSIDC-0051.001/2020.06.12/nt_20200612_f17_v1.1_n.bin']
North,2020,6,13,10.815,0, ['/ecs/DP1/PM/NSIDC-0051.001/2020.06.13/nt_20200613_f17_v1.1_n.bin']
North,2020,6,14,10.769,0, ['/ecs/DP1/PM/NSIDC-0051.001/2020.06.14/nt_20200614_f17_v1.1_n.bin']
North,2020,6,15,10.679,0, ['/ecs/DP1/PM/NSIDC-0051.001/2020.06.15/nt_20200615_f17_v1.1_n.bin']
North,2020,6,16,10.606,0, ['/ecs/DP1/PM/NSIDC-0051.001/2020.06.16/nt_20200616_f17_v1.1_n.bin']
North,2020,6,17,10.512,0, ['/ecs/DP1/PM/NSIDC-0051.001/2020.06.17/nt_20200617_f17_v1.1_n.bin']
North,2020,6,18,10.454,0, ['/ecs/DP1/PM/NSIDC-0051.001/2020.06.18/nt_20200618_f17_v1.1_n.bin']
North,2020,6,19,10.483,0, ['/ecs/DP1/PM/NSIDC-0051.001/2020.06.19/nt_20200619_f17_v1.1_n.bin']
North,2020,6,20,10.316,0, ['/ecs/DP1/PM/NSIDC-0051.001/2020.06.20/nt_20200620_f17_v1.1_n.bin']
North,2020,6,21,10.305,0, ['/ecs/DP1/PM/NSIDC-0051.001/2020.06.21/nt_20200621_f17_v1.1_n.bin']
North,2020,6,22,10.195,0, ['/ecs/DP1/PM/NSIDC-0051.001/2020.06.22/nt_20200622_f17_v1.1_n.bin']
North,2020,6,23,10.098,0, ['/ecs/DP1/PM/NSIDC-0051.001/2020.06.23/nt_20200623_f17_v1.1_n.bin']
North,2020,6,24,9.932,0, ['/ecs/DP1/PM/NSIDC-0051.001/2020.06.24/nt_20200624_f17_v1.1_n.bin']
North,2020,6,25,9.947,0, ['/ecs/DP1/PM/NSIDC-0051.001/2020.06.25/nt_20200625_f17_v1.1_n.bin']
North,2020,6,26,9.918,0, ['/ecs/DP1/PM/NSIDC-0051.001/2020.06.26/nt_20200626_f17_v1.1_n.bin']
North,2020,6,27,9.86,0, ['/ecs/DP1/PM/NSIDC-0051.001/2020.06.27/nt_20200627_f17_v1.1_n.bin']
North,2020,6,28,9.748,0, ['/ecs/DP1/PM/NSIDC-0051.001/2020.06.28/nt_20200628_f17_v1.1_n.bin']
North,2020,6,29,9.621,0, ['/ecs/DP1/PM/NSIDC-0051.001/2020.06.29/nt_20200629_f17_v1.1_n.bin']
North,2020,6,30,9.476,0, ['/ecs/DP1/PM/NSIDC-0051.001/2020.06.30/nt_20200630_f17_v1.1_n.bin']
North,2020,7,1,9.253,0, ['/ecs/DP1/PM/NSIDC-0051.001/2020.07.01/nt_20200701_f17_v1.1_n.bin']
North,2020,7,2,9.18,0, ['/ecs/DP1/PM/NSIDC-0051.001/2020.07.02/nt_20200702_f17_v1.1_n.bin']
North,2020,7,3,8.994,0, ['/ecs/DP1/PM/NSIDC-0051.001/2020.07.03/nt_20200703_f17_v1.1_n.bin']
North,2020,7,4,8.817,0, ['/ecs/DP1/PM/NSIDC-0051.001/2020.07.04/nt_20200704_f17_v1.1_n.bin']
North,2020,7,5,8.631,0, ['/ecs/DP1/PM/NSIDC-0051.001/2020.07.05/nt_20200705_f17_v1.1_n.bin']
North,2020,7,6,8.444,0, ['/ecs/DP1/PM/NSIDC-0051.001/2020.07.06/nt_20200706_f17_v1.1_n.bin']
North,2020,7,7,8.316,0, ['/ecs/DP1/PM/NSIDC-0051.001/2020.07.07/nt_20200707_f17_v1.1_n.bin']
North,2020,7,8,8.216,0, ['/ecs/DP1/PM/NSIDC-0051.001/2020.07.08/nt_20200708_f17_v1.1_n.bin']
North,2020,7,9,8.077,0, ['/ecs/DP1/PM/NSIDC-0051.001/2020.07.09/nt_20200709_f17_v1.1_n.bin']
North,2020,7,10,7.959,0, ['/ecs/DP1/PM/NSIDC-0051.001/2020.07.10/nt_20200710_f17_v1.1_n.bin']
North,2020,7,11,7.853,0, ['/ecs/DP1/PM/NSIDC-0051.001/2020.07.11/nt_20200711_f17_v1.1_n.bin']
North,2020,7,12,7.752,0, ['/ecs/DP1/PM/NSIDC-0051.001/2020.07.12/nt_20200712_f17_v1.1_n.bin']
North,2020,7,13,7.482,0, ['/ecs/DP1/PM/NSIDC-0051.001/2020.07.13/nt_20200713_f17_v1.1_n.bin']
North,2020,7,14,7.317,0, ['/ecs/DP1/PM/NSIDC-0051.001/2020.07.14/nt_20200714_f17_v1.1_n.bin']
North,2020,7,15,7.241,0, ['/ecs/DP1/PM/NSIDC-0051.001/2020.07.15/nt_20200715_f17_v1.1_n.bin']
North,2020,7,16,7.1,0, ['/ecs/DP1/PM/NSIDC-0051.001/2020.07.16/nt_20200716_f17_v1.1_n.bin']
North,2020,7,17,6.971,0, ['/ecs/DP1/PM/NSIDC-0051.001/2020.07.17/nt_20200717_f17_v1.1_n.bin']
North,2020,7,18,6.844,0, ['/ecs/DP1/PM/NSIDC-0051.001/2020.07.18/nt_20200718_f17_v1.1_n.bin']
North,2020,7,19,6.719,0, ['/ecs/DP1/PM/NSIDC-0051.001/2020.07.19/nt_20200719_f17_v1.1_n.bin']
North,2020,7,20,6.6,0, ['/ecs/DP1/PM/NSIDC-0051.001/2020.07.20/nt_20200720_f17_v1.1_n.bin']
North,2020,7,21,6.465,0, ['/ecs/DP1/PM/NSIDC-0051.001/2020.07.21/nt_20200721_f17_v1.1_n.bin']
North,2020,7,22,6.335,0, ['/ecs/DP1/PM/NSIDC-0051.001/2020.07.22/nt_20200722_f17_v1.1_n.bin']
North,2020,7,23,6.295,0, ['/ecs/DP1/PM/NSIDC-0051.001/2020.07.23/nt_20200723_f17_v1.1_n.bin']
North,2020,7,24,6.297,0, ['/ecs/DP1/PM/NSIDC-0051.001/2020.07.24/nt_20200724_f17_v1.1_n.bin']
North,2020,7,25,6.226,0, ['/ecs/DP1/PM/NSIDC-0051.001/2020.07.25/nt_20200725_f17_v1.1_n.bin']
North,2020,7,26,6.241,0, ['/ecs/DP1/PM/NSIDC-0051.001/2020.07.26/nt_20200726_f17_v1.1_n.bin']
North,2020,7,27,6.156,0, ['/ecs/DP1/PM/NSIDC-0051.001/2020.07.27/nt_20200727_f17_v1.1_n.bin']
North,2020,7,28,6.159,0, ['/ecs/DP1/PM/NSIDC-0051.001/2020.07.28/nt_20200728_f17_v1.1_n.bin']
North,2020,7,29,6.064,0, ['/ecs/DP1/PM/NSIDC-0051.001/2020.07.29/nt_20200729_f17_v1.1_n.bin']
North,2020,7,30,6.075,0, ['/ecs/DP1/PM/NSIDC-0051.001/2020.07.30/nt_20200730_f17_v1.1_n.bin']
North,2020,7,31,6.034,0, ['/ecs/DP1/PM/NSIDC-0051.001/2020.07.31/nt_20200731_f17_v1.1_n.bin']
North,2020,8,1,5.966,0, ['/ecs/DP1/PM/NSIDC-0051.001/2020.08.01/nt_20200801_f17_v1.1_n.bin']
North,2020,8,2,5.859,0, ['/ecs/DP1/PM/NSIDC-0051.001/2020.08.02/nt_20200802_f17_v1.1_n.bin']
North,2020,8,3,5.834,0, ['/ecs/DP1/PM/NSIDC-0051.001/2020.08.03/nt_20200803_f17_v1.1_n.bin']
North,2020,8,4,5.774,0, ['/ecs/DP1/PM/NSIDC-0051.001/2020.08.04/nt_20200804_f17_v1.1_n.bin']
North,2020,8,5,5.792,0, ['/ecs/DP1/PM/NSIDC-0051.001/2020.08.05/nt_20200805_f17_v1.1_n.bin']
North,2020,8,6,5.751,0, ['/ecs/DP1/PM/NSIDC-0051.001/2020.08.06/nt_20200806_f17_v1.1_n.bin']
North,2020,8,7,5.709,0, ['/ecs/DP1/PM/NSIDC-0051.001/2020.08.07/nt_20200807_f17_v1.1_n.bin']
North,2020,8,8,5.659,0, ['/ecs/DP1/PM/NSIDC-0051.001/2020.08.08/nt_20200808_f17_v1.1_n.bin']
North,2020,8,9,5.579,0, ['/ecs/DP1/PM/NSIDC-0051.001/2020.08.09/nt_20200809_f17_v1.1_n.bin']
North,2020,8,10,5.561,0, ['/ecs/DP1/PM/NSIDC-0051.001/2020.08.10/nt_20200810_f17_v1.1_n.bin']
North,2020,8,11,5.56,0, ['/ecs/DP1/PM/NSIDC-0051.001/2020.08.11/nt_20200811_f17_v1.1_n.bin']
North,2020,8,12,5.43,0, ['/ecs/DP1/PM/NSIDC-0051.001/2020.08.12/nt_20200812_f17_v1.1_n.bin']
North,2020,8,13,5.378,0, ['/ecs/DP1/PM/NSIDC-0051.001/2020.08.13/nt_20200813_f17_v1.1_n.bin']
North,2020,8,14,5.183,0, ['/ecs/DP1/PM/NSIDC-0051.001/2020.08.14/nt_20200814_f17_v1.1_n.bin']
North,2020,8,15,5.166,0, ['/ecs/DP1/PM/NSIDC-0051.001/2020.08.15/nt_20200815_f17_v1.1_n.bin']
North,2020,8,16,4.994,0, ['/ecs/DP1/PM/NSIDC-0051.001/2020.08.16/nt_20200816_f17_v1.1_n.bin']
North,2020,8,17,4.929,0, ['/ecs/DP1/PM/NSIDC-0051.001/2020.08.17/nt_20200817_f17_v1.1_n.bin']
North,2020,8,18,4.876,0, ['/ecs/DP1/PM/NSIDC-0051.001/2020.08.18/nt_20200818_f17_v1.1_n.bin']
North,2020,8,19,4.761,0, ['/ecs/DP1/PM/NSIDC-0051.001/2020.08.19/nt_20200819_f17_v1.1_n.bin']
North,2020,8,20,4.719,0, ['/ecs/DP1/PM/NSIDC-0051.001/2020.08.20/nt_20200820_f17_v1.1_n.bin']
North,2020,8,21,4.574,0, ['/ecs/DP1/PM/NSIDC-0051.001/2020.08.21/nt_20200821_f17_v1.1_n.bin']
North,2020,8,22,4.592,0, ['/ecs/DP1/PM/NSIDC-0051.001/2020.08.22/nt_20200822_f17_v1.1_n.bin']
North,2020,8,23,4.543,0, ['/ecs/DP1/PM/NSIDC-0051.001/2020.08.23/nt_20200823_f17_v1.1_n.bin']
North,2020,8,24,4.567,0, ['/ecs/DP1/PM/NSIDC-0051.001/2020.08.24/nt_20200824_f17_v1.1_n.bin']
North,2020,8,25,4.445,0, ['/ecs/DP1/PM/NSIDC-0051.001/2020.08.25/nt_20200825_f17_v1.1_n.bin']
North,2020,8,26,4.429,0, ['/ecs/DP1/PM/NSIDC-0051.001/2020.08.26/nt_20200826_f17_v1.1_n.bin']
North,2020,8,27,4.408,0, ['/ecs/DP1/PM/NSIDC-0051.001/2020.08.27/nt_20200827_f17_v1.1_n.bin']
North,2020,8,28,4.354,0, ['/ecs/DP1/PM/NSIDC-0051.001/2020.08.28/nt_20200828_f17_v1.1_n.bin']
North,2020,8,29,4.329,0, ['/ecs/DP1/PM/NSIDC-0051.001/2020.08.29/nt_20200829_f17_v1.1_n.bin']
North,2020,8,30,4.226,0, ['/ecs/DP1/PM/NSIDC-0051.001/2020.08.30/nt_20200830_f17_v1.1_n.bin']
North,2020,8,31,4.223,0, ['/ecs/DP1/PM/NSIDC-0051.001/2020.08.31/nt_20200831_f17_v1.1_n.bin']
North,2020,9,1,4.105,0, ['/ecs/DP1/PM/NSIDC-0051.001/2020.09.01/nt_20200901_f17_v1.1_n.bin']
North,2020,9,2,4.097,0, ['/ecs/DP1/PM/NSIDC-0051.001/2020.09.02/nt_20200902_f17_v1.1_n.bin']
North,2020,9,3,4.041,0, ['/ecs/DP1/PM/NSIDC-0051.001/2020.09.03/nt_20200903_f17_v1.1_n.bin']
North,2020,9,4,3.908,0, ['/ecs/DP1/PM/NSIDC-0051.001/2020.09.04/nt_20200904_f17_v1.1_n.bin']
North,2020,9,5,3.898,0, ['/ecs/DP1/PM/NSIDC-0051.001/2020.09.05/nt_20200905_f17_v1.1_n.bin']
North,2020,9,6,3.899,0, ['/ecs/DP1/PM/NSIDC-0051.001/2020.09.06/nt_20200906_f17_v1.1_n.bin']
North,2020,9,7,3.878,0, ['/ecs/DP1/PM/NSIDC-0051.001/2020.09.07/nt_20200907_f17_v1.1_n.bin']
North,2020,9,8,3.845,0, ['/ecs/DP1/PM/NSIDC-0051.001/2020.09.08/nt_20200908_f17_v1.1_n.bin']
North,2020,9,9,3.868,0, ['/ecs/DP1/PM/NSIDC-0051.001/2020.09.09/nt_20200909_f17_v1.1_n.bin']
North,2020,9,10,3.836,0, ['/ecs/DP1/PM/NSIDC-0051.001/2020.09.10/nt_20200910_f17_v1.1_n.bin']
North,2020,9,11,3.849,0, ['/ecs/DP1/PM/NSIDC-0051.001/2020.09.11/nt_20200911_f17_v1.1_n.bin']
North,2020,9,12,3.814,0, ['/ecs/DP1/PM/NSIDC-0051.001/2020.09.12/nt_20200912_f17_v1.1_n.bin']
North,2020,9,13,3.793,0, ['/ecs/DP1/PM/NSIDC-0051.001/2020.09.13/nt_20200913_f17_v1.1_n.bin']
North,2020,9,14,3.846,0, ['/ecs/DP1/PM/NSIDC-0051.001/2020.09.14/nt_20200914_f17_v1.1_n.bin']
North,2020,9,15,3.818,0, ['/ecs/DP1/PM/NSIDC-0051.001/2020.09.15/nt_20200915_f17_v1.1_n.bin']
North,2020,9,16,3.818,0, ['/ecs/DP1/PM/NSIDC-0051.001/2020.09.16/nt_20200916_f17_v1.1_n.bin']
North,2020,9,17,3.92,0, ['/ecs/DP1/PM/NSIDC-0051.001/2020.09.17/nt_20200917_f17_v1.1_n.bin']
North,2020,9,18,3.904,0, ['/ecs/DP1/PM/NSIDC-0051.001/2020.09.18/nt_20200918_f17_v1.1_n.bin']
North,2020,9,19,3.865,0, ['/ecs/DP1/PM/NSIDC-0051.001/2020.09.19/nt_20200919_f17_v1.1_n.bin']
North,2020,9,20,3.918,0, ['/ecs/DP1/PM/NSIDC-0051.001/2020.09.20/nt_20200920_f17_v1.1_n.bin']
North,2020,9,21,3.979,0, ['/ecs/DP1/PM/NSIDC-0051.001/2020.09.21/nt_20200921_f17_v1.1_n.bin']
North,2020,9,22,4.066,0, ['/ecs/DP1/PM/NSIDC-0051.001/2020.09.22/nt_20200922_f17_v1.1_n.bin']
North,2020,9,23,4.121,0, ['/ecs/DP1/PM/NSIDC-0051.001/2020.09.23/nt_20200923_f17_v1.1_n.bin']
North,2020,9,24,4.172,0, ['/ecs/DP1/PM/NSIDC-0051.001/2020.09.24/nt_20200924_f17_v1.1_n.bin']
North,2020,9,25,4.212,0, ['/ecs/DP1/PM/NSIDC-0051.001/2020.09.25/nt_20200925_f17_v1.1_n.bin']
North,2020,9,26,4.283,0, ['/ecs/DP1/PM/NSIDC-0051.001/2020.09.26/nt_20200926_f17_v1.1_n.bin']
North,2020,9,27,4.272,0, ['/ecs/DP1/PM/NSIDC-0051.001/2020.09.27/nt_20200927_f17_v1.1_n.bin']
North,2020,9,28,4.307,0, ['/ecs/DP1/PM/NSIDC-0051.001/2020.09.28/nt_20200928_f17_v1.1_n.bin']
North,2020,9,29,4.332,0, ['/ecs/DP1/PM/NSIDC-0051.001/2020.09.29/nt_20200929_f17_v1.1_n.bin']
North,2020,9,30,4.352,0, ['/ecs/DP1/PM/NSIDC-0051.001/2020.09.30/nt_20200930_f17_v1.1_n.bin']
North,2020,10,1,4.497,0, ['/ecs/DP1/PM/NSIDC-0051.001/2020.10.01/nt_20201001_f17_v1.1_n.bin']
North,2020,10,2,4.479,0, ['/ecs/DP1/PM/NSIDC-0051.001/2020.10.02/nt_20201002_f17_v1.1_n.bin']
North,2020,10,3,4.531,0, ['/ecs/DP1/PM/NSIDC-0051.001/2020.10.03/nt_20201003_f17_v1.1_n.bin']
North,2020,10,4,4.545,0, ['/ecs/DP1/PM/NSIDC-0051.001/2020.10.04/nt_20201004_f17_v1.1_n.bin']
North,2020,10,5,4.578,0, ['/ecs/DP1/PM/NSIDC-0051.001/2020.10.05/nt_20201005_f17_v1.1_n.bin']
North,2020,10,6,4.656,0, ['/ecs/DP1/PM/NSIDC-0051.001/2020.10.06/nt_20201006_f17_v1.1_n.bin']
North,2020,10,7,4.73,0, ['/ecs/DP1/PM/NSIDC-0051.001/2020.10.07/nt_20201007_f17_v1.1_n.bin']
North,2020,10,8,4.721,0, ['/ecs/DP1/PM/NSIDC-0051.001/2020.10.08/nt_20201008_f17_v1.1_n.bin']
North,2020,10,9,4.778,0, ['/ecs/DP1/PM/NSIDC-0051.001/2020.10.09/nt_20201009_f17_v1.1_n.bin']
North,2020,10,10,4.864,0, ['/ecs/DP1/PM/NSIDC-0051.001/2020.10.10/nt_20201010_f17_v1.1_n.bin']
North,2020,10,11,4.963,0, ['/ecs/DP1/PM/NSIDC-0051.001/2020.10.11/nt_20201011_f17_v1.1_n.bin']
North,2020,10,12,5.03,0, ['/ecs/DP1/PM/NSIDC-0051.001/2020.10.12/nt_20201012_f17_v1.1_n.bin']
North,2020,10,13,5.125,0, ['/ecs/DP1/PM/NSIDC-0051.001/2020.10.13/nt_20201013_f17_v1.1_n.bin']
North,2020,10,14,5.173,0, ['/ecs/DP1/PM/NSIDC-0051.001/2020.10.14/nt_20201014_f17_v1.1_n.bin']
North,2020,10,15,5.241,0, ['/ecs/DP1/PM/NSIDC-0051.001/2020.10.15/nt_20201015_f17_v1.1_n.bin']
North,2020,10,16,5.261,0, ['/ecs/DP1/PM/NSIDC-0051.001/2020.10.16/nt_20201016_f17_v1.1_n.bin']
North,2020,10,17,5.328,0, ['/ecs/DP1/PM/NSIDC-0051.001/2020.10.17/nt_20201017_f17_v1.1_n.bin']
North,2020,10,18,5.365,0, ['/ecs/DP1/PM/NSIDC-0051.001/2020.10.18/nt_20201018_f17_v1.1_n.bin']
North,2020,10,19,5.39,0, ['/ecs/DP1/PM/NSIDC-0051.001/2020.10.19/nt_20201019_f17_v1.1_n.bin']
North,2020,10,20,5.402,0, ['/ecs/DP1/PM/NSIDC-0051.001/2020.10.20/nt_20201020_f17_v1.1_n.bin']
North,2020,10,21,5.457,0, ['/ecs/DP1/PM/NSIDC-0051.001/2020.10.21/nt_20201021_f17_v1.1_n.bin']
North,2020,10,22,5.518,0, ['/ecs/DP1/PM/NSIDC-0051.001/2020.10.22/nt_20201022_f17_v1.1_n.bin']
North,2020,10,23,5.638,0, ['/ecs/DP1/PM/NSIDC-0051.001/2020.10.23/nt_20201023_f17_v1.1_n.bin']
North,2020,10,24,5.754,0, ['/ecs/DP1/PM/NSIDC-0051.001/2020.10.24/nt_20201024_f17_v1.1_n.bin']
North,2020,10,25,5.895,0, ['/ecs/DP1/PM/NSIDC-0051.001/2020.10.25/nt_20201025_f17_v1.1_n.bin']
North,2020,10,26,5.976,0, ['/ecs/DP1/PM/NSIDC-0051.001/2020.10.26/nt_20201026_f17_v1.1_n.bin']
North,2020,10,27,6.07,0, ['/ecs/DP1/PM/NSIDC-0051.001/2020.10.27/nt_20201027_f17_v1.1_n.bin']
North,2020,10,28,6.245,0, ['/ecs/DP1/PM/NSIDC-0051.001/2020.10.28/nt_20201028_f17_v1.1_n.bin']
North,2020,10,29,6.526,0, ['/ecs/DP1/PM/NSIDC-0051.001/2020.10.29/nt_20201029_f17_v1.1_n.bin']
North,2020,10,30,6.697,0, ['/ecs/DP1/PM/NSIDC-0051.001/2020.10.30/nt_20201030_f17_v1.1_n.bin']
North,2020,10,31,6.921,0, ['/ecs/DP1/PM/NSIDC-0051.001/2020.10.31/nt_20201031_f17_v1.1_n.bin']
North,2020,11,1,7.284,0, ['/ecs/DP1/PM/NSIDC-0051.001/2020.11.01/nt_20201101_f17_v1.1_n.bin']
North,2020,11,2,7.538,0, ['/ecs/DP1/PM/NSIDC-0051.001/2020.11.02/nt_20201102_f17_v1.1_n.bin']
North,2020,11,3,7.848,0, ['/ecs/DP1/PM/NSIDC-0051.001/2020.11.03/nt_20201103_f17_v1.1_n.bin']
North,2020,11,4,7.964,0, ['/ecs/DP1/PM/NSIDC-0051.001/2020.11.04/nt_20201104_f17_v1.1_n.bin']
North,2020,11,5,8.154,0, ['/ecs/DP1/PM/NSIDC-0051.001/2020.11.05/nt_20201105_f17_v1.1_n.bin']
North,2020,11,6,8.109,0, ['/ecs/DP1/PM/NSIDC-0051.001/2020.11.06/nt_20201106_f17_v1.1_n.bin']
North,2020,11,7,8.23,0, ['/ecs/DP1/PM/NSIDC-0051.001/2020.11.07/nt_20201107_f17_v1.1_n.bin']
North,2020,11,8,8.453,0, ['/ecs/DP1/PM/NSIDC-0051.001/2020.11.08/nt_20201108_f17_v1.1_n.bin']
North,2020,11,9,8.625,0, ['/ecs/DP1/PM/NSIDC-0051.001/2020.11.09/nt_20201109_f17_v1.1_n.bin']
North,2020,11,10,8.68,0, ['/ecs/DP1/PM/NSIDC-0051.001/2020.11.10/nt_20201110_f17_v1.1_n.bin']
North,2020,11,11,8.763,0, ['/ecs/DP1/PM/NSIDC-0051.001/2020.11.11/nt_20201111_f17_v1.1_n.bin']
North,2020,11,12,8.845,0, ['/ecs/DP1/PM/NSIDC-0051.001/2020.11.12/nt_20201112_f17_v1.1_n.bin']
North,2020,11,13,8.909,0, ['/ecs/DP1/PM/NSIDC-0051.001/2020.11.13/nt_20201113_f17_v1.1_n.bin']
North,2020,11,14,8.977,0, ['/ecs/DP1/PM/NSIDC-0051.001/2020.11.14/nt_20201114_f17_v1.1_n.bin']
North,2020,11,15,9.001,0, ['/ecs/DP1/PM/NSIDC-0051.001/2020.11.15/nt_20201115_f17_v1.1_n.bin']
North,2020,11,16,9.125,0, ['/ecs/DP1/PM/NSIDC-0051.001/2020.11.16/nt_20201116_f17_v1.1_n.bin']
North,2020,11,17,9.152,0, ['/ecs/DP1/PM/NSIDC-0051.001/2020.11.17/nt_20201117_f17_v1.1_n.bin']
North,2020,11,18,9.18,0, ['/ecs/DP1/PM/NSIDC-0051.001/2020.11.18/nt_20201118_f17_v1.1_n.bin']
North,2020,11,19,9.184,0, ['/ecs/DP1/PM/NSIDC-0051.001/2020.11.19/nt_20201119_f17_v1.1_n.bin']
North,2020,11,20,9.314,0, ['/ecs/DP1/PM/NSIDC-0051.001/2020.11.20/nt_20201120_f17_v1.1_n.bin']
North,2020,11,21,9.385,0, ['/ecs/DP1/PM/NSIDC-0051.001/2020.11.21/nt_20201121_f17_v1.1_n.bin']
North,2020,11,22,9.605,0, ['/ecs/DP1/PM/NSIDC-0051.001/2020.11.22/nt_20201122_f17_v1.1_n.bin']
North,2020,11,23,9.768,0, ['/ecs/DP1/PM/NSIDC-0051.001/2020.11.23/nt_20201123_f17_v1.1_n.bin']
North,2020,11,24,9.876,0, ['/ecs/DP1/PM/NSIDC-0051.001/2020.11.24/nt_20201124_f17_v1.1_n.bin']
North,2020,11,25,9.942,0, ['/ecs/DP1/PM/NSIDC-0051.001/2020.11.25/nt_20201125_f17_v1.1_n.bin']
North,2020,11,26,9.847,0, ['/ecs/DP1/PM/NSIDC-0051.001/2020.11.26/nt_20201126_f17_v1.1_n.bin']
North,2020,11,27,9.841,0, ['/ecs/DP1/PM/NSIDC-0051.001/2020.11.27/nt_20201127_f17_v1.1_n.bin']
North,2020,11,28,9.863,0, ['/ecs/DP1/PM/NSIDC-0051.001/2020.11.28/nt_20201128_f17_v1.1_n.bin']
North,2020,11,29,9.979,0, ['/ecs/DP1/PM/NSIDC-0051.001/2020.11.29/nt_20201129_f17_v1.1_n.bin']
North,2020,11,30,10.114,0, ['/ecs/DP1/PM/NSIDC-0051.001/2020.11.30/nt_20201130_f17_v1.1_n.bin']
North,2020,12,1,10.365,0, ['/ecs/DP1/PM/NSIDC-0051.001/2020.12.01/nt_20201201_f17_v1.1_n.bin']
North,2020,12,2,10.483,0, ['/ecs/DP1/PM/NSIDC-0051.001/2020.12.02/nt_20201202_f17_v1.1_n.bin']
North,2020,12,3,10.558,0, ['/ecs/DP1/PM/NSIDC-0051.001/2020.12.03/nt_20201203_f17_v1.1_n.bin']
North,2020,12,4,10.608,0, ['/ecs/DP1/PM/NSIDC-0051.001/2020.12.04/nt_20201204_f17_v1.1_n.bin']
North,2020,12,5,10.702,0, ['/ecs/DP1/PM/NSIDC-0051.001/2020.12.05/nt_20201205_f17_v1.1_n.bin']
North,2020,12,6,10.893,0, ['/ecs/DP1/PM/NSIDC-0051.001/2020.12.06/nt_20201206_f17_v1.1_n.bin']
North,2020,12,7,10.964,0, ['/ecs/DP1/PM/NSIDC-0051.001/2020.12.07/nt_20201207_f17_v1.1_n.bin']
North,2020,12,8,10.958,0, ['/ecs/DP1/PM/NSIDC-0051.001/2020.12.08/nt_20201208_f17_v1.1_n.bin']
North,2020,12,9,11.016,0, ['/ecs/DP1/PM/NSIDC-0051.001/2020.12.09/nt_20201209_f17_v1.1_n.bin']
North,2020,12,10,11.144,0, ['/ecs/DP1/PM/NSIDC-0051.001/2020.12.10/nt_20201210_f17_v1.1_n.bin']
North,2020,12,11,11.252,0, ['/ecs/DP1/PM/NSIDC-0051.001/2020.12.11/nt_20201211_f17_v1.1_n.bin']
North,2020,12,12,11.362,0, ['/ecs/DP1/PM/NSIDC-0051.001/2020.12.12/nt_20201212_f17_v1.1_n.bin']
North,2020,12,13,11.565,0, ['/ecs/DP1/PM/NSIDC-0051.001/2020.12.13/nt_20201213_f17_v1.1_n.bin']
North,2020,12,14,11.667,0, ['/ecs/DP1/PM/NSIDC-0051.001/2020.12.14/nt_20201214_f17_v1.1_n.bin']
North,2020,12,15,11.744,0, ['/ecs/DP1/PM/NSIDC-0051.001/2020.12.15/nt_20201215_f17_v1.1_n.bin']
North,2020,12,16,11.907,0, ['/ecs/DP1/PM/NSIDC-0051.001/2020.12.16/nt_20201216_f17_v1.1_n.bin']
North,2020,12,17,11.97,0, ['/ecs/DP1/PM/NSIDC-0051.001/2020.12.17/nt_20201217_f17_v1.1_n.bin']
North,2020,12,18,12.11,0, ['/ecs/DP1/PM/NSIDC-0051.001/2020.12.18/nt_20201218_f17_v1.1_n.bin']
North,2020,12,19,12.247,0, ['/ecs/DP1/PM/NSIDC-0051.001/2020.12.19/nt_20201219_f17_v1.1_n.bin']
North,2020,12,20,12.329,0, ['/ecs/DP1/PM/NSIDC-0051.001/2020.12.20/nt_20201220_f17_v1.1_n.bin']
North,2020,12,21,12.375,0, ['/ecs/DP1/PM/NSIDC-0051.001/2020.12.21/nt_20201221_f17_v1.1_n.bin']
North,2020,12,22,12.468,0, ['/ecs/DP1/PM/NSIDC-0051.001/2020.12.22/nt_20201222_f17_v1.1_n.bin']
North,2020,12,23,12.424,0, ['/ecs/DP1/PM/NSIDC-0051.001/2020.12.23/nt_20201223_f17_v1.1_n.bin']
North,2020,12,24,12.47,0, ['/ecs/DP1/PM/NSIDC-0051.001/2020.12.24/nt_20201224_f17_v1.1_n.bin']
North,2020,12,25,12.504,0, ['/ecs/DP1/PM/NSIDC-0051.001/2020.12.25/nt_20201225_f17_v1.1_n.bin']
North,2020,12,26,12.498,0, ['/ecs/DP1/PM/NSIDC-0051.001/2020.12.26/nt_20201226_f17_v1.1_n.bin']
North,2020,12,27,12.579,0, ['/ecs/DP1/PM/NSIDC-0051.001/2020.12.27/nt_20201227_f17_v1.1_n.bin']
North,2020,12,28,12.582,0, ['/ecs/DP1/PM/NSIDC-0051.001/2020.12.28/nt_20201228_f17_v1.1_n.bin']
North,2020,12,29,12.608,0, ['/ecs/DP1/PM/NSIDC-0051.001/2020.12.29/nt_20201229_f17_v1.1_n.bin']
North,2020,12,30,12.622,0, ['/ecs/DP1/PM/NSIDC-0051.001/2020.12.30/nt_20201230_f17_v1.1_n.bin']
North,2020,12,31,12.639,0, ['/ecs/DP1/PM/NSIDC-0051.001/2020.12.31/nt_20201231_f17_v1.1_n.bin']
North,2021,1,1,12.711,0, ['/ecs/DP1/PM/NSIDC-0051.001/2021.01.01/nt_20210101_f17_v1.1_n.bin']
North,2021,1,2,12.71,0, ['/ecs/DP1/PM/NSIDC-0051.001/2021.01.02/nt_20210102_f17_v1.1_n.bin']
North,2021,1,3,12.799,0, ['/ecs/DP1/PM/NSIDC-0051.001/2021.01.03/nt_20210103_f17_v1.1_n.bin']
North,2021,1,4,12.834,0, ['/ecs/DP1/PM/NSIDC-0051.001/2021.01.04/nt_20210104_f17_v1.1_n.bin']
North,2021,1,5,12.862,0, ['/ecs/DP1/PM/NSIDC-0051.001/2021.01.05/nt_20210105_f17_v1.1_n.bin']
North,2021,1,6,12.917,0, ['/ecs/DP1/PM/NSIDC-0051.001/2021.01.06/nt_20210106_f17_v1.1_n.bin']
North,2021,1,7,13.024,0, ['/ecs/DP1/PM/NSIDC-0051.001/2021.01.07/nt_20210107_f17_v1.1_n.bin']
North,2021,1,8,13.039,0, ['/ecs/DP1/PM/NSIDC-0051.001/2021.01.08/nt_20210108_f17_v1.1_n.bin']
North,2021,1,9,13.078,0, ['/ecs/DP1/PM/NSIDC-0051.001/2021.01.09/nt_20210109_f17_v1.1_n.bin']
North,2021,1,10,13.179,0, ['/ecs/DP1/PM/NSIDC-0051.001/2021.01.10/nt_20210110_f17_v1.1_n.bin']
North,2021,1,11,13.218,0, ['/ecs/DP1/PM/NSIDC-0051.001/2021.01.11/nt_20210111_f17_v1.1_n.bin']
North,2021,1,12,13.356,0, ['/ecs/DP1/PM/NSIDC-0051.001/2021.01.12/nt_20210112_f17_v1.1_n.bin']
North,2021,1,13,13.361,0, ['/ecs/DP1/PM/NSIDC-0051.001/2021.01.13/nt_20210113_f17_v1.1_n.bin']
North,2021,1,14,13.426,0, ['/ecs/DP1/PM/NSIDC-0051.001/2021.01.14/nt_20210114_f17_v1.1_n.bin']
North,2021,1,15,13.523,0, ['/ecs/DP1/PM/NSIDC-0051.001/2021.01.15/nt_20210115_f17_v1.1_n.bin']
North,2021,1,16,13.65,0, ['/ecs/DP1/PM/NSIDC-0051.001/2021.01.16/nt_20210116_f17_v1.1_n.bin']
North,2021,1,17,13.821,0, ['/ecs/DP1/PM/NSIDC-0051.001/2021.01.17/nt_20210117_f17_v1.1_n.bin']
North,2021,1,18,13.775,0, ['/ecs/DP1/PM/NSIDC-0051.001/2021.01.18/nt_20210118_f17_v1.1_n.bin']
North,2021,1,19,13.736,0, ['/ecs/DP1/PM/NSIDC-0051.001/2021.01.19/nt_20210119_f17_v1.1_n.bin']
North,2021,1,20,13.77,0, ['/ecs/DP1/PM/NSIDC-0051.001/2021.01.20/nt_20210120_f17_v1.1_n.bin']
North,2021,1,21,13.761,0, ['/ecs/DP1/PM/NSIDC-0051.001/2021.01.21/nt_20210121_f17_v1.1_n.bin']
North,2021,1,22,13.841,0, ['/ecs/DP1/PM/NSIDC-0051.001/2021.01.22/nt_20210122_f17_v1.1_n.bin']
North,2021,1,23,13.894,0, ['/ecs/DP1/PM/NSIDC-0051.001/2021.01.23/nt_20210123_f17_v1.1_n.bin']
North,2021,1,24,13.945,0, ['/ecs/DP1/PM/NSIDC-0051.001/2021.01.24/nt_20210124_f17_v1.1_n.bin']
North,2021,1,25,13.97,0, ['/ecs/DP1/PM/NSIDC-0051.001/2021.01.25/nt_20210125_f17_v1.1_n.bin']
North,2021,1,26,13.982,0, ['/ecs/DP1/PM/NSIDC-0051.001/2021.01.26/nt_20210126_f17_v1.1_n.bin']
North,2021,1,27,14.044,0, ['/ecs/DP1/PM/NSIDC-0051.001/2021.01.27/nt_20210127_f17_v1.1_n.bin']
North,2021,1,28,14.002,0, ['/ecs/DP1/PM/NSIDC-0051.001/2021.01.28/nt_20210128_f17_v1.1_n.bin']
North,2021,1,29,14.003,0, ['/ecs/DP1/PM/NSIDC-0051.001/2021.01.29/nt_20210129_f17_v1.1_n.bin']
North,2021,1,30,14.117,0, ['/ecs/DP1/PM/NSIDC-0051.001/2021.01.30/nt_20210130_f17_v1.1_n.bin']
North,2021,1,31,14.181,0, ['/ecs/DP1/PM/NSIDC-0051.001/2021.01.31/nt_20210131_f17_v1.1_n.bin']
North,2021,2,1,14.208,0, ['/ecs/DP1/PM/NSIDC-0051.001/2021.02.01/nt_20210201_f17_v1.1_n.bin']
North,2021,2,2,14.247,0, ['/ecs/DP1/PM/NSIDC-0051.001/2021.02.02/nt_20210202_f17_v1.1_n.bin']
North,2021,2,3,14.389,0, ['/ecs/DP1/PM/NSIDC-0051.001/2021.02.03/nt_20210203_f17_v1.1_n.bin']
North,2021,2,4,14.27,0, ['/ecs/DP1/PM/NSIDC-0051.001/2021.02.04/nt_20210204_f17_v1.1_n.bin']
North,2021,2,5,14.269,0, ['/ecs/DP1/PM/NSIDC-0051.001/2021.02.05/nt_20210205_f17_v1.1_n.bin']
North,2021,2,6,14.35,0, ['/ecs/DP1/PM/NSIDC-0051.001/2021.02.06/nt_20210206_f17_v1.1_n.bin']
North,2021,2,7,14.448,0, ['/ecs/DP1/PM/NSIDC-0051.001/2021.02.07/nt_20210207_f17_v1.1_n.bin']
North,2021,2,8,14.461,0, ['/ecs/DP1/PM/NSIDC-0051.001/2021.02.08/nt_20210208_f17_v1.1_n.bin']
North,2021,2,9,14.442,0, ['/ecs/DP1/PM/NSIDC-0051.001/2021.02.09/nt_20210209_f17_v1.1_n.bin']
North,2021,2,10,14.44,0, ['/ecs/DP1/PM/NSIDC-0051.001/2021.02.10/nt_20210210_f17_v1.1_n.bin']
North,2021,2,11,14.568,0, ['/ecs/DP1/PM/NSIDC-0051.001/2021.02.11/nt_20210211_f17_v1.1_n.bin']
North,2021,2,12,14.512,0, ['/ecs/DP1/PM/NSIDC-0051.001/2021.02.12/nt_20210212_f17_v1.1_n.bin']
North,2021,2,13,14.47,0, ['/ecs/DP1/PM/NSIDC-0051.001/2021.02.13/nt_20210213_f17_v1.1_n.bin']
North,2021,2,14,14.497,0, ['/ecs/DP1/PM/NSIDC-0051.001/2021.02.14/nt_20210214_f17_v1.1_n.bin']
North,2021,2,15,14.583,0, ['/ecs/DP1/PM/NSIDC-0051.001/2021.02.15/nt_20210215_f17_v1.1_n.bin']
North,2021,2,16,14.547,0, ['/ecs/DP1/PM/NSIDC-0051.001/2021.02.16/nt_20210216_f17_v1.1_n.bin']
North,2021,2,17,14.375,0, ['/ecs/DP1/PM/NSIDC-0051.001/2021.02.17/nt_20210217_f17_v1.1_n.bin']
North,2021,2,18,14.314,0, ['/ecs/DP1/PM/NSIDC-0051.001/2021.02.18/nt_20210218_f17_v1.1_n.bin']
North,2021,2,19,14.324,0, ['/ecs/DP1/PM/NSIDC-0051.001/2021.02.19/nt_20210219_f17_v1.1_n.bin']
North,2021,2,20,14.297,0, ['/ecs/DP1/PM/NSIDC-0051.001/2021.02.20/nt_20210220_f17_v1.1_n.bin']
North,2021,2,21,14.291,0, ['/ecs/DP1/PM/NSIDC-0051.001/2021.02.21/nt_20210221_f17_v1.1_n.bin']
North,2021,2,22,14.328,0, ['/ecs/DP1/PM/NSIDC-0051.001/2021.02.22/nt_20210222_f17_v1.1_n.bin']
North,2021,2,23,14.34,0, ['/ecs/DP1/PM/NSIDC-0051.001/2021.02.23/nt_20210223_f17_v1.1_n.bin']
North,2021,2,24,14.278,0, ['/ecs/DP1/PM/NSIDC-0051.001/2021.02.24/nt_20210224_f17_v1.1_n.bin']
North,2021,2,25,14.275,0, ['/ecs/DP1/PM/NSIDC-0051.001/2021.02.25/nt_20210225_f17_v1.1_n.bin']
North,2021,2,26,14.348,0, ['/ecs/DP1/PM/NSIDC-0051.001/2021.02.26/nt_20210226_f17_v1.1_n.bin']
North,2021,2,27,14.404,0, ['/ecs/DP1/PM/NSIDC-0051.001/2021.02.27/nt_20210227_f17_v1.1_n.bin']
North,2021,2,28,14.633,0, ['/ecs/DP1/PM/NSIDC-0051.001/2021.02.28/nt_20210228_f17_v1.1_n.bin']
North,2021,3,1,14.647,0, ['/ecs/DP1/PM/NSIDC-0051.001/2021.03.01/nt_20210301_f17_v1.1_n.bin']
North,2021,3,2,14.741,0, ['/ecs/DP1/PM/NSIDC-0051.001/2021.03.02/nt_20210302_f17_v1.1_n.bin']
North,2021,3,3,14.776,0, ['/ecs/DP1/PM/NSIDC-0051.001/2021.03.03/nt_20210303_f17_v1.1_n.bin']
North,2021,3,4,14.801,0, ['/ecs/DP1/PM/NSIDC-0051.001/2021.03.04/nt_20210304_f17_v1.1_n.bin']
North,2021,3,5,14.746,0, ['/ecs/DP1/PM/NSIDC-0051.001/2021.03.05/nt_20210305_f17_v1.1_n.bin']
North,2021,3,6,14.725,0, ['/ecs/DP1/PM/NSIDC-0051.001/2021.03.06/nt_20210306_f17_v1.1_n.bin']
North,2021,3,7,14.727,0, ['/ecs/DP1/PM/NSIDC-0051.001/2021.03.07/nt_20210307_f17_v1.1_n.bin']
North,2021,3,8,14.711,0, ['/ecs/DP1/PM/NSIDC-0051.001/2021.03.08/nt_20210308_f17_v1.1_n.bin']
North,2021,3,9,14.768,0, ['/ecs/DP1/PM/NSIDC-0051.001/2021.03.09/nt_20210309_f17_v1.1_n.bin']
North,2021,3,10,14.818,0, ['/ecs/DP1/PM/NSIDC-0051.001/2021.03.10/nt_20210310_f17_v1.1_n.bin']
North,2021,3,11,14.865,0, ['/ecs/DP1/PM/NSIDC-0051.001/2021.03.11/nt_20210311_f17_v1.1_n.bin']
North,2021,3,12,14.743,0, ['/ecs/DP1/PM/NSIDC-0051.001/2021.03.12/nt_20210312_f17_v1.1_n.bin']
North,2021,3,13,14.658,0, ['/ecs/DP1/PM/NSIDC-0051.001/2021.03.13/nt_20210313_f17_v1.1_n.bin']
North,2021,3,14,14.6,0, ['/ecs/DP1/PM/NSIDC-0051.001/2021.03.14/nt_20210314_f17_v1.1_n.bin']
North,2021,3,15,14.617,0, ['/ecs/DP1/PM/NSIDC-0051.001/2021.03.15/nt_20210315_f17_v1.1_n.bin']
North,2021,3,16,14.74,0, ['/ecs/DP1/PM/NSIDC-0051.001/2021.03.16/nt_20210316_f17_v1.1_n.bin']
North,2021,3,17,14.768,0, ['/ecs/DP1/PM/NSIDC-0051.001/2021.03.17/nt_20210317_f17_v1.1_n.bin']
North,2021,3,18,14.775,0, ['/ecs/DP1/PM/NSIDC-0051.001/2021.03.18/nt_20210318_f17_v1.1_n.bin']
North,2021,3,19,14.748,0, ['/ecs/DP1/PM/NSIDC-0051.001/2021.03.19/nt_20210319_f17_v1.1_n.bin']
North,2021,3,20,14.728,0, ['/ecs/DP1/PM/NSIDC-0051.001/2021.03.20/nt_20210320_f17_v1.1_n.bin']
North,2021,3,21,14.743,0, ['/ecs/DP1/PM/NSIDC-0051.001/2021.03.21/nt_20210321_f17_v1.1_n.bin']
North,2021,3,22,14.65,0, ['/ecs/DP1/PM/NSIDC-0051.001/2021.03.22/nt_20210322_f17_v1.1_n.bin']
North,2021,3,23,14.585,0, ['/ecs/DP1/PM/NSIDC-0051.001/2021.03.23/nt_20210323_f17_v1.1_n.bin']
North,2021,3,24,14.528,0, ['/ecs/DP1/PM/NSIDC-0051.001/2021.03.24/nt_20210324_f17_v1.1_n.bin']
North,2021,3,25,14.552,0, ['/ecs/DP1/PM/NSIDC-0051.001/2021.03.25/nt_20210325_f17_v1.1_n.bin']
North,2021,3,26,14.555,0, ['/ecs/DP1/PM/NSIDC-0051.001/2021.03.26/nt_20210326_f17_v1.1_n.bin']
North,2021,3,27,14.604,0, ['/ecs/DP1/PM/NSIDC-0051.001/2021.03.27/nt_20210327_f17_v1.1_n.bin']
North,2021,3,28,14.464,0, ['/ecs/DP1/PM/NSIDC-0051.001/2021.03.28/nt_20210328_f17_v1.1_n.bin']
North,2021,3,29,14.405,0, ['/ecs/DP1/PM/NSIDC-0051.001/2021.03.29/nt_20210329_f17_v1.1_n.bin']
North,2021,3,30,14.318,0, ['/ecs/DP1/PM/NSIDC-0051.001/2021.03.30/nt_20210330_f17_v1.1_n.bin']
North,2021,3,31,14.299,0, ['/ecs/DP1/PM/NSIDC-0051.001/2021.03.31/nt_20210331_f17_v1.1_n.bin']
North,2021,4,1,14.304,0, ['/ecs/DP1/PM/NSIDC-0051.001/2021.04.01/nt_20210401_f17_v1.1_n.bin']
North,2021,4,2,14.265,0, ['/ecs/DP1/PM/NSIDC-0051.001/2021.04.02/nt_20210402_f17_v1.1_n.bin']
North,2021,4,3,14.221,0, ['/ecs/DP1/PM/NSIDC-0051.001/2021.04.03/nt_20210403_f17_v1.1_n.bin']
North,2021,4,4,14.19,0, ['/ecs/DP1/PM/NSIDC-0051.001/2021.04.04/nt_20210404_f17_v1.1_n.bin']
North,2021,4,5,14.095,0, ['/ecs/DP1/PM/NSIDC-0051.001/2021.04.05/nt_20210405_f17_v1.1_n.bin']
North,2021,4,6,14.095,0, ['/ecs/DP1/PM/NSIDC-0051.001/2021.04.06/nt_20210406_f17_v1.1_n.bin']
North,2021,4,7,14.069,0, ['/ecs/DP1/PM/NSIDC-0051.001/2021.04.07/nt_20210407_f17_v1.1_n.bin']
North,2021,4,8,13.962,0, ['/ecs/DP1/PM/NSIDC-0051.001/2021.04.08/nt_20210408_f17_v1.1_n.bin']
North,2021,4,9,13.991,0, ['/ecs/DP1/PM/NSIDC-0051.001/2021.04.09/nt_20210409_f17_v1.1_n.bin']
North,2021,4,10,13.807,0, ['/ecs/DP1/PM/NSIDC-0051.001/2021.04.10/nt_20210410_f17_v1.1_n.bin']
North,2021,4,11,13.792,0, ['/ecs/DP1/PM/NSIDC-0051.001/2021.04.11/nt_20210411_f17_v1.1_n.bin']
North,2021,4,12,13.808,0, ['/ecs/DP1/PM/NSIDC-0051.001/2021.04.12/nt_20210412_f17_v1.1_n.bin']
North,2021,4,13,13.81,0, ['/ecs/DP1/PM/NSIDC-0051.001/2021.04.13/nt_20210413_f17_v1.1_n.bin']
North,2021,4,14,13.729,0, ['/ecs/DP1/PM/NSIDC-0051.001/2021.04.14/nt_20210414_f17_v1.1_n.bin']
North,2021,4,15,13.786,0, ['/ecs/DP1/PM/NSIDC-0051.001/2021.04.15/nt_20210415_f17_v1.1_n.bin']
North,2021,4,16,13.847,0, ['/ecs/DP1/PM/NSIDC-0051.001/2021.04.16/nt_20210416_f17_v1.1_n.bin']
North,2021,4,17,13.849,0, ['/ecs/DP1/PM/NSIDC-0051.001/2021.04.17/nt_20210417_f17_v1.1_n.bin']
North,2021,4,18,13.787,0, ['/ecs/DP1/PM/NSIDC-0051.001/2021.04.18/nt_20210418_f17_v1.1_n.bin']
North,2021,4,19,13.641,0, ['/ecs/DP1/PM/NSIDC-0051.001/2021.04.19/nt_20210419_f17_v1.1_n.bin']
North,2021,4,20,13.564,0, ['/ecs/DP1/PM/NSIDC-0051.001/2021.04.20/nt_20210420_f17_v1.1_n.bin']
North,2021,4,21,13.494,0, ['/ecs/DP1/PM/NSIDC-0051.001/2021.04.21/nt_20210421_f17_v1.1_n.bin']
North,2021,4,22,13.578,0, ['/ecs/DP1/PM/NSIDC-0051.001/2021.04.22/nt_20210422_f17_v1.1_n.bin']
North,2021,4,23,13.512,0, ['/ecs/DP1/PM/NSIDC-0051.001/2021.04.23/nt_20210423_f17_v1.1_n.bin']
North,2021,4,24,13.537,0, ['/ecs/DP1/PM/NSIDC-0051.001/2021.04.24/nt_20210424_f17_v1.1_n.bin']
North,2021,4,25,13.467,0, ['/ecs/DP1/PM/NSIDC-0051.001/2021.04.25/nt_20210425_f17_v1.1_n.bin']
North,2021,4,26,13.535,0, ['/ecs/DP1/PM/NSIDC-0051.001/2021.04.26/nt_20210426_f17_v1.1_n.bin']
North,2021,4,27,13.546,0, ['/ecs/DP1/PM/NSIDC-0051.001/2021.04.27/nt_20210427_f17_v1.1_n.bin']
North,2021,4,28,13.526,0, ['/ecs/DP1/PM/NSIDC-0051.001/2021.04.28/nt_20210428_f17_v1.1_n.bin']
North,2021,4,29,13.494,0, ['/ecs/DP1/PM/NSIDC-0051.001/2021.04.29/nt_20210429_f17_v1.1_n.bin']
North,2021,4,30,13.455,0, ['/ecs/DP1/PM/NSIDC-0051.001/2021.04.30/nt_20210430_f17_v1.1_n.bin']
North,2021,5,1,13.279,0, ['/ecs/DP1/PM/NSIDC-0051.001/2021.05.01/nt_20210501_f17_v1.1_n.bin']
North,2021,5,2,13.226,0, ['/ecs/DP1/PM/NSIDC-0051.001/2021.05.02/nt_20210502_f17_v1.1_n.bin']
North,2021,5,3,13.142,0, ['/ecs/DP1/PM/NSIDC-0051.001/2021.05.03/nt_20210503_f17_v1.1_n.bin']
North,2021,5,4,13.054,0, ['/ecs/DP1/PM/NSIDC-0051.001/2021.05.04/nt_20210504_f17_v1.1_n.bin']
North,2021,5,5,13,0, ['/ecs/DP1/PM/NSIDC-0051.001/2021.05.05/nt_20210505_f17_v1.1_n.bin']
North,2021,5,6,12.991,0, ['/ecs/DP1/PM/NSIDC-0051.001/2021.05.06/nt_20210506_f17_v1.1_n.bin']
North,2021,5,7,12.943,0, ['/ecs/DP1/PM/NSIDC-0051.001/2021.05.07/nt_20210507_f17_v1.1_n.bin']
North,2021,5,8,12.895,0, ['/ecs/DP1/PM/NSIDC-0051.001/2021.05.08/nt_20210508_f17_v1.1_n.bin']
North,2021,5,9,12.927,0, ['/ecs/DP1/PM/NSIDC-0051.001/2021.05.09/nt_20210509_f17_v1.1_n.bin']
North,2021,5,10,12.875,0, ['/ecs/DP1/PM/NSIDC-0051.001/2021.05.10/nt_20210510_f17_v1.1_n.bin']
North,2021,5,11,12.812,0, ['/ecs/DP1/PM/NSIDC-0051.001/2021.05.11/nt_20210511_f17_v1.1_n.bin']
North,2021,5,12,12.825,0, ['/ecs/DP1/PM/NSIDC-0051.001/2021.05.12/nt_20210512_f17_v1.1_n.bin']
North,2021,5,13,12.833,0, ['/ecs/DP1/PM/NSIDC-0051.001/2021.05.13/nt_20210513_f17_v1.1_n.bin']
North,2021,5,14,12.823,0, ['/ecs/DP1/PM/NSIDC-0051.001/2021.05.14/nt_20210514_f17_v1.1_n.bin']
North,2021,5,15,12.758,0, ['/ecs/DP1/PM/NSIDC-0051.001/2021.05.15/nt_20210515_f17_v1.1_n.bin']
North,2021,5,16,12.78,0, ['/ecs/DP1/PM/NSIDC-0051.001/2021.05.16/nt_20210516_f17_v1.1_n.bin']
North,2021,5,17,12.716,0, ['/ecs/DP1/PM/NSIDC-0051.001/2021.05.17/nt_20210517_f17_v1.1_n.bin']
North,2021,5,18,12.66,0, ['/ecs/DP1/PM/NSIDC-0051.001/2021.05.18/nt_20210518_f17_v1.1_n.bin']
North,2021,5,19,12.66,0, ['/ecs/DP1/PM/NSIDC-0051.001/2021.05.19/nt_20210519_f17_v1.1_n.bin']
North,2021,5,20,12.651,0, ['/ecs/DP1/PM/NSIDC-0051.001/2021.05.20/nt_20210520_f17_v1.1_n.bin']
North,2021,5,21,12.609,0, ['/ecs/DP1/PM/NSIDC-0051.001/2021.05.21/nt_20210521_f17_v1.1_n.bin']
North,2021,5,22,12.537,0, ['/ecs/DP1/PM/NSIDC-0051.001/2021.05.22/nt_20210522_f17_v1.1_n.bin']
North,2021,5,23,12.456,0, ['/ecs/DP1/PM/NSIDC-0051.001/2021.05.23/nt_20210523_f17_v1.1_n.bin']
North,2021,5,24,12.442,0, ['/ecs/DP1/PM/NSIDC-0051.001/2021.05.24/nt_20210524_f17_v1.1_n.bin']
North,2021,5,25,12.39,0, ['/ecs/DP1/PM/NSIDC-0051.001/2021.05.25/nt_20210525_f17_v1.1_n.bin']
North,2021,5,26,12.336,0, ['/ecs/DP1/PM/NSIDC-0051.001/2021.05.26/nt_20210526_f17_v1.1_n.bin']
North,2021,5,27,12.233,0, ['/ecs/DP1/PM/NSIDC-0051.001/2021.05.27/nt_20210527_f17_v1.1_n.bin']
North,2021,5,28,12.164,0, ['/ecs/DP1/PM/NSIDC-0051.001/2021.05.28/nt_20210528_f17_v1.1_n.bin']
North,2021,5,29,12.102,0, ['/ecs/DP1/PM/NSIDC-0051.001/2021.05.29/nt_20210529_f17_v1.1_n.bin']
North,2021,5,30,12.016,0, ['/ecs/DP1/PM/NSIDC-0051.001/2021.05.30/nt_20210530_f17_v1.1_n.bin']
North,2021,5,31,12.005,0, ['/ecs/DP1/PM/NSIDC-0051.001/2021.05.31/nt_20210531_f17_v1.1_n.bin']
North,2021,6,1,11.853,0, ['/ecs/DP1/PM/NSIDC-0051.001/2021.06.01/nt_20210601_f17_v1.1_n.bin']
North,2021,6,2,11.796,0, ['/ecs/DP1/PM/NSIDC-0051.001/2021.06.02/nt_20210602_f17_v1.1_n.bin']
North,2021,6,3,11.704,0, ['/ecs/DP1/PM/NSIDC-0051.001/2021.06.03/nt_20210603_f17_v1.1_n.bin']
North,2021,6,4,11.634,0, ['/ecs/DP1/PM/NSIDC-0051.001/2021.06.04/nt_20210604_f17_v1.1_n.bin']
North,2021,6,5,11.532,0, ['/ecs/DP1/PM/NSIDC-0051.001/2021.06.05/nt_20210605_f17_v1.1_n.bin']
North,2021,6,6,11.473,0, ['/ecs/DP1/PM/NSIDC-0051.001/2021.06.06/nt_20210606_f17_v1.1_n.bin']
North,2021,6,7,11.41,0, ['/ecs/DP1/PM/NSIDC-0051.001/2021.06.07/nt_20210607_f17_v1.1_n.bin']
North,2021,6,8,11.356,0, ['/ecs/DP1/PM/NSIDC-0051.001/2021.06.08/nt_20210608_f17_v1.1_n.bin']
North,2021,6,9,11.311,0, ['/ecs/DP1/PM/NSIDC-0051.001/2021.06.09/nt_20210609_f17_v1.1_n.bin']
North,2021,6,10,11.26,0, ['/ecs/DP1/PM/NSIDC-0051.001/2021.06.10/nt_20210610_f17_v1.1_n.bin']
North,2021,6,11,11.127,0, ['/ecs/DP1/PM/NSIDC-0051.001/2021.06.11/nt_20210611_f17_v1.1_n.bin']
North,2021,6,12,11.024,0, ['/ecs/DP1/PM/NSIDC-0051.001/2021.06.12/nt_20210612_f17_v1.1_n.bin']
North,2021,6,13,10.988,0, ['/ecs/DP1/PM/NSIDC-0051.001/2021.06.13/nt_20210613_f17_v1.1_n.bin']
North,2021,6,14,10.86,0, ['/ecs/DP1/PM/NSIDC-0051.001/2021.06.14/nt_20210614_f17_v1.1_n.bin']
North,2021,6,15,10.816,0, ['/ecs/DP1/PM/NSIDC-0051.001/2021.06.15/nt_20210615_f17_v1.1_n.bin']
North,2021,6,16,10.715,0, ['/ecs/DP1/PM/NSIDC-0051.001/2021.06.16/nt_20210616_f17_v1.1_n.bin']
North,2021,6,17,10.693,0, ['/ecs/DP1/PM/NSIDC-0051.001/2021.06.17/nt_20210617_f17_v1.1_n.bin']
North,2021,6,18,10.654,0, ['/ecs/DP1/PM/NSIDC-0051.001/2021.06.18/nt_20210618_f17_v1.1_n.bin']
North,2021,6,19,10.578,0, ['/ecs/DP1/PM/NSIDC-0051.001/2021.06.19/nt_20210619_f17_v1.1_n.bin']
North,2021,6,20,10.459,0, ['/ecs/DP1/PM/NSIDC-0051.001/2021.06.20/nt_20210620_f17_v1.1_n.bin']
North,2021,6,21,10.367,0, ['/ecs/DP1/PM/NSIDC-0051.001/2021.06.21/nt_20210621_f17_v1.1_n.bin']
North,2021,6,22,10.254,0, ['/ecs/DP1/PM/NSIDC-0051.001/2021.06.22/nt_20210622_f17_v1.1_n.bin']
North,2021,6,23,10.3,0, ['/ecs/DP1/PM/NSIDC-0051.001/2021.06.23/nt_20210623_f17_v1.1_n.bin']
North,2021,6,24,10.16,0, ['/ecs/DP1/PM/NSIDC-0051.001/2021.06.24/nt_20210624_f17_v1.1_n.bin']
North,2021,6,25,10.044,0, ['/ecs/DP1/PM/NSIDC-0051.001/2021.06.25/nt_20210625_f17_v1.1_n.bin']
North,2021,6,26,9.868,0, ['/ecs/DP1/PM/NSIDC-0051.001/2021.06.26/nt_20210626_f17_v1.1_n.bin']
North,2021,6,27,9.769,0, ['/ecs/DP1/PM/NSIDC-0051.001/2021.06.27/nt_20210627_f17_v1.1_n.bin']
North,2021,6,28,9.752,0, ['/ecs/DP1/PM/NSIDC-0051.001/2021.06.28/nt_20210628_f17_v1.1_n.bin']
North,2021,6,29,9.624,0, ['/ecs/DP1/PM/NSIDC-0051.001/2021.06.29/nt_20210629_f17_v1.1_n.bin']
North,2021,6,30,9.571,0, ['/ecs/DP1/PM/NSIDC-0051.001/2021.06.30/nt_20210630_f17_v1.1_n.bin']
North,2021,7,1,9.272,0, ['/ecs/DP1/PM/NSIDC-0051.001/2021.07.01/nt_20210701_f17_v1.1_n.bin']
North,2021,7,2,9.105,0, ['/ecs/DP1/PM/NSIDC-0051.001/2021.07.02/nt_20210702_f17_v1.1_n.bin']
North,2021,7,3,8.812,0, ['/ecs/DP1/PM/NSIDC-0051.001/2021.07.03/nt_20210703_f17_v1.1_n.bin']
North,2021,7,4,8.687,0, ['/ecs/DP1/PM/NSIDC-0051.001/2021.07.04/nt_20210704_f17_v1.1_n.bin']
North,2021,7,5,8.646,0, ['/ecs/DP1/PM/NSIDC-0051.001/2021.07.05/nt_20210705_f17_v1.1_n.bin']
North,2021,7,6,8.596,0, ['/ecs/DP1/PM/NSIDC-0051.001/2021.07.06/nt_20210706_f17_v1.1_n.bin']
North,2021,7,7,8.431,0, ['/ecs/DP1/PM/NSIDC-0051.001/2021.07.07/nt_20210707_f17_v1.1_n.bin']
North,2021,7,8,8.262,0, ['/ecs/DP1/PM/NSIDC-0051.001/2021.07.08/nt_20210708_f17_v1.1_n.bin']
North,2021,7,9,8.059,0, ['/ecs/DP1/PM/NSIDC-0051.001/2021.07.09/nt_20210709_f17_v1.1_n.bin']
North,2021,7,10,8.122,0, ['/ecs/DP1/PM/NSIDC-0051.001/2021.07.10/nt_20210710_f17_v1.1_n.bin']
North,2021,7,11,7.969,0, ['/ecs/DP1/PM/NSIDC-0051.001/2021.07.11/nt_20210711_f17_v1.1_n.bin']
North,2021,7,12,7.795,0, ['/ecs/DP1/PM/NSIDC-0051.001/2021.07.12/nt_20210712_f17_v1.1_n.bin']
North,2021,7,13,7.716,0, ['/ecs/DP1/PM/NSIDC-0051.001/2021.07.13/nt_20210713_f17_v1.1_n.bin']
North,2021,7,14,7.717,0, ['/ecs/DP1/PM/NSIDC-0051.001/2021.07.14/nt_20210714_f17_v1.1_n.bin']
North,2021,7,15,7.554,0, ['/ecs/DP1/PM/NSIDC-0051.001/2021.07.15/nt_20210715_f17_v1.1_n.bin']
North,2021,7,16,7.537,0, ['/ecs/DP1/PM/NSIDC-0051.001/2021.07.16/nt_20210716_f17_v1.1_n.bin']
North,2021,7,17,7.462,0, ['/ecs/DP1/PM/NSIDC-0051.001/2021.07.17/nt_20210717_f17_v1.1_n.bin']
North,2021,7,18,7.3,0, ['/ecs/DP1/PM/NSIDC-0051.001/2021.07.18/nt_20210718_f17_v1.1_n.bin']
North,2021,7,19,7.299,0, ['/ecs/DP1/PM/NSIDC-0051.001/2021.07.19/nt_20210719_f17_v1.1_n.bin']
North,2021,7,20,7.303,0, ['/ecs/DP1/PM/NSIDC-0051.001/2021.07.20/nt_20210720_f17_v1.1_n.bin']
North,2021,7,21,7.221,0, ['/ecs/DP1/PM/NSIDC-0051.001/2021.07.21/nt_20210721_f17_v1.1_n.bin']
North,2021,7,22,7.126,0, ['/ecs/DP1/PM/NSIDC-0051.001/2021.07.22/nt_20210722_f17_v1.1_n.bin']
North,2021,7,23,7.067,0, ['/ecs/DP1/PM/NSIDC-0051.001/2021.07.23/nt_20210723_f17_v1.1_n.bin']
North,2021,7,24,7.037,0, ['/ecs/DP1/PM/NSIDC-0051.001/2021.07.24/nt_20210724_f17_v1.1_n.bin']
North,2021,7,25,6.943,0, ['/ecs/DP1/PM/NSIDC-0051.001/2021.07.25/nt_20210725_f17_v1.1_n.bin']
North,2021,7,26,6.829,0, ['/ecs/DP1/PM/NSIDC-0051.001/2021.07.26/nt_20210726_f17_v1.1_n.bin']
North,2021,7,27,6.797,0, ['/ecs/DP1/PM/NSIDC-0051.001/2021.07.27/nt_20210727_f17_v1.1_n.bin']
North,2021,7,28,6.733,0, ['/ecs/DP1/PM/NSIDC-0051.001/2021.07.28/nt_20210728_f17_v1.1_n.bin']
North,2021,7,29,6.597,0, ['/ecs/DP1/PM/NSIDC-0051.001/2021.07.29/nt_20210729_f17_v1.1_n.bin']
North,2021,7,30,6.595,0, ['/ecs/DP1/PM/NSIDC-0051.001/2021.07.30/nt_20210730_f17_v1.1_n.bin']
North,2021,7,31,6.467,0, ['/ecs/DP1/PM/NSIDC-0051.001/2021.07.31/nt_20210731_f17_v1.1_n.bin']
North,2021,8,1,6.448,0, ['/ecs/DP1/PM/NSIDC-0051.001/2021.08.01/nt_20210801_f17_v1.1_n.bin']
North,2021,8,2,6.429,0, ['/ecs/DP1/PM/NSIDC-0051.001/2021.08.02/nt_20210802_f17_v1.1_n.bin']
North,2021,8,3,6.374,0, ['/ecs/DP1/PM/NSIDC-0051.001/2021.08.03/nt_20210803_f17_v1.1_n.bin']
North,2021,8,4,6.112,0, ['/ecs/DP1/PM/NSIDC-0051.001/2021.08.04/nt_20210804_f17_v1.1_n.bin']
North,2021,8,5,6.07,0, ['/ecs/DP1/PM/NSIDC-0051.001/2021.08.05/nt_20210805_f17_v1.1_n.bin']
North,2021,8,6,6.06,0, ['/ecs/DP1/PM/NSIDC-0051.001/2021.08.06/nt_20210806_f17_v1.1_n.bin']
North,2021,8,7,6.149,0, ['/ecs/DP1/PM/NSIDC-0051.001/2021.08.07/nt_20210807_f17_v1.1_n.bin']
North,2021,8,8,6.086,0, ['/ecs/DP1/PM/NSIDC-0051.001/2021.08.08/nt_20210808_f17_v1.1_n.bin']
North,2021,8,9,6.068,0, ['/ecs/DP1/PM/NSIDC-0051.001/2021.08.09/nt_20210809_f17_v1.1_n.bin']
North,2021,8,10,6.024,0, ['/ecs/DP1/PM/NSIDC-0051.001/2021.08.10/nt_20210810_f17_v1.1_n.bin']
North,2021,8,11,5.927,0, ['/ecs/DP1/PM/NSIDC-0051.001/2021.08.11/nt_20210811_f17_v1.1_n.bin']
North,2021,8,12,5.844,0, ['/ecs/DP1/PM/NSIDC-0051.001/2021.08.12/nt_20210812_f17_v1.1_n.bin']
North,2021,8,13,5.777,0, ['/ecs/DP1/PM/NSIDC-0051.001/2021.08.13/nt_20210813_f17_v1.1_n.bin']
North,2021,8,14,5.749,0, ['/ecs/DP1/PM/NSIDC-0051.001/2021.08.14/nt_20210814_f17_v1.1_n.bin']
North,2021,8,15,5.743,0, ['/ecs/DP1/PM/NSIDC-0051.001/2021.08.15/nt_20210815_f17_v1.1_n.bin']
North,2021,8,16,5.67,0, ['/ecs/DP1/PM/NSIDC-0051.001/2021.08.16/nt_20210816_f17_v1.1_n.bin']
North,2021,8,17,5.619,0, ['/ecs/DP1/PM/NSIDC-0051.001/2021.08.17/nt_20210817_f17_v1.1_n.bin']
North,2021,8,18,5.62,0, ['/ecs/DP1/PM/NSIDC-0051.001/2021.08.18/nt_20210818_f17_v1.1_n.bin']
North,2021,8,19,5.587,0, ['/ecs/DP1/PM/NSIDC-0051.001/2021.08.19/nt_20210819_f17_v1.1_n.bin']
North,2021,8,20,5.547,0, ['/ecs/DP1/PM/NSIDC-0051.001/2021.08.20/nt_20210820_f17_v1.1_n.bin']
North,2021,8,21,5.517,0, ['/ecs/DP1/PM/NSIDC-0051.001/2021.08.21/nt_20210821_f17_v1.1_n.bin']
North,2021,8,22,5.462,0, ['/ecs/DP1/PM/NSIDC-0051.001/2021.08.22/nt_20210822_f17_v1.1_n.bin']
North,2021,8,23,5.368,0, ['/ecs/DP1/PM/NSIDC-0051.001/2021.08.23/nt_20210823_f17_v1.1_n.bin']
North,2021,8,24,5.416,0, ['/ecs/DP1/PM/NSIDC-0051.001/2021.08.24/nt_20210824_f17_v1.1_n.bin']
North,2021,8,25,5.348,0, ['/ecs/DP1/PM/NSIDC-0051.001/2021.08.25/nt_20210825_f17_v1.1_n.bin']
North,2021,8,26,5.303,0, ['/ecs/DP1/PM/NSIDC-0051.001/2021.08.26/nt_20210826_f17_v1.1_n.bin']
North,2021,8,27,5.241,0, ['/ecs/DP1/PM/NSIDC-0051.001/2021.08.27/nt_20210827_f17_v1.1_n.bin']
North,2021,8,28,5.226,0, ['/ecs/DP1/PM/NSIDC-0051.001/2021.08.28/nt_20210828_f17_v1.1_n.bin']
North,2021,8,29,5.137,0, ['/ecs/DP1/PM/NSIDC-0051.001/2021.08.29/nt_20210829_f17_v1.1_n.bin']
North,2021,8,30,5.126,0, ['/ecs/DP1/PM/NSIDC-0051.001/2021.08.30/nt_20210830_f17_v1.1_n.bin']
North,2021,8,31,5.117,0, ['/ecs/DP1/PM/NSIDC-0051.001/2021.08.31/nt_20210831_f17_v1.1_n.bin']
North,2021,9,1,5.076,0, ['/ecs/DP1/PM/NSIDC-0051.001/2021.09.01/nt_20210901_f17_v1.1_n.bin']
North,2021,9,2,5.043,0, ['/ecs/DP1/PM/NSIDC-0051.001/2021.09.02/nt_20210902_f17_v1.1_n.bin']
North,2021,9,3,5.074,0, ['/ecs/DP1/PM/NSIDC-0051.001/2021.09.03/nt_20210903_f17_v1.1_n.bin']
North,2021,9,4,5.073,0, ['/ecs/DP1/PM/NSIDC-0051.001/2021.09.04/nt_20210904_f17_v1.1_n.bin']
North,2021,9,5,4.973,0, ['/ecs/DP1/PM/NSIDC-0051.001/2021.09.05/nt_20210905_f17_v1.1_n.bin']
North,2021,9,6,4.897,0, ['/ecs/DP1/PM/NSIDC-0051.001/2021.09.06/nt_20210906_f17_v1.1_n.bin']
North,2021,9,7,4.895,0, ['/ecs/DP1/PM/NSIDC-0051.001/2021.09.07/nt_20210907_f17_v1.1_n.bin']
North,2021,9,8,4.893,0, ['/ecs/DP1/PM/NSIDC-0051.001/2021.09.08/nt_20210908_f17_v1.1_n.bin']
North,2021,9,9,4.872,0, ['/ecs/DP1/PM/NSIDC-0051.001/2021.09.09/nt_20210909_f17_v1.1_n.bin']
North,2021,9,10,4.827,0, ['/ecs/DP1/PM/NSIDC-0051.001/2021.09.10/nt_20210910_f17_v1.1_n.bin']
North,2021,9,11,4.821,0, ['/ecs/DP1/PM/NSIDC-0051.001/2021.09.11/nt_20210911_f17_v1.1_n.bin']
North,2021,9,12,4.776,0, ['/ecs/DP1/PM/NSIDC-0051.001/2021.09.12/nt_20210912_f17_v1.1_n.bin']
North,2021,9,13,4.773,0, ['/ecs/DP1/PM/NSIDC-0051.001/2021.09.13/nt_20210913_f17_v1.1_n.bin']
North,2021,9,14,4.757,0, ['/ecs/DP1/PM/NSIDC-0051.001/2021.09.14/nt_20210914_f17_v1.1_n.bin']
North,2021,9,15,4.781,0, ['/ecs/DP1/PM/NSIDC-0051.001/2021.09.15/nt_20210915_f17_v1.1_n.bin']
North,2021,9,16,4.774,0, ['/ecs/DP1/PM/NSIDC-0051.001/2021.09.16/nt_20210916_f17_v1.1_n.bin']
North,2021,9,17,4.801,0, ['/ecs/DP1/PM/NSIDC-0051.001/2021.09.17/nt_20210917_f17_v1.1_n.bin']
North,2021,9,18,4.809,0, ['/ecs/DP1/PM/NSIDC-0051.001/2021.09.18/nt_20210918_f17_v1.1_n.bin']
North,2021,9,19,4.886,0, ['/ecs/DP1/PM/NSIDC-0051.001/2021.09.19/nt_20210919_f17_v1.1_n.bin']
North,2021,9,20,4.877,0, ['/ecs/DP1/PM/NSIDC-0051.001/2021.09.20/nt_20210920_f17_v1.1_n.bin']
North,2021,9,21,4.925,0, ['/ecs/DP1/PM/NSIDC-0051.001/2021.09.21/nt_20210921_f17_v1.1_n.bin']
North,2021,9,22,4.941,0, ['/ecs/DP1/PM/NSIDC-0051.001/2021.09.22/nt_20210922_f17_v1.1_n.bin']
North,2021,9,23,4.917,0, ['/ecs/DP1/PM/NSIDC-0051.001/2021.09.23/nt_20210923_f17_v1.1_n.bin']
North,2021,9,24,5.028,0, ['/ecs/DP1/PM/NSIDC-0051.001/2021.09.24/nt_20210924_f17_v1.1_n.bin']
North,2021,9,25,5.103,0, ['/ecs/DP1/PM/NSIDC-0051.001/2021.09.25/nt_20210925_f17_v1.1_n.bin']
North,2021,9,26,5.195,0, ['/ecs/DP1/PM/NSIDC-0051.001/2021.09.26/nt_20210926_f17_v1.1_n.bin']
North,2021,9,27,5.171,0, ['/ecs/DP1/PM/NSIDC-0051.001/2021.09.27/nt_20210927_f17_v1.1_n.bin']
North,2021,9,28,5.148,0, ['/ecs/DP1/PM/NSIDC-0051.001/2021.09.28/nt_20210928_f17_v1.1_n.bin']
North,2021,9,29,5.209,0, ['/ecs/DP1/PM/NSIDC-0051.001/2021.09.29/nt_20210929_f17_v1.1_n.bin']
North,2021,9,30,5.257,0, ['/ecs/DP1/PM/NSIDC-0051.001/2021.09.30/nt_20210930_f17_v1.1_n.bin']
North,2021,10,1,5.395,0, ['/ecs/DP1/PM/NSIDC-0051.001/2021.10.01/nt_20211001_f17_v1.1_n.bin']
North,2021,10,2,5.456,0, ['/ecs/DP1/PM/NSIDC-0051.001/2021.10.02/nt_20211002_f17_v1.1_n.bin']
North,2021,10,3,5.518,0, ['/ecs/DP1/PM/NSIDC-0051.001/2021.10.03/nt_20211003_f17_v1.1_n.bin']
North,2021,10,4,5.561,0, ['/ecs/DP1/PM/NSIDC-0051.001/2021.10.04/nt_20211004_f17_v1.1_n.bin']
North,2021,10,5,5.595,0, ['/ecs/DP1/PM/NSIDC-0051.001/2021.10.05/nt_20211005_f17_v1.1_n.bin']
North,2021,10,6,5.66,0, ['/ecs/DP1/PM/NSIDC-0051.001/2021.10.06/nt_20211006_f17_v1.1_n.bin']
North,2021,10,7,5.737,0, ['/ecs/DP1/PM/NSIDC-0051.001/2021.10.07/nt_20211007_f17_v1.1_n.bin']
North,2021,10,8,5.802,0, ['/ecs/DP1/PM/NSIDC-0051.001/2021.10.08/nt_20211008_f17_v1.1_n.bin']
North,2021,10,9,5.888,0, ['/ecs/DP1/PM/NSIDC-0051.001/2021.10.09/nt_20211009_f17_v1.1_n.bin']
North,2021,10,10,5.985,0, ['/ecs/DP1/PM/NSIDC-0051.001/2021.10.10/nt_20211010_f17_v1.1_n.bin']
North,2021,10,11,6.132,0, ['/ecs/DP1/PM/NSIDC-0051.001/2021.10.11/nt_20211011_f17_v1.1_n.bin']
North,2021,10,12,6.239,0, ['/ecs/DP1/PM/NSIDC-0051.001/2021.10.12/nt_20211012_f17_v1.1_n.bin']
North,2021,10,13,6.303,0, ['/ecs/DP1/PM/NSIDC-0051.001/2021.10.13/nt_20211013_f17_v1.1_n.bin']
North,2021,10,14,6.367,0, ['/ecs/DP1/PM/NSIDC-0051.001/2021.10.14/nt_20211014_f17_v1.1_n.bin']
North,2021,10,15,6.504,0, ['/ecs/DP1/PM/NSIDC-0051.001/2021.10.15/nt_20211015_f17_v1.1_n.bin']
North,2021,10,16,6.636,0, ['/ecs/DP1/PM/NSIDC-0051.001/2021.10.16/nt_20211016_f17_v1.1_n.bin']
North,2021,10,17,6.842,0, ['/ecs/DP1/PM/NSIDC-0051.001/2021.10.17/nt_20211017_f17_v1.1_n.bin']
North,2021,10,18,7.041,0, ['/ecs/DP1/PM/NSIDC-0051.001/2021.10.18/nt_20211018_f17_v1.1_n.bin']
North,2021,10,19,7.149,0, ['/ecs/DP1/PM/NSIDC-0051.001/2021.10.19/nt_20211019_f17_v1.1_n.bin']
North,2021,10,20,7.269,0, ['/ecs/DP1/PM/NSIDC-0051.001/2021.10.20/nt_20211020_f17_v1.1_n.bin']
North,2021,10,21,7.403,0, ['/ecs/DP1/PM/NSIDC-0051.001/2021.10.21/nt_20211021_f17_v1.1_n.bin']
North,2021,10,22,7.632,0, ['/ecs/DP1/PM/NSIDC-0051.001/2021.10.22/nt_20211022_f17_v1.1_n.bin']
North,2021,10,23,7.745,0, ['/ecs/DP1/PM/NSIDC-0051.001/2021.10.23/nt_20211023_f17_v1.1_n.bin']
North,2021,10,24,7.867,0, ['/ecs/DP1/PM/NSIDC-0051.001/2021.10.24/nt_20211024_f17_v1.1_n.bin']
North,2021,10,25,7.98,0, ['/ecs/DP1/PM/NSIDC-0051.001/2021.10.25/nt_20211025_f17_v1.1_n.bin']
North,2021,10,26,8.094,0, ['/ecs/DP1/PM/NSIDC-0051.001/2021.10.26/nt_20211026_f17_v1.1_n.bin']
North,2021,10,27,8.135,0, ['/ecs/DP1/PM/NSIDC-0051.001/2021.10.27/nt_20211027_f17_v1.1_n.bin']
North,2021,10,28,8.203,0, ['/ecs/DP1/PM/NSIDC-0051.001/2021.10.28/nt_20211028_f17_v1.1_n.bin']
North,2021,10,29,8.301,0, ['/ecs/DP1/PM/NSIDC-0051.001/2021.10.29/nt_20211029_f17_v1.1_n.bin']
North,2021,10,30,8.406,0, ['/ecs/DP1/PM/NSIDC-0051.001/2021.10.30/nt_20211030_f17_v1.1_n.bin']
North,2021,10,31,8.461,0, ['/ecs/DP1/PM/NSIDC-0051.001/2021.10.31/nt_20211031_f17_v1.1_n.bin']
North,2021,11,1,8.648,0, ['/ecs/DP1/PM/NSIDC-0051.001/2021.11.01/nt_20211101_f17_v1.1_n.bin']
North,2021,11,2,8.705,0, ['/ecs/DP1/PM/NSIDC-0051.001/2021.11.02/nt_20211102_f17_v1.1_n.bin']
North,2021,11,3,8.703,0, ['/ecs/DP1/PM/NSIDC-0051.001/2021.11.03/nt_20211103_f17_v1.1_n.bin']
North,2021,11,4,8.716,0, ['/ecs/DP1/PM/NSIDC-0051.001/2021.11.04/nt_20211104_f17_v1.1_n.bin']
North,2021,11,5,8.793,0, ['/ecs/DP1/PM/NSIDC-0051.001/2021.11.05/nt_20211105_f17_v1.1_n.bin']
North,2021,11,6,8.957,0, ['/ecs/DP1/PM/NSIDC-0051.001/2021.11.06/nt_20211106_f17_v1.1_n.bin']
North,2021,11,7,9.021,0, ['/ecs/DP1/PM/NSIDC-0051.001/2021.11.07/nt_20211107_f17_v1.1_n.bin']
North,2021,11,8,9.138,0, ['/ecs/DP1/PM/NSIDC-0051.001/2021.11.08/nt_20211108_f17_v1.1_n.bin']
North,2021,11,9,9.266,0, ['/ecs/DP1/PM/NSIDC-0051.001/2021.11.09/nt_20211109_f17_v1.1_n.bin']
North,2021,11,10,9.394,0, ['/ecs/DP1/PM/NSIDC-0051.001/2021.11.10/nt_20211110_f17_v1.1_n.bin']
North,2021,11,11,9.434,0, ['/ecs/DP1/PM/NSIDC-0051.001/2021.11.11/nt_20211111_f17_v1.1_n.bin']
North,2021,11,12,9.526,0, ['/ecs/DP1/PM/NSIDC-0051.001/2021.11.12/nt_20211112_f17_v1.1_n.bin']
North,2021,11,13,9.681,0, ['/ecs/DP1/PM/NSIDC-0051.001/2021.11.13/nt_20211113_f17_v1.1_n.bin']
North,2021,11,14,9.786,0, ['/ecs/DP1/PM/NSIDC-0051.001/2021.11.14/nt_20211114_f17_v1.1_n.bin']
North,2021,11,15,9.888,0, ['/ecs/DP1/PM/NSIDC-0051.001/2021.11.15/nt_20211115_f17_v1.1_n.bin']
North,2021,11,16,9.991,0, ['/ecs/DP1/PM/NSIDC-0051.001/2021.11.16/nt_20211116_f17_v1.1_n.bin']
North,2021,11,17,10.077,0, ['/ecs/DP1/PM/NSIDC-0051.001/2021.11.17/nt_20211117_f17_v1.1_n.bin']
North,2021,11,18,10.106,0, ['/ecs/DP1/PM/NSIDC-0051.001/2021.11.18/nt_20211118_f17_v1.1_n.bin']
North,2021,11,19,10.211,0, ['/ecs/DP1/PM/NSIDC-0051.001/2021.11.19/nt_20211119_f17_v1.1_n.bin']
North,2021,11,20,10.227,0, ['/ecs/DP1/PM/NSIDC-0051.001/2021.11.20/nt_20211120_f17_v1.1_n.bin']
North,2021,11,21,10.325,0, ['/ecs/DP1/PM/NSIDC-0051.001/2021.11.21/nt_20211121_f17_v1.1_n.bin']
North,2021,11,22,10.454,0, ['/ecs/DP1/PM/NSIDC-0051.001/2021.11.22/nt_20211122_f17_v1.1_n.bin']
North,2021,11,23,10.571,0, ['/ecs/DP1/PM/NSIDC-0051.001/2021.11.23/nt_20211123_f17_v1.1_n.bin']
North,2021,11,24,10.52,0, ['/ecs/DP1/PM/NSIDC-0051.001/2021.11.24/nt_20211124_f17_v1.1_n.bin']
North,2021,11,25,10.59,0, ['/ecs/DP1/PM/NSIDC-0051.001/2021.11.25/nt_20211125_f17_v1.1_n.bin']
North,2021,11,26,10.672,0, ['/ecs/DP1/PM/NSIDC-0051.001/2021.11.26/nt_20211126_f17_v1.1_n.bin']
North,2021,11,27,10.763,0, ['/ecs/DP1/PM/NSIDC-0051.001/2021.11.27/nt_20211127_f17_v1.1_n.bin']
North,2021,11,28,10.868,0, ['/ecs/DP1/PM/NSIDC-0051.001/2021.11.28/nt_20211128_f17_v1.1_n.bin']
North,2021,11,29,10.894,0, ['/ecs/DP1/PM/NSIDC-0051.001/2021.11.29/nt_20211129_f17_v1.1_n.bin']
North,2021,11,30,10.982,0, ['/ecs/DP1/PM/NSIDC-0051.001/2021.11.30/nt_20211130_f17_v1.1_n.bin']
North,2021,12,1,11.287,0, ['/ecs/DP1/PM/NSIDC-0051.001/2021.12.01/nt_20211201_f17_v1.1_n.bin']
North,2021,12,2,11.374,0, ['/ecs/DP1/PM/NSIDC-0051.001/2021.12.02/nt_20211202_f17_v1.1_n.bin']
North,2021,12,3,11.31,0, ['/ecs/DP1/PM/NSIDC-0051.001/2021.12.03/nt_20211203_f17_v1.1_n.bin']
North,2021,12,4,11.322,0, ['/ecs/DP1/PM/NSIDC-0051.001/2021.12.04/nt_20211204_f17_v1.1_n.bin']
North,2021,12,5,11.331,0, ['/ecs/DP1/PM/NSIDC-0051.001/2021.12.05/nt_20211205_f17_v1.1_n.bin']
North,2021,12,6,11.334,0, ['/ecs/DP1/PM/NSIDC-0051.001/2021.12.06/nt_20211206_f17_v1.1_n.bin']
North,2021,12,7,11.432,0, ['/ecs/DP1/PM/NSIDC-0051.001/2021.12.07/nt_20211207_f17_v1.1_n.bin']
North,2021,12,8,11.467,0, ['/ecs/DP1/PM/NSIDC-0051.001/2021.12.08/nt_20211208_f17_v1.1_n.bin']
North,2021,12,9,11.586,0, ['/ecs/DP1/PM/NSIDC-0051.001/2021.12.09/nt_20211209_f17_v1.1_n.bin']
North,2021,12,10,11.613,0, ['/ecs/DP1/PM/NSIDC-0051.001/2021.12.10/nt_20211210_f17_v1.1_n.bin']
North,2021,12,11,11.731,0, ['/ecs/DP1/PM/NSIDC-0051.001/2021.12.11/nt_20211211_f17_v1.1_n.bin']
North,2021,12,12,11.862,0, ['/ecs/DP1/PM/NSIDC-0051.001/2021.12.12/nt_20211212_f17_v1.1_n.bin']
North,2021,12,13,11.947,0, ['/ecs/DP1/PM/NSIDC-0051.001/2021.12.13/nt_20211213_f17_v1.1_n.bin']
North,2021,12,14,12.022,0, ['/ecs/DP1/PM/NSIDC-0051.001/2021.12.14/nt_20211214_f17_v1.1_n.bin']
North,2021,12,15,12.021,0, ['/ecs/DP1/PM/NSIDC-0051.001/2021.12.15/nt_20211215_f17_v1.1_n.bin']
North,2021,12,16,12.015,0, ['/ecs/DP1/PM/NSIDC-0051.001/2021.12.16/nt_20211216_f17_v1.1_n.bin']
North,2021,12,17,12.23,0, ['/ecs/DP1/PM/NSIDC-0051.001/2021.12.17/nt_20211217_f17_v1.1_n.bin']
North,2021,12,18,12.265,0, ['/ecs/DP1/PM/NSIDC-0051.001/2021.12.18/nt_20211218_f17_v1.1_n.bin']
North,2021,12,19,12.269,0, ['/ecs/DP1/PM/NSIDC-0051.001/2021.12.19/nt_20211219_f17_v1.1_n.bin']
North,2021,12,20,12.417,0, ['/ecs/DP1/PM/NSIDC-0051.001/2021.12.20/nt_20211220_f17_v1.1_n.bin']
North,2021,12,21,12.601,0, ['/ecs/DP1/PM/NSIDC-0051.001/2021.12.21/nt_20211221_f17_v1.1_n.bin']
North,2021,12,22,12.7,0, ['/ecs/DP1/PM/NSIDC-0051.001/2021.12.22/nt_20211222_f17_v1.1_n.bin']
North,2021,12,23,12.805,0, ['/ecs/DP1/PM/NSIDC-0051.001/2021.12.23/nt_20211223_f17_v1.1_n.bin']
North,2021,12,24,12.858,0, ['/ecs/DP1/PM/NSIDC-0051.001/2021.12.24/nt_20211224_f17_v1.1_n.bin']
North,2021,12,25,12.868,0, ['/ecs/DP1/PM/NSIDC-0051.001/2021.12.25/nt_20211225_f17_v1.1_n.bin']
North,2021,12,26,12.867,0, ['/ecs/DP1/PM/NSIDC-0051.001/2021.12.26/nt_20211226_f17_v1.1_n.bin']
North,2021,12,27,12.95,0, ['/ecs/DP1/PM/NSIDC-0051.001/2021.12.27/nt_20211227_f17_v1.1_n.bin']
North,2021,12,28,12.976,0, ['/ecs/DP1/PM/NSIDC-0051.001/2021.12.28/nt_20211228_f17_v1.1_n.bin']
North,2021,12,29,12.99,0, ['/ecs/DP1/PM/NSIDC-0051.001/2021.12.29/nt_20211229_f17_v1.1_n.bin']
North,2021,12,30,13.09,0, ['/ecs/DP1/PM/NSIDC-0051.001/2021.12.30/nt_20211230_f17_v1.1_n.bin']
North,2021,12,31,13.166,0, ['/ecs/DP1/PM/NSIDC-0051.001/2021.12.31/nt_20211231_f17_v1.1_n.bin']
North,2022,1,1,13.291,0, ['/ecs/DP4/PM/NSIDC-0051.002/2022.01.01/NSIDC0051_SEAICE_PS_N25km_20220101_v2.0.nc']
North,2022,1,2,13.392,0, ['/ecs/DP4/PM/NSIDC-0051.002/2022.01.02/NSIDC0051_SEAICE_PS_N25km_20220102_v2.0.nc']
North,2022,1,3,13.354,0, ['/ecs/DP4/PM/NSIDC-0051.002/2022.01.03/NSIDC0051_SEAICE_PS_N25km_20220103_v2.0.nc']
North,2022,1,4,13.44,0, ['/ecs/DP4/PM/NSIDC-0051.002/2022.01.04/NSIDC0051_SEAICE_PS_N25km_20220104_v2.0.nc']
North,2022,1,5,13.496,0, ['/ecs/DP4/PM/NSIDC-0051.002/2022.01.05/NSIDC0051_SEAICE_PS_N25km_20220105_v2.0.nc']
North,2022,1,6,13.573,0, ['/ecs/DP4/PM/NSIDC-0051.002/2022.01.06/NSIDC0051_SEAICE_PS_N25km_20220106_v2.0.nc']
North,2022,1,7,13.591,0, ['/ecs/DP4/PM/NSIDC-0051.002/2022.01.07/NSIDC0051_SEAICE_PS_N25km_20220107_v2.0.nc']
North,2022,1,8,13.676,0, ['/ecs/DP4/PM/NSIDC-0051.002/2022.01.08/NSIDC0051_SEAICE_PS_N25km_20220108_v2.0.nc']
North,2022,1,9,13.668,0, ['/ecs/DP4/PM/NSIDC-0051.002/2022.01.09/NSIDC0051_SEAICE_PS_N25km_20220109_v2.0.nc']
North,2022,1,10,13.651,0, ['/ecs/DP4/PM/NSIDC-0051.002/2022.01.10/NSIDC0051_SEAICE_PS_N25km_20220110_v2.0.nc']
North,2022,1,11,13.726,0, ['/ecs/DP4/PM/NSIDC-0051.002/2022.01.11/NSIDC0051_SEAICE_PS_N25km_20220111_v2.0.nc']
North,2022,1,12,13.758,0, ['/ecs/DP4/PM/NSIDC-0051.002/2022.01.12/NSIDC0051_SEAICE_PS_N25km_20220112_v2.0.nc']
North,2022,1,13,13.749,0, ['/ecs/DP4/PM/NSIDC-0051.002/2022.01.13/NSIDC0051_SEAICE_PS_N25km_20220113_v2.0.nc']
North,2022,1,14,13.796,0, ['/ecs/DP4/PM/NSIDC-0051.002/2022.01.14/NSIDC0051_SEAICE_PS_N25km_20220114_v2.0.nc']
North,2022,1,15,13.889,0, ['/ecs/DP4/PM/NSIDC-0051.002/2022.01.15/NSIDC0051_SEAICE_PS_N25km_20220115_v2.0.nc']
North,2022,1,16,13.9,0, ['/ecs/DP4/PM/NSIDC-0051.002/2022.01.16/NSIDC0051_SEAICE_PS_N25km_20220116_v2.0.nc']
North,2022,1,17,13.902,0, ['/ecs/DP4/PM/NSIDC-0051.002/2022.01.17/NSIDC0051_SEAICE_PS_N25km_20220117_v2.0.nc']
North,2022,1,18,14.043,0, ['/ecs/DP4/PM/NSIDC-0051.002/2022.01.18/NSIDC0051_SEAICE_PS_N25km_20220118_v2.0.nc']
North,2022,1,19,14.015,0, ['/ecs/DP4/PM/NSIDC-0051.002/2022.01.19/NSIDC0051_SEAICE_PS_N25km_20220119_v2.0.nc']
North,2022,1,20,14.02,0, ['/ecs/DP4/PM/NSIDC-0051.002/2022.01.20/NSIDC0051_SEAICE_PS_N25km_20220120_v2.0.nc']
North,2022,1,21,14.121,0, ['/ecs/DP4/PM/NSIDC-0051.002/2022.01.21/NSIDC0051_SEAICE_PS_N25km_20220121_v2.0.nc']
North,2022,1,22,14.117,0, ['/ecs/DP4/PM/NSIDC-0051.002/2022.01.22/NSIDC0051_SEAICE_PS_N25km_20220122_v2.0.nc']
North,2022,1,23,14.145,0, ['/ecs/DP4/PM/NSIDC-0051.002/2022.01.23/NSIDC0051_SEAICE_PS_N25km_20220123_v2.0.nc']
North,2022,1,24,14.061,0, ['/ecs/DP4/PM/NSIDC-0051.002/2022.01.24/NSIDC0051_SEAICE_PS_N25km_20220124_v2.0.nc']
North,2022,1,25,13.998,0, ['/ecs/DP4/PM/NSIDC-0051.002/2022.01.25/NSIDC0051_SEAICE_PS_N25km_20220125_v2.0.nc']
North,2022,1,26,14.056,0, ['/ecs/DP4/PM/NSIDC-0051.002/2022.01.26/NSIDC0051_SEAICE_PS_N25km_20220126_v2.0.nc']
North,2022,1,27,14.161,0, ['/ecs/DP4/PM/NSIDC-0051.002/2022.01.27/NSIDC0051_SEAICE_PS_N25km_20220127_v2.0.nc']
North,2022,1,28,14.244,0, ['/ecs/DP4/PM/NSIDC-0051.002/2022.01.28/NSIDC0051_SEAICE_PS_N25km_20220128_v2.0.nc']
North,2022,1,29,14.332,0, ['/ecs/DP4/PM/NSIDC-0051.002/2022.01.29/NSIDC0051_SEAICE_PS_N25km_20220129_v2.0.nc']
North,2022,1,30,14.472,0, ['/ecs/DP4/PM/NSIDC-0051.002/2022.01.30/NSIDC0051_SEAICE_PS_N25km_20220130_v2.0.nc']
North,2022,1,31,14.382,0, ['/ecs/DP4/PM/NSIDC-0051.002/2022.01.31/NSIDC0051_SEAICE_PS_N25km_20220131_v2.0.nc']
North,2022,2,1,14.393,0, ['/ecs/DP4/PM/NSIDC-0051.002/2022.02.01/NSIDC0051_SEAICE_PS_N25km_20220201_v2.0.nc']
North,2022,2,2,14.45,0, ['/ecs/DP4/PM/NSIDC-0051.002/2022.02.02/NSIDC0051_SEAICE_PS_N25km_20220202_v2.0.nc']
North,2022,2,3,14.538,0, ['/ecs/DP4/PM/NSIDC-0051.002/2022.02.03/NSIDC0051_SEAICE_PS_N25km_20220203_v2.0.nc']
North,2022,2,4,14.539,0, ['/ecs/DP4/PM/NSIDC-0051.002/2022.02.04/NSIDC0051_SEAICE_PS_N25km_20220204_v2.0.nc']
North,2022,2,5,14.549,0, ['/ecs/DP4/PM/NSIDC-0051.002/2022.02.05/NSIDC0051_SEAICE_PS_N25km_20220205_v2.0.nc']
North,2022,2,6,14.491,0, ['/ecs/DP4/PM/NSIDC-0051.002/2022.02.06/NSIDC0051_SEAICE_PS_N25km_20220206_v2.0.nc']
North,2022,2,7,14.424,0, ['/ecs/DP4/PM/NSIDC-0051.002/2022.02.07/NSIDC0051_SEAICE_PS_N25km_20220207_v2.0.nc']
North,2022,2,8,14.472,0, ['/ecs/DP4/PM/NSIDC-0051.002/2022.02.08/NSIDC0051_SEAICE_PS_N25km_20220208_v2.0.nc']
North,2022,2,9,14.4,0, ['/ecs/DP4/PM/NSIDC-0051.002/2022.02.09/NSIDC0051_SEAICE_PS_N25km_20220209_v2.0.nc']
North,2022,2,10,14.372,0, ['/ecs/DP4/PM/NSIDC-0051.002/2022.02.10/NSIDC0051_SEAICE_PS_N25km_20220210_v2.0.nc']
North,2022,2,11,14.393,0, ['/ecs/DP4/PM/NSIDC-0051.002/2022.02.11/NSIDC0051_SEAICE_PS_N25km_20220211_v2.0.nc']
North,2022,2,12,14.463,0, ['/ecs/DP4/PM/NSIDC-0051.002/2022.02.12/NSIDC0051_SEAICE_PS_N25km_20220212_v2.0.nc']
North,2022,2,13,14.492,0, ['/ecs/DP4/PM/NSIDC-0051.002/2022.02.13/NSIDC0051_SEAICE_PS_N25km_20220213_v2.0.nc']
North,2022,2,14,14.643,0, ['/ecs/DP4/PM/NSIDC-0051.002/2022.02.14/NSIDC0051_SEAICE_PS_N25km_20220214_v2.0.nc']
North,2022,2,15,14.61,0, ['/ecs/DP4/PM/NSIDC-0051.002/2022.02.15/NSIDC0051_SEAICE_PS_N25km_20220215_v2.0.nc']
North,2022,2,16,14.645,0, ['/ecs/DP4/PM/NSIDC-0051.002/2022.02.16/NSIDC0051_SEAICE_PS_N25km_20220216_v2.0.nc']
North,2022,2,17,14.658,0, ['/ecs/DP4/PM/NSIDC-0051.002/2022.02.17/NSIDC0051_SEAICE_PS_N25km_20220217_v2.0.nc']
North,2022,2,18,14.717,0, ['/ecs/DP4/PM/NSIDC-0051.002/2022.02.18/NSIDC0051_SEAICE_PS_N25km_20220218_v2.0.nc']
North,2022,2,19,14.729,0, ['/ecs/DP4/PM/NSIDC-0051.002/2022.02.19/NSIDC0051_SEAICE_PS_N25km_20220219_v2.0.nc']
North,2022,2,20,14.759,0, ['/ecs/DP4/PM/NSIDC-0051.002/2022.02.20/NSIDC0051_SEAICE_PS_N25km_20220220_v2.0.nc']
North,2022,2,21,14.94,0, ['/ecs/DP4/PM/NSIDC-0051.002/2022.02.21/NSIDC0051_SEAICE_PS_N25km_20220221_v2.0.nc']
North,2022,2,22,14.847,0, ['/ecs/DP4/PM/NSIDC-0051.002/2022.02.22/NSIDC0051_SEAICE_PS_N25km_20220222_v2.0.nc']
North,2022,2,23,14.843,0, ['/ecs/DP4/PM/NSIDC-0051.002/2022.02.23/NSIDC0051_SEAICE_PS_N25km_20220223_v2.0.nc']
North,2022,2,24,14.772,0, ['/ecs/DP4/PM/NSIDC-0051.002/2022.02.24/NSIDC0051_SEAICE_PS_N25km_20220224_v2.0.nc']
North,2022,2,25,14.804,0, ['/ecs/DP4/PM/NSIDC-0051.002/2022.02.25/NSIDC0051_SEAICE_PS_N25km_20220225_v2.0.nc']
North,2022,2,26,14.753,0, ['/ecs/DP4/PM/NSIDC-0051.002/2022.02.26/NSIDC0051_SEAICE_PS_N25km_20220226_v2.0.nc']
North,2022,2,27,14.724,0, ['/ecs/DP4/PM/NSIDC-0051.002/2022.02.27/NSIDC0051_SEAICE_PS_N25km_20220227_v2.0.nc']
North,2022,2,28,14.705,0, ['/ecs/DP4/PM/NSIDC-0051.002/2022.02.28/NSIDC0051_SEAICE_PS_N25km_20220228_v2.0.nc']
North,2022,3,1,14.71,0, ['/ecs/DP4/PM/NSIDC-0051.002/2022.03.01/NSIDC0051_SEAICE_PS_N25km_20220301_v2.0.nc']
North,2022,3,2,14.799,0, ['/ecs/DP4/PM/NSIDC-0051.002/2022.03.02/NSIDC0051_SEAICE_PS_N25km_20220302_v2.0.nc']
North,2022,3,3,14.731,0, ['/ecs/DP4/PM/NSIDC-0051.002/2022.03.03/NSIDC0051_SEAICE_PS_N25km_20220303_v2.0.nc']
North,2022,3,4,14.726,0, ['/ecs/DP4/PM/NSIDC-0051.002/2022.03.04/NSIDC0051_SEAICE_PS_N25km_20220304_v2.0.nc']
North,2022,3,5,14.808,0, ['/ecs/DP4/PM/NSIDC-0051.002/2022.03.05/NSIDC0051_SEAICE_PS_N25km_20220305_v2.0.nc']
North,2022,3,6,14.769,0, ['/ecs/DP4/PM/NSIDC-0051.002/2022.03.06/NSIDC0051_SEAICE_PS_N25km_20220306_v2.0.nc']
North,2022,3,7,14.791,0, ['/ecs/DP4/PM/NSIDC-0051.002/2022.03.07/NSIDC0051_SEAICE_PS_N25km_20220307_v2.0.nc']
North,2022,3,8,14.779,0, ['/ecs/DP4/PM/NSIDC-0051.002/2022.03.08/NSIDC0051_SEAICE_PS_N25km_20220308_v2.0.nc']
North,2022,3,9,14.703,0, ['/ecs/DP4/PM/NSIDC-0051.002/2022.03.09/NSIDC0051_SEAICE_PS_N25km_20220309_v2.0.nc']
North,2022,3,10,14.704,0, ['/ecs/DP4/PM/NSIDC-0051.002/2022.03.10/NSIDC0051_SEAICE_PS_N25km_20220310_v2.0.nc']
North,2022,3,11,14.597,0, ['/ecs/DP4/PM/NSIDC-0051.002/2022.03.11/NSIDC0051_SEAICE_PS_N25km_20220311_v2.0.nc']
North,2022,3,12,14.62,0, ['/ecs/DP4/PM/NSIDC-0051.002/2022.03.12/NSIDC0051_SEAICE_PS_N25km_20220312_v2.0.nc']
North,2022,3,13,14.589,0, ['/ecs/DP4/PM/NSIDC-0051.002/2022.03.13/NSIDC0051_SEAICE_PS_N25km_20220313_v2.0.nc']
North,2022,3,14,14.516,0, ['/ecs/DP4/PM/NSIDC-0051.002/2022.03.14/NSIDC0051_SEAICE_PS_N25km_20220314_v2.0.nc']
North,2022,3,15,14.48,0, ['/ecs/DP4/PM/NSIDC-0051.002/2022.03.15/NSIDC0051_SEAICE_PS_N25km_20220315_v2.0.nc']
North,2022,3,16,14.483,0, ['/ecs/DP4/PM/NSIDC-0051.002/2022.03.16/NSIDC0051_SEAICE_PS_N25km_20220316_v2.0.nc']
North,2022,3,17,14.484,0, ['/ecs/DP4/PM/NSIDC-0051.002/2022.03.17/NSIDC0051_SEAICE_PS_N25km_20220317_v2.0.nc']
North,2022,3,18,14.49,0, ['/ecs/DP4/PM/NSIDC-0051.002/2022.03.18/NSIDC0051_SEAICE_PS_N25km_20220318_v2.0.nc']
North,2022,3,19,14.538,0, ['/ecs/DP4/PM/NSIDC-0051.002/2022.03.19/NSIDC0051_SEAICE_PS_N25km_20220319_v2.0.nc']
North,2022,3,20,14.552,0, ['/ecs/DP4/PM/NSIDC-0051.002/2022.03.20/NSIDC0051_SEAICE_PS_N25km_20220320_v2.0.nc']
North,2022,3,21,14.51,0, ['/ecs/DP4/PM/NSIDC-0051.002/2022.03.21/NSIDC0051_SEAICE_PS_N25km_20220321_v2.0.nc']
North,2022,3,22,14.457,0, ['/ecs/DP4/PM/NSIDC-0051.002/2022.03.22/NSIDC0051_SEAICE_PS_N25km_20220322_v2.0.nc']
North,2022,3,23,14.41,0, ['/ecs/DP4/PM/NSIDC-0051.002/2022.03.23/NSIDC0051_SEAICE_PS_N25km_20220323_v2.0.nc']
North,2022,3,24,14.421,0, ['/ecs/DP4/PM/NSIDC-0051.002/2022.03.24/NSIDC0051_SEAICE_PS_N25km_20220324_v2.0.nc']
North,2022,3,25,14.608,0, ['/ecs/DP4/PM/NSIDC-0051.002/2022.03.25/NSIDC0051_SEAICE_PS_N25km_20220325_v2.0.nc']
North,2022,3,26,14.587,0, ['/ecs/DP4/PM/NSIDC-0051.002/2022.03.26/NSIDC0051_SEAICE_PS_N25km_20220326_v2.0.nc']
North,2022,3,27,14.583,0, ['/ecs/DP4/PM/NSIDC-0051.002/2022.03.27/NSIDC0051_SEAICE_PS_N25km_20220327_v2.0.nc']
North,2022,3,28,14.539,0, ['/ecs/DP4/PM/NSIDC-0051.002/2022.03.28/NSIDC0051_SEAICE_PS_N25km_20220328_v2.0.nc']
North,2022,3,29,14.469,0, ['/ecs/DP4/PM/NSIDC-0051.002/2022.03.29/NSIDC0051_SEAICE_PS_N25km_20220329_v2.0.nc']
North,2022,3,30,14.386,0, ['/ecs/DP4/PM/NSIDC-0051.002/2022.03.30/NSIDC0051_SEAICE_PS_N25km_20220330_v2.0.nc']
North,2022,3,31,14.321,0, ['/ecs/DP4/PM/NSIDC-0051.002/2022.03.31/NSIDC0051_SEAICE_PS_N25km_20220331_v2.0.nc']
North,2022,4,1,14.345,0, ['/ecs/DP4/PM/NSIDC-0051.002/2022.04.01/NSIDC0051_SEAICE_PS_N25km_20220401_v2.0.nc']
North,2022,4,2,14.378,0, ['/ecs/DP4/PM/NSIDC-0051.002/2022.04.02/NSIDC0051_SEAICE_PS_N25km_20220402_v2.0.nc']
North,2022,4,3,14.337,0, ['/ecs/DP4/PM/NSIDC-0051.002/2022.04.03/NSIDC0051_SEAICE_PS_N25km_20220403_v2.0.nc']
North,2022,4,4,14.372,0, ['/ecs/DP4/PM/NSIDC-0051.002/2022.04.04/NSIDC0051_SEAICE_PS_N25km_20220404_v2.0.nc']
North,2022,4,5,14.32,0, ['/ecs/DP4/PM/NSIDC-0051.002/2022.04.05/NSIDC0051_SEAICE_PS_N25km_20220405_v2.0.nc']
North,2022,4,6,14.257,0, ['/ecs/DP4/PM/NSIDC-0051.002/2022.04.06/NSIDC0051_SEAICE_PS_N25km_20220406_v2.0.nc']
North,2022,4,7,14.282,0, ['/ecs/DP4/PM/NSIDC-0051.002/2022.04.07/NSIDC0051_SEAICE_PS_N25km_20220407_v2.0.nc']
North,2022,4,8,14.377,0, ['/ecs/DP4/PM/NSIDC-0051.002/2022.04.08/NSIDC0051_SEAICE_PS_N25km_20220408_v2.0.nc']
North,2022,4,9,14.365,0, ['/ecs/DP4/PM/NSIDC-0051.002/2022.04.09/NSIDC0051_SEAICE_PS_N25km_20220409_v2.0.nc']
North,2022,4,10,14.293,0, ['/ecs/DP4/PM/NSIDC-0051.002/2022.04.10/NSIDC0051_SEAICE_PS_N25km_20220410_v2.0.nc']
North,2022,4,11,14.154,0, ['/ecs/DP4/PM/NSIDC-0051.002/2022.04.11/NSIDC0051_SEAICE_PS_N25km_20220411_v2.0.nc']
North,2022,4,12,14.046,0, ['/ecs/DP4/PM/NSIDC-0051.002/2022.04.12/NSIDC0051_SEAICE_PS_N25km_20220412_v2.0.nc']
North,2022,4,13,13.994,0, ['/ecs/DP4/PM/NSIDC-0051.002/2022.04.13/NSIDC0051_SEAICE_PS_N25km_20220413_v2.0.nc']
North,2022,4,14,14.028,0, ['/ecs/DP4/PM/NSIDC-0051.002/2022.04.14/NSIDC0051_SEAICE_PS_N25km_20220414_v2.0.nc']
North,2022,4,15,13.998,0, ['/ecs/DP4/PM/NSIDC-0051.002/2022.04.15/NSIDC0051_SEAICE_PS_N25km_20220415_v2.0.nc']
North,2022,4,16,13.96,0, ['/ecs/DP4/PM/NSIDC-0051.002/2022.04.16/NSIDC0051_SEAICE_PS_N25km_20220416_v2.0.nc']
North,2022,4,17,13.911,0, ['/ecs/DP4/PM/NSIDC-0051.002/2022.04.17/NSIDC0051_SEAICE_PS_N25km_20220417_v2.0.nc']
North,2022,4,18,13.881,0, ['/ecs/DP4/PM/NSIDC-0051.002/2022.04.18/NSIDC0051_SEAICE_PS_N25km_20220418_v2.0.nc']
North,2022,4,19,13.854,0, ['/ecs/DP4/PM/NSIDC-0051.002/2022.04.19/NSIDC0051_SEAICE_PS_N25km_20220419_v2.0.nc']
North,2022,4,20,13.828,0, ['/ecs/DP4/PM/NSIDC-0051.002/2022.04.20/NSIDC0051_SEAICE_PS_N25km_20220420_v2.0.nc']
North,2022,4,21,13.756,0, ['/ecs/DP4/PM/NSIDC-0051.002/2022.04.21/NSIDC0051_SEAICE_PS_N25km_20220421_v2.0.nc']
North,2022,4,22,13.761,0, ['/ecs/DP4/PM/NSIDC-0051.002/2022.04.22/NSIDC0051_SEAICE_PS_N25km_20220422_v2.0.nc']
North,2022,4,23,13.729,0, ['/ecs/DP4/PM/NSIDC-0051.002/2022.04.23/NSIDC0051_SEAICE_PS_N25km_20220423_v2.0.nc']
North,2022,4,24,13.793,0, ['/ecs/DP4/PM/NSIDC-0051.002/2022.04.24/NSIDC0051_SEAICE_PS_N25km_20220424_v2.0.nc']
North,2022,4,25,13.699,0, ['/ecs/DP4/PM/NSIDC-0051.002/2022.04.25/NSIDC0051_SEAICE_PS_N25km_20220425_v2.0.nc']
North,2022,4,26,13.688,0, ['/ecs/DP4/PM/NSIDC-0051.002/2022.04.26/NSIDC0051_SEAICE_PS_N25km_20220426_v2.0.nc']
North,2022,4,27,13.629,0, ['/ecs/DP4/PM/NSIDC-0051.002/2022.04.27/NSIDC0051_SEAICE_PS_N25km_20220427_v2.0.nc']
North,2022,4,28,13.58,0, ['/ecs/DP4/PM/NSIDC-0051.002/2022.04.28/NSIDC0051_SEAICE_PS_N25km_20220428_v2.0.nc']
North,2022,4,29,13.498,0, ['/ecs/DP4/PM/NSIDC-0051.002/2022.04.29/NSIDC0051_SEAICE_PS_N25km_20220429_v2.0.nc']
North,2022,4,30,13.466,0, ['/ecs/DP4/PM/NSIDC-0051.002/2022.04.30/NSIDC0051_SEAICE_PS_N25km_20220430_v2.0.nc']
North,2022,5,1,13.387,0, ['/ecs/DP4/PM/NSIDC-0051.002/2022.05.01/NSIDC0051_SEAICE_PS_N25km_20220501_v2.0.nc']
North,2022,5,2,13.331,0, ['/ecs/DP4/PM/NSIDC-0051.002/2022.05.02/NSIDC0051_SEAICE_PS_N25km_20220502_v2.0.nc']
North,2022,5,3,13.291,0, ['/ecs/DP4/PM/NSIDC-0051.002/2022.05.03/NSIDC0051_SEAICE_PS_N25km_20220503_v2.0.nc']
North,2022,5,4,13.259,0, ['/ecs/DP4/PM/NSIDC-0051.002/2022.05.04/NSIDC0051_SEAICE_PS_N25km_20220504_v2.0.nc']
North,2022,5,5,13.238,0, ['/ecs/DP4/PM/NSIDC-0051.002/2022.05.05/NSIDC0051_SEAICE_PS_N25km_20220505_v2.0.nc']
North,2022,5,6,13.235,0, ['/ecs/DP4/PM/NSIDC-0051.002/2022.05.06/NSIDC0051_SEAICE_PS_N25km_20220506_v2.0.nc']
North,2022,5,7,13.235,0, ['/ecs/DP4/PM/NSIDC-0051.002/2022.05.07/NSIDC0051_SEAICE_PS_N25km_20220507_v2.0.nc']
North,2022,5,8,13.16,0, ['/ecs/DP4/PM/NSIDC-0051.002/2022.05.08/NSIDC0051_SEAICE_PS_N25km_20220508_v2.0.nc']
North,2022,5,9,13.168,0, ['/ecs/DP4/PM/NSIDC-0051.002/2022.05.09/NSIDC0051_SEAICE_PS_N25km_20220509_v2.0.nc']
North,2022,5,10,13.109,0, ['/ecs/DP4/PM/NSIDC-0051.002/2022.05.10/NSIDC0051_SEAICE_PS_N25km_20220510_v2.0.nc']
North,2022,5,11,13.119,0, ['/ecs/DP4/PM/NSIDC-0051.002/2022.05.11/NSIDC0051_SEAICE_PS_N25km_20220511_v2.0.nc']
North,2022,5,12,13.057,0, ['/ecs/DP4/PM/NSIDC-0051.002/2022.05.12/NSIDC0051_SEAICE_PS_N25km_20220512_v2.0.nc']
North,2022,5,13,12.986,0, ['/ecs/DP4/PM/NSIDC-0051.002/2022.05.13/NSIDC0051_SEAICE_PS_N25km_20220513_v2.0.nc']
North,2022,5,14,13.032,0, ['/ecs/DP4/PM/NSIDC-0051.002/2022.05.14/NSIDC0051_SEAICE_PS_N25km_20220514_v2.0.nc']
North,2022,5,15,12.984,0, ['/ecs/DP4/PM/NSIDC-0051.002/2022.05.15/NSIDC0051_SEAICE_PS_N25km_20220515_v2.0.nc']
North,2022,5,16,12.933,0, ['/ecs/DP4/PM/NSIDC-0051.002/2022.05.16/NSIDC0051_SEAICE_PS_N25km_20220516_v2.0.nc']
North,2022,5,17,12.936,0, ['/ecs/DP4/PM/NSIDC-0051.002/2022.05.17/NSIDC0051_SEAICE_PS_N25km_20220517_v2.0.nc']
North,2022,5,18,12.873,0, ['/ecs/DP4/PM/NSIDC-0051.002/2022.05.18/NSIDC0051_SEAICE_PS_N25km_20220518_v2.0.nc']
North,2022,5,19,12.763,0, ['/ecs/DP4/PM/NSIDC-0051.002/2022.05.19/NSIDC0051_SEAICE_PS_N25km_20220519_v2.0.nc']
North,2022,5,20,12.712,0, ['/ecs/DP4/PM/NSIDC-0051.002/2022.05.20/NSIDC0051_SEAICE_PS_N25km_20220520_v2.0.nc']
North,2022,5,21,12.694,0, ['/ecs/DP4/PM/NSIDC-0051.002/2022.05.21/NSIDC0051_SEAICE_PS_N25km_20220521_v2.0.nc']
North,2022,5,22,12.647,0, ['/ecs/DP4/PM/NSIDC-0051.002/2022.05.22/NSIDC0051_SEAICE_PS_N25km_20220522_v2.0.nc']
North,2022,5,23,12.652,0, ['/ecs/DP4/PM/NSIDC-0051.002/2022.05.23/NSIDC0051_SEAICE_PS_N25km_20220523_v2.0.nc']
North,2022,5,24,12.584,0, ['/ecs/DP4/PM/NSIDC-0051.002/2022.05.24/NSIDC0051_SEAICE_PS_N25km_20220524_v2.0.nc']
North,2022,5,25,12.567,0, ['/ecs/DP4/PM/NSIDC-0051.002/2022.05.25/NSIDC0051_SEAICE_PS_N25km_20220525_v2.0.nc']
North,2022,5,26,12.455,0, ['/ecs/DP4/PM/NSIDC-0051.002/2022.05.26/NSIDC0051_SEAICE_PS_N25km_20220526_v2.0.nc']
North,2022,5,27,12.415,0, ['/ecs/DP4/PM/NSIDC-0051.002/2022.05.27/NSIDC0051_SEAICE_PS_N25km_20220527_v2.0.nc']
North,2022,5,28,12.418,0, ['/ecs/DP4/PM/NSIDC-0051.002/2022.05.28/NSIDC0051_SEAICE_PS_N25km_20220528_v2.0.nc']
North,2022,5,29,12.369,0, ['/ecs/DP4/PM/NSIDC-0051.002/2022.05.29/NSIDC0051_SEAICE_PS_N25km_20220529_v2.0.nc']
North,2022,5,30,12.333,0, ['/ecs/DP4/PM/NSIDC-0051.002/2022.05.30/NSIDC0051_SEAICE_PS_N25km_20220530_v2.0.nc']
North,2022,5,31,12.297,0, ['/ecs/DP4/PM/NSIDC-0051.002/2022.05.31/NSIDC0051_SEAICE_PS_N25km_20220531_v2.0.nc']
North,2022,6,1,12.064,0, ['/ecs/DP4/PM/NSIDC-0051.002/2022.06.01/NSIDC0051_SEAICE_PS_N25km_20220601_v2.0.nc']
North,2022,6,2,11.975,0, ['/ecs/DP4/PM/NSIDC-0051.002/2022.06.02/NSIDC0051_SEAICE_PS_N25km_20220602_v2.0.nc']
North,2022,6,3,11.952,0, ['/ecs/DP4/PM/NSIDC-0051.002/2022.06.03/NSIDC0051_SEAICE_PS_N25km_20220603_v2.0.nc']
North,2022,6,4,11.812,0, ['/ecs/DP4/PM/NSIDC-0051.002/2022.06.04/NSIDC0051_SEAICE_PS_N25km_20220604_v2.0.nc']
North,2022,6,5,11.707,0, ['/ecs/DP4/PM/NSIDC-0051.002/2022.06.05/NSIDC0051_SEAICE_PS_N25km_20220605_v2.0.nc']
North,2022,6,6,11.644,0, ['/ecs/DP4/PM/NSIDC-0051.002/2022.06.06/NSIDC0051_SEAICE_PS_N25km_20220606_v2.0.nc']
North,2022,6,7,11.566,0, ['/ecs/DP4/PM/NSIDC-0051.002/2022.06.07/NSIDC0051_SEAICE_PS_N25km_20220607_v2.0.nc']
North,2022,6,8,11.498,0, ['/ecs/DP4/PM/NSIDC-0051.002/2022.06.08/NSIDC0051_SEAICE_PS_N25km_20220608_v2.0.nc']
North,2022,6,9,11.405,0, ['/ecs/DP4/PM/NSIDC-0051.002/2022.06.09/NSIDC0051_SEAICE_PS_N25km_20220609_v2.0.nc']
North,2022,6,10,11.351,0, ['/ecs/DP4/PM/NSIDC-0051.002/2022.06.10/NSIDC0051_SEAICE_PS_N25km_20220610_v2.0.nc']
North,2022,6,11,11.275,0, ['/ecs/DP4/PM/NSIDC-0051.002/2022.06.11/NSIDC0051_SEAICE_PS_N25km_20220611_v2.0.nc']
North,2022,6,12,11.159,0, ['/ecs/DP4/PM/NSIDC-0051.002/2022.06.12/NSIDC0051_SEAICE_PS_N25km_20220612_v2.0.nc']
North,2022,6,13,11.104,0, ['/ecs/DP4/PM/NSIDC-0051.002/2022.06.13/NSIDC0051_SEAICE_PS_N25km_20220613_v2.0.nc']
North,2022,6,14,11.029,0, ['/ecs/DP4/PM/NSIDC-0051.002/2022.06.14/NSIDC0051_SEAICE_PS_N25km_20220614_v2.0.nc']
North,2022,6,15,10.93,0, ['/ecs/DP4/PM/NSIDC-0051.002/2022.06.15/NSIDC0051_SEAICE_PS_N25km_20220615_v2.0.nc']
North,2022,6,16,10.88,0, ['/ecs/DP4/PM/NSIDC-0051.002/2022.06.16/NSIDC0051_SEAICE_PS_N25km_20220616_v2.0.nc']
North,2022,6,17,10.82,0, ['/ecs/DP4/PM/NSIDC-0051.002/2022.06.17/NSIDC0051_SEAICE_PS_N25km_20220617_v2.0.nc']
North,2022,6,18,10.617,0, ['/ecs/DP4/PM/NSIDC-0051.002/2022.06.18/NSIDC0051_SEAICE_PS_N25km_20220618_v2.0.nc']
North,2022,6,19,10.566,0, ['/ecs/DP4/PM/NSIDC-0051.002/2022.06.19/NSIDC0051_SEAICE_PS_N25km_20220619_v2.0.nc']
North,2022,6,20,10.468,0, ['/ecs/DP4/PM/NSIDC-0051.002/2022.06.20/NSIDC0051_SEAICE_PS_N25km_20220620_v2.0.nc']
North,2022,6,21,10.391,0, ['/ecs/DP4/PM/NSIDC-0051.002/2022.06.21/NSIDC0051_SEAICE_PS_N25km_20220621_v2.0.nc']
North,2022,6,22,10.307,0, ['/ecs/DP4/PM/NSIDC-0051.002/2022.06.22/NSIDC0051_SEAICE_PS_N25km_20220622_v2.0.nc']
North,2022,6,23,10.202,0, ['/ecs/DP4/PM/NSIDC-0051.002/2022.06.23/NSIDC0051_SEAICE_PS_N25km_20220623_v2.0.nc']
North,2022,6,24,10.134,0, ['/ecs/DP4/PM/NSIDC-0051.002/2022.06.24/NSIDC0051_SEAICE_PS_N25km_20220624_v2.0.nc']
North,2022,6,25,10.043,0, ['/ecs/DP4/PM/NSIDC-0051.002/2022.06.25/NSIDC0051_SEAICE_PS_N25km_20220625_v2.0.nc']
North,2022,6,26,9.961,0, ['/ecs/DP4/PM/NSIDC-0051.002/2022.06.26/NSIDC0051_SEAICE_PS_N25km_20220626_v2.0.nc']
North,2022,6,27,9.91,0, ['/ecs/DP4/PM/NSIDC-0051.002/2022.06.27/NSIDC0051_SEAICE_PS_N25km_20220627_v2.0.nc']
North,2022,6,28,9.878,0, ['/ecs/DP4/PM/NSIDC-0051.002/2022.06.28/NSIDC0051_SEAICE_PS_N25km_20220628_v2.0.nc']
North,2022,6,29,9.864,0, ['/ecs/DP4/PM/NSIDC-0051.002/2022.06.29/NSIDC0051_SEAICE_PS_N25km_20220629_v2.0.nc']
North,2022,6,30,9.753,0, ['/ecs/DP4/PM/NSIDC-0051.002/2022.06.30/NSIDC0051_SEAICE_PS_N25km_20220630_v2.0.nc']
North,2022,7,1,9.56,0, ['/ecs/DP4/PM/NSIDC-0051.002/2022.07.01/NSIDC0051_SEAICE_PS_N25km_20220701_v2.0.nc']
North,2022,7,2,9.541,0, ['/ecs/DP4/PM/NSIDC-0051.002/2022.07.02/NSIDC0051_SEAICE_PS_N25km_20220702_v2.0.nc']
North,2022,7,3,9.455,0, ['/ecs/DP4/PM/NSIDC-0051.002/2022.07.03/NSIDC0051_SEAICE_PS_N25km_20220703_v2.0.nc']
North,2022,7,4,9.299,0, ['/ecs/DP4/PM/NSIDC-0051.002/2022.07.04/NSIDC0051_SEAICE_PS_N25km_20220704_v2.0.nc']
North,2022,7,5,9.14,0, ['/ecs/DP4/PM/NSIDC-0051.002/2022.07.05/NSIDC0051_SEAICE_PS_N25km_20220705_v2.0.nc']
North,2022,7,6,9.143,0, ['/ecs/DP4/PM/NSIDC-0051.002/2022.07.06/NSIDC0051_SEAICE_PS_N25km_20220706_v2.0.nc']
North,2022,7,7,9.121,0, ['/ecs/DP4/PM/NSIDC-0051.002/2022.07.07/NSIDC0051_SEAICE_PS_N25km_20220707_v2.0.nc']
North,2022,7,8,9.012,0, ['/ecs/DP4/PM/NSIDC-0051.002/2022.07.08/NSIDC0051_SEAICE_PS_N25km_20220708_v2.0.nc']
North,2022,7,9,8.927,0, ['/ecs/DP4/PM/NSIDC-0051.002/2022.07.09/NSIDC0051_SEAICE_PS_N25km_20220709_v2.0.nc']
North,2022,7,10,8.818,0, ['/ecs/DP4/PM/NSIDC-0051.002/2022.07.10/NSIDC0051_SEAICE_PS_N25km_20220710_v2.0.nc']
North,2022,7,11,8.788,0, ['/ecs/DP4/PM/NSIDC-0051.002/2022.07.11/NSIDC0051_SEAICE_PS_N25km_20220711_v2.0.nc']
North,2022,7,12,8.724,0, ['/ecs/DP4/PM/NSIDC-0051.002/2022.07.12/NSIDC0051_SEAICE_PS_N25km_20220712_v2.0.nc']
North,2022,7,13,8.66,0, ['/ecs/DP4/PM/NSIDC-0051.002/2022.07.13/NSIDC0051_SEAICE_PS_N25km_20220713_v2.0.nc']
North,2022,7,14,8.597,0, ['/ecs/DP4/PM/NSIDC-0051.002/2022.07.14/NSIDC0051_SEAICE_PS_N25km_20220714_v2.0.nc']
North,2022,7,15,8.528,0, ['/ecs/DP4/PM/NSIDC-0051.002/2022.07.15/NSIDC0051_SEAICE_PS_N25km_20220715_v2.0.nc']
North,2022,7,16,8.395,0, ['/ecs/DP4/PM/NSIDC-0051.002/2022.07.16/NSIDC0051_SEAICE_PS_N25km_20220716_v2.0.nc']
North,2022,7,17,8.304,0, ['/ecs/DP4/PM/NSIDC-0051.002/2022.07.17/NSIDC0051_SEAICE_PS_N25km_20220717_v2.0.nc']
North,2022,7,18,8.166,0, ['/ecs/DP4/PM/NSIDC-0051.002/2022.07.18/NSIDC0051_SEAICE_PS_N25km_20220718_v2.0.nc']
North,2022,7,19,8.037,0, ['/ecs/DP4/PM/NSIDC-0051.002/2022.07.19/NSIDC0051_SEAICE_PS_N25km_20220719_v2.0.nc']
North,2022,7,20,7.977,0, ['/ecs/DP4/PM/NSIDC-0051.002/2022.07.20/NSIDC0051_SEAICE_PS_N25km_20220720_v2.0.nc']
North,2022,7,21,7.929,0, ['/ecs/DP4/PM/NSIDC-0051.002/2022.07.21/NSIDC0051_SEAICE_PS_N25km_20220721_v2.0.nc']
North,2022,7,22,7.748,0, ['/ecs/DP4/PM/NSIDC-0051.002/2022.07.22/NSIDC0051_SEAICE_PS_N25km_20220722_v2.0.nc']
North,2022,7,23,7.612,0, ['/ecs/DP4/PM/NSIDC-0051.002/2022.07.23/NSIDC0051_SEAICE_PS_N25km_20220723_v2.0.nc']
North,2022,7,24,7.545,0, ['/ecs/DP4/PM/NSIDC-0051.002/2022.07.24/NSIDC0051_SEAICE_PS_N25km_20220724_v2.0.nc']
North,2022,7,25,7.433,0, ['/ecs/DP4/PM/NSIDC-0051.002/2022.07.25/NSIDC0051_SEAICE_PS_N25km_20220725_v2.0.nc']
North,2022,7,26,7.276,0, ['/ecs/DP4/PM/NSIDC-0051.002/2022.07.26/NSIDC0051_SEAICE_PS_N25km_20220726_v2.0.nc']
North,2022,7,27,7.168,0, ['/ecs/DP4/PM/NSIDC-0051.002/2022.07.27/NSIDC0051_SEAICE_PS_N25km_20220727_v2.0.nc']
North,2022,7,28,7.06,0, ['/ecs/DP4/PM/NSIDC-0051.002/2022.07.28/NSIDC0051_SEAICE_PS_N25km_20220728_v2.0.nc']
North,2022,7,29,7.036,0, ['/ecs/DP4/PM/NSIDC-0051.002/2022.07.29/NSIDC0051_SEAICE_PS_N25km_20220729_v2.0.nc']
North,2022,7,30,7.015,0, ['/ecs/DP4/PM/NSIDC-0051.002/2022.07.30/NSIDC0051_SEAICE_PS_N25km_20220730_v2.0.nc']
North,2022,7,31,6.89,0, ['/ecs/DP4/PM/NSIDC-0051.002/2022.07.31/NSIDC0051_SEAICE_PS_N25km_20220731_v2.0.nc']
North,2022,8,1,6.839,0, ['/ecs/DP4/PM/NSIDC-0051.002/2022.08.01/NSIDC0051_SEAICE_PS_N25km_20220801_v2.0.nc']
North,2022,8,2,6.747,0, ['/ecs/DP4/PM/NSIDC-0051.002/2022.08.02/NSIDC0051_SEAICE_PS_N25km_20220802_v2.0.nc']
North,2022,8,3,6.697,0, ['/ecs/DP4/PM/NSIDC-0051.002/2022.08.03/NSIDC0051_SEAICE_PS_N25km_20220803_v2.0.nc']
North,2022,8,4,6.602,0, ['/ecs/DP4/PM/NSIDC-0051.002/2022.08.04/NSIDC0051_SEAICE_PS_N25km_20220804_v2.0.nc']
North,2022,8,5,6.566,0, ['/ecs/DP4/PM/NSIDC-0051.002/2022.08.05/NSIDC0051_SEAICE_PS_N25km_20220805_v2.0.nc']
North,2022,8,6,6.486,0, ['/ecs/DP4/PM/NSIDC-0051.002/2022.08.06/NSIDC0051_SEAICE_PS_N25km_20220806_v2.0.nc']
North,2022,8,7,6.459,0, ['/ecs/DP4/PM/NSIDC-0051.002/2022.08.07/NSIDC0051_SEAICE_PS_N25km_20220807_v2.0.nc']
North,2022,8,8,6.43,0, ['/ecs/DP4/PM/NSIDC-0051.002/2022.08.08/NSIDC0051_SEAICE_PS_N25km_20220808_v2.0.nc']
North,2022,8,9,6.39,0, ['/ecs/DP4/PM/NSIDC-0051.002/2022.08.09/NSIDC0051_SEAICE_PS_N25km_20220809_v2.0.nc']
North,2022,8,10,6.307,0, ['/ecs/DP4/PM/NSIDC-0051.002/2022.08.10/NSIDC0051_SEAICE_PS_N25km_20220810_v2.0.nc']
North,2022,8,11,6.25,0, ['/ecs/DP4/PM/NSIDC-0051.002/2022.08.11/NSIDC0051_SEAICE_PS_N25km_20220811_v2.0.nc']
North,2022,8,12,6.173,0, ['/ecs/DP4/PM/NSIDC-0051.002/2022.08.12/NSIDC0051_SEAICE_PS_N25km_20220812_v2.0.nc']
North,2022,8,13,6.076,0, ['/ecs/DP4/PM/NSIDC-0051.002/2022.08.13/NSIDC0051_SEAICE_PS_N25km_20220813_v2.0.nc']
North,2022,8,14,5.982,0, ['/ecs/DP4/PM/NSIDC-0051.002/2022.08.14/NSIDC0051_SEAICE_PS_N25km_20220814_v2.0.nc']
North,2022,8,15,5.99,0, ['/ecs/DP4/PM/NSIDC-0051.002/2022.08.15/NSIDC0051_SEAICE_PS_N25km_20220815_v2.0.nc']
North,2022,8,16,6.01,0, ['/ecs/DP4/PM/NSIDC-0051.002/2022.08.16/NSIDC0051_SEAICE_PS_N25km_20220816_v2.0.nc']
North,2022,8,17,6.007,0, ['/ecs/DP4/PM/NSIDC-0051.002/2022.08.17/NSIDC0051_SEAICE_PS_N25km_20220817_v2.0.nc']
North,2022,8,18,5.909,0, ['/ecs/DP4/PM/NSIDC-0051.002/2022.08.18/NSIDC0051_SEAICE_PS_N25km_20220818_v2.0.nc']
North,2022,8,19,5.805,0, ['/ecs/DP4/PM/NSIDC-0051.002/2022.08.19/NSIDC0051_SEAICE_PS_N25km_20220819_v2.0.nc']
North,2022,8,20,5.787,0, ['/ecs/DP4/PM/NSIDC-0051.002/2022.08.20/NSIDC0051_SEAICE_PS_N25km_20220820_v2.0.nc']
North,2022,8,21,5.717,0, ['/ecs/DP4/PM/NSIDC-0051.002/2022.08.21/NSIDC0051_SEAICE_PS_N25km_20220821_v2.0.nc']
North,2022,8,22,5.608,0, ['/ecs/DP4/PM/NSIDC-0051.002/2022.08.22/NSIDC0051_SEAICE_PS_N25km_20220822_v2.0.nc']
North,2022,8,23,5.521,0, ['/ecs/DP4/PM/NSIDC-0051.002/2022.08.23/NSIDC0051_SEAICE_PS_N25km_20220823_v2.0.nc']
North,2022,8,24,5.443,0, ['/ecs/DP4/PM/NSIDC-0051.002/2022.08.24/NSIDC0051_SEAICE_PS_N25km_20220824_v2.0.nc']
North,2022,8,25,5.352,0, ['/ecs/DP4/PM/NSIDC-0051.002/2022.08.25/NSIDC0051_SEAICE_PS_N25km_20220825_v2.0.nc']
North,2022,8,26,5.287,0, ['/ecs/DP4/PM/NSIDC-0051.002/2022.08.26/NSIDC0051_SEAICE_PS_N25km_20220826_v2.0.nc']
North,2022,8,27,5.222,0, ['/ecs/DP4/PM/NSIDC-0051.002/2022.08.27/NSIDC0051_SEAICE_PS_N25km_20220827_v2.0.nc']
North,2022,8,28,5.223,0, ['/ecs/DP4/PM/NSIDC-0051.002/2022.08.28/NSIDC0051_SEAICE_PS_N25km_20220828_v2.0.nc']
North,2022,8,29,5.226,0, ['/ecs/DP4/PM/NSIDC-0051.002/2022.08.29/NSIDC0051_SEAICE_PS_N25km_20220829_v2.0.nc']
North,2022,8,30,5.181,0, ['/ecs/DP4/PM/NSIDC-0051.002/2022.08.30/NSIDC0051_SEAICE_PS_N25km_20220830_v2.0.nc']
North,2022,8,31,5.143,0, ['/ecs/DP4/PM/NSIDC-0051.002/2022.08.31/NSIDC0051_SEAICE_PS_N25km_20220831_v2.0.nc']
North,2022,9,1,5.073,0, ['/ecs/DP4/PM/NSIDC-0051.002/2022.09.01/NSIDC0051_SEAICE_PS_N25km_20220901_v2.0.nc']
North,2022,9,2,5.048,0, ['/ecs/DP4/PM/NSIDC-0051.002/2022.09.02/NSIDC0051_SEAICE_PS_N25km_20220902_v2.0.nc']
North,2022,9,3,5.006,0, ['/ecs/DP4/PM/NSIDC-0051.002/2022.09.03/NSIDC0051_SEAICE_PS_N25km_20220903_v2.0.nc']
North,2022,9,4,4.908,0, ['/ecs/DP4/PM/NSIDC-0051.002/2022.09.04/NSIDC0051_SEAICE_PS_N25km_20220904_v2.0.nc']
North,2022,9,5,4.9,0, ['/ecs/DP4/PM/NSIDC-0051.002/2022.09.05/NSIDC0051_SEAICE_PS_N25km_20220905_v2.0.nc']
North,2022,9,6,4.866,0, ['/ecs/DP4/PM/NSIDC-0051.002/2022.09.06/NSIDC0051_SEAICE_PS_N25km_20220906_v2.0.nc']
North,2022,9,7,4.886,0, ['/ecs/DP4/PM/NSIDC-0051.002/2022.09.07/NSIDC0051_SEAICE_PS_N25km_20220907_v2.0.nc']
North,2022,9,8,4.916,0, ['/ecs/DP4/PM/NSIDC-0051.002/2022.09.08/NSIDC0051_SEAICE_PS_N25km_20220908_v2.0.nc']
North,2022,9,9,4.911,0, ['/ecs/DP4/PM/NSIDC-0051.002/2022.09.09/NSIDC0051_SEAICE_PS_N25km_20220909_v2.0.nc']
North,2022,9,10,4.854,0, ['/ecs/DP4/PM/NSIDC-0051.002/2022.09.10/NSIDC0051_SEAICE_PS_N25km_20220910_v2.0.nc']
North,2022,9,11,4.821,0, ['/ecs/DP4/PM/NSIDC-0051.002/2022.09.11/NSIDC0051_SEAICE_PS_N25km_20220911_v2.0.nc']
North,2022,9,12,4.761,0, ['/ecs/DP4/PM/NSIDC-0051.002/2022.09.12/NSIDC0051_SEAICE_PS_N25km_20220912_v2.0.nc']
North,2022,9,13,4.748,0, ['/ecs/DP4/PM/NSIDC-0051.002/2022.09.13/NSIDC0051_SEAICE_PS_N25km_20220913_v2.0.nc']
North,2022,9,14,4.728,0, ['/ecs/DP4/PM/NSIDC-0051.002/2022.09.14/NSIDC0051_SEAICE_PS_N25km_20220914_v2.0.nc']
North,2022,9,15,4.692,0, ['/ecs/DP4/PM/NSIDC-0051.002/2022.09.15/NSIDC0051_SEAICE_PS_N25km_20220915_v2.0.nc']
North,2022,9,16,4.718,0, ['/ecs/DP4/PM/NSIDC-0051.002/2022.09.16/NSIDC0051_SEAICE_PS_N25km_20220916_v2.0.nc']
North,2022,9,17,4.699,0, ['/ecs/DP4/PM/NSIDC-0051.002/2022.09.17/NSIDC0051_SEAICE_PS_N25km_20220917_v2.0.nc']
North,2022,9,18,4.703,0, ['/ecs/DP4/PM/NSIDC-0051.002/2022.09.18/NSIDC0051_SEAICE_PS_N25km_20220918_v2.0.nc']
North,2022,9,19,4.706,0, ['/ecs/DP4/PM/NSIDC-0051.002/2022.09.19/NSIDC0051_SEAICE_PS_N25km_20220919_v2.0.nc']
North,2022,9,20,4.779,0, ['/ecs/DP4/PM/NSIDC-0051.002/2022.09.20/NSIDC0051_SEAICE_PS_N25km_20220920_v2.0.nc']
North,2022,9,21,4.851,0, ['/ecs/DP4/PM/NSIDC-0051.002/2022.09.21/NSIDC0051_SEAICE_PS_N25km_20220921_v2.0.nc']
North,2022,9,22,4.845,0, ['/ecs/DP4/PM/NSIDC-0051.002/2022.09.22/NSIDC0051_SEAICE_PS_N25km_20220922_v2.0.nc']
North,2022,9,23,4.908,0, ['/ecs/DP4/PM/NSIDC-0051.002/2022.09.23/NSIDC0051_SEAICE_PS_N25km_20220923_v2.0.nc']
North,2022,9,24,4.955,0, ['/ecs/DP4/PM/NSIDC-0051.002/2022.09.24/NSIDC0051_SEAICE_PS_N25km_20220924_v2.0.nc']
North,2022,9,25,5.043,0, ['/ecs/DP4/PM/NSIDC-0051.002/2022.09.25/NSIDC0051_SEAICE_PS_N25km_20220925_v2.0.nc']
North,2022,9,26,4.994,0, ['/ecs/DP4/PM/NSIDC-0051.002/2022.09.26/NSIDC0051_SEAICE_PS_N25km_20220926_v2.0.nc']
North,2022,9,27,5.079,0, ['/ecs/DP4/PM/NSIDC-0051.002/2022.09.27/NSIDC0051_SEAICE_PS_N25km_20220927_v2.0.nc']
North,2022,9,28,5.119,0, ['/ecs/DP4/PM/NSIDC-0051.002/2022.09.28/NSIDC0051_SEAICE_PS_N25km_20220928_v2.0.nc']
North,2022,9,29,5.179,0, ['/ecs/DP4/PM/NSIDC-0051.002/2022.09.29/NSIDC0051_SEAICE_PS_N25km_20220929_v2.0.nc']
North,2022,9,30,5.212,0, ['/ecs/DP4/PM/NSIDC-0051.002/2022.09.30/NSIDC0051_SEAICE_PS_N25km_20220930_v2.0.nc']
North,2022,10,1,5.319,0, ['/ecs/DP4/PM/NSIDC-0051.002/2022.10.01/NSIDC0051_SEAICE_PS_N25km_20221001_v2.0.nc']
North,2022,10,2,5.405,0, ['/ecs/DP4/PM/NSIDC-0051.002/2022.10.02/NSIDC0051_SEAICE_PS_N25km_20221002_v2.0.nc']
North,2022,10,3,5.48,0, ['/ecs/DP4/PM/NSIDC-0051.002/2022.10.03/NSIDC0051_SEAICE_PS_N25km_20221003_v2.0.nc']
North,2022,10,4,5.495,0, ['/ecs/DP4/PM/NSIDC-0051.002/2022.10.04/NSIDC0051_SEAICE_PS_N25km_20221004_v2.0.nc']
North,2022,10,5,5.551,0, ['/ecs/DP4/PM/NSIDC-0051.002/2022.10.05/NSIDC0051_SEAICE_PS_N25km_20221005_v2.0.nc']
North,2022,10,6,5.626,0, ['/ecs/DP4/PM/NSIDC-0051.002/2022.10.06/NSIDC0051_SEAICE_PS_N25km_20221006_v2.0.nc']
North,2022,10,7,5.595,0, ['/ecs/DP4/PM/NSIDC-0051.002/2022.10.07/NSIDC0051_SEAICE_PS_N25km_20221007_v2.0.nc']
North,2022,10,8,5.659,0, ['/ecs/DP4/PM/NSIDC-0051.002/2022.10.08/NSIDC0051_SEAICE_PS_N25km_20221008_v2.0.nc']
North,2022,10,9,5.725,0, ['/ecs/DP4/PM/NSIDC-0051.002/2022.10.09/NSIDC0051_SEAICE_PS_N25km_20221009_v2.0.nc']
North,2022,10,10,5.808,0, ['/ecs/DP4/PM/NSIDC-0051.002/2022.10.10/NSIDC0051_SEAICE_PS_N25km_20221010_v2.0.nc']
North,2022,10,11,5.935,0, ['/ecs/DP4/PM/NSIDC-0051.002/2022.10.11/NSIDC0051_SEAICE_PS_N25km_20221011_v2.0.nc']
North,2022,10,12,6.072,0, ['/ecs/DP4/PM/NSIDC-0051.002/2022.10.12/NSIDC0051_SEAICE_PS_N25km_20221012_v2.0.nc']
North,2022,10,13,6.193,0, ['/ecs/DP4/PM/NSIDC-0051.002/2022.10.13/NSIDC0051_SEAICE_PS_N25km_20221013_v2.0.nc']
North,2022,10,14,6.326,0, ['/ecs/DP4/PM/NSIDC-0051.002/2022.10.14/NSIDC0051_SEAICE_PS_N25km_20221014_v2.0.nc']
North,2022,10,15,6.443,0, ['/ecs/DP4/PM/NSIDC-0051.002/2022.10.15/NSIDC0051_SEAICE_PS_N25km_20221015_v2.0.nc']
North,2022,10,16,6.466,0, ['/ecs/DP4/PM/NSIDC-0051.002/2022.10.16/NSIDC0051_SEAICE_PS_N25km_20221016_v2.0.nc']
North,2022,10,17,6.732,0, ['/ecs/DP4/PM/NSIDC-0051.002/2022.10.17/NSIDC0051_SEAICE_PS_N25km_20221017_v2.0.nc']
North,2022,10,18,6.9,0, ['/ecs/DP4/PM/NSIDC-0051.002/2022.10.18/NSIDC0051_SEAICE_PS_N25km_20221018_v2.0.nc']
North,2022,10,19,6.954,0, ['/ecs/DP4/PM/NSIDC-0051.002/2022.10.19/NSIDC0051_SEAICE_PS_N25km_20221019_v2.0.nc']
North,2022,10,20,6.959,0, ['/ecs/DP4/PM/NSIDC-0051.002/2022.10.20/NSIDC0051_SEAICE_PS_N25km_20221020_v2.0.nc']
North,2022,10,21,6.966,0, ['/ecs/DP4/PM/NSIDC-0051.002/2022.10.21/NSIDC0051_SEAICE_PS_N25km_20221021_v2.0.nc']
North,2022,10,22,7.103,0, ['/ecs/DP4/PM/NSIDC-0051.002/2022.10.22/NSIDC0051_SEAICE_PS_N25km_20221022_v2.0.nc']
North,2022,10,23,7.265,0, ['/ecs/DP4/PM/NSIDC-0051.002/2022.10.23/NSIDC0051_SEAICE_PS_N25km_20221023_v2.0.nc']
North,2022,10,24,7.412,0, ['/ecs/DP4/PM/NSIDC-0051.002/2022.10.24/NSIDC0051_SEAICE_PS_N25km_20221024_v2.0.nc']
North,2022,10,25,7.658,0, ['/ecs/DP4/PM/NSIDC-0051.002/2022.10.25/NSIDC0051_SEAICE_PS_N25km_20221025_v2.0.nc']
North,2022,10,26,7.822,0, ['/ecs/DP4/PM/NSIDC-0051.002/2022.10.26/NSIDC0051_SEAICE_PS_N25km_20221026_v2.0.nc']
North,2022,10,27,8.011,0, ['/ecs/DP4/PM/NSIDC-0051.002/2022.10.27/NSIDC0051_SEAICE_PS_N25km_20221027_v2.0.nc']
North,2022,10,28,8.181,0, ['/ecs/DP4/PM/NSIDC-0051.002/2022.10.28/NSIDC0051_SEAICE_PS_N25km_20221028_v2.0.nc']
North,2022,10,29,8.305,0, ['/ecs/DP4/PM/NSIDC-0051.002/2022.10.29/NSIDC0051_SEAICE_PS_N25km_20221029_v2.0.nc']
North,2022,10,30,8.473,0, ['/ecs/DP4/PM/NSIDC-0051.002/2022.10.30/NSIDC0051_SEAICE_PS_N25km_20221030_v2.0.nc']
North,2022,10,31,8.539,0, ['/ecs/DP4/PM/NSIDC-0051.002/2022.10.31/NSIDC0051_SEAICE_PS_N25km_20221031_v2.0.nc']
North,2022,11,1,8.699,0, ['/ecs/DP4/PM/NSIDC-0051.002/2022.11.01/NSIDC0051_SEAICE_PS_N25km_20221101_v2.0.nc']
North,2022,11,2,8.817,0, ['/ecs/DP4/PM/NSIDC-0051.002/2022.11.02/NSIDC0051_SEAICE_PS_N25km_20221102_v2.0.nc']
North,2022,11,3,8.942,0, ['/ecs/DP4/PM/NSIDC-0051.002/2022.11.03/NSIDC0051_SEAICE_PS_N25km_20221103_v2.0.nc']
North,2022,11,4,9.022,0, ['/ecs/DP4/PM/NSIDC-0051.002/2022.11.04/NSIDC0051_SEAICE_PS_N25km_20221104_v2.0.nc']
North,2022,11,5,9.062,0, ['/ecs/DP4/PM/NSIDC-0051.002/2022.11.05/NSIDC0051_SEAICE_PS_N25km_20221105_v2.0.nc']
North,2022,11,6,9.186,0, ['/ecs/DP4/PM/NSIDC-0051.002/2022.11.06/NSIDC0051_SEAICE_PS_N25km_20221106_v2.0.nc']
North,2022,11,7,9.272,0, ['/ecs/DP4/PM/NSIDC-0051.002/2022.11.07/NSIDC0051_SEAICE_PS_N25km_20221107_v2.0.nc']
North,2022,11,8,9.31,0, ['/ecs/DP4/PM/NSIDC-0051.002/2022.11.08/NSIDC0051_SEAICE_PS_N25km_20221108_v2.0.nc']
North,2022,11,9,9.297,0, ['/ecs/DP4/PM/NSIDC-0051.002/2022.11.09/NSIDC0051_SEAICE_PS_N25km_20221109_v2.0.nc']
North,2022,11,10,9.391,0, ['/ecs/DP4/PM/NSIDC-0051.002/2022.11.10/NSIDC0051_SEAICE_PS_N25km_20221110_v2.0.nc']
North,2022,11,11,9.487,0, ['/ecs/DP4/PM/NSIDC-0051.002/2022.11.11/NSIDC0051_SEAICE_PS_N25km_20221111_v2.0.nc']
North,2022,11,12,9.56,0, ['/ecs/DP4/PM/NSIDC-0051.002/2022.11.12/NSIDC0051_SEAICE_PS_N25km_20221112_v2.0.nc']
North,2022,11,13,9.617,0, ['/ecs/DP4/PM/NSIDC-0051.002/2022.11.13/NSIDC0051_SEAICE_PS_N25km_20221113_v2.0.nc']
North,2022,11,14,9.636,0, ['/ecs/DP4/PM/NSIDC-0051.002/2022.11.14/NSIDC0051_SEAICE_PS_N25km_20221114_v2.0.nc']
North,2022,11,15,9.724,0, ['/ecs/DP4/PM/NSIDC-0051.002/2022.11.15/NSIDC0051_SEAICE_PS_N25km_20221115_v2.0.nc']
North,2022,11,16,9.803,0, ['/ecs/DP4/PM/NSIDC-0051.002/2022.11.16/NSIDC0051_SEAICE_PS_N25km_20221116_v2.0.nc']
North,2022,11,17,9.775,0, ['/ecs/DP4/PM/NSIDC-0051.002/2022.11.17/NSIDC0051_SEAICE_PS_N25km_20221117_v2.0.nc']
North,2022,11,18,9.809,0, ['/ecs/DP4/PM/NSIDC-0051.002/2022.11.18/NSIDC0051_SEAICE_PS_N25km_20221118_v2.0.nc']
North,2022,11,19,9.9,0, ['/ecs/DP4/PM/NSIDC-0051.002/2022.11.19/NSIDC0051_SEAICE_PS_N25km_20221119_v2.0.nc']
North,2022,11,20,10.028,0, ['/ecs/DP4/PM/NSIDC-0051.002/2022.11.20/NSIDC0051_SEAICE_PS_N25km_20221120_v2.0.nc']
North,2022,11,21,10.09,0, ['/ecs/DP4/PM/NSIDC-0051.002/2022.11.21/NSIDC0051_SEAICE_PS_N25km_20221121_v2.0.nc']
North,2022,11,22,10.197,0, ['/ecs/DP4/PM/NSIDC-0051.002/2022.11.22/NSIDC0051_SEAICE_PS_N25km_20221122_v2.0.nc']
North,2022,11,23,10.244,0, ['/ecs/DP4/PM/NSIDC-0051.002/2022.11.23/NSIDC0051_SEAICE_PS_N25km_20221123_v2.0.nc']
North,2022,11,24,10.255,0, ['/ecs/DP4/PM/NSIDC-0051.002/2022.11.24/NSIDC0051_SEAICE_PS_N25km_20221124_v2.0.nc']
North,2022,11,25,10.281,0, ['/ecs/DP4/PM/NSIDC-0051.002/2022.11.25/NSIDC0051_SEAICE_PS_N25km_20221125_v2.0.nc']
North,2022,11,26,10.347,0, ['/ecs/DP4/PM/NSIDC-0051.002/2022.11.26/NSIDC0051_SEAICE_PS_N25km_20221126_v2.0.nc']
North,2022,11,27,10.419,0, ['/ecs/DP4/PM/NSIDC-0051.002/2022.11.27/NSIDC0051_SEAICE_PS_N25km_20221127_v2.0.nc']
North,2022,11,28,10.489,0, ['/ecs/DP4/PM/NSIDC-0051.002/2022.11.28/NSIDC0051_SEAICE_PS_N25km_20221128_v2.0.nc']
North,2022,11,29,10.554,0, ['/ecs/DP4/PM/NSIDC-0051.002/2022.11.29/NSIDC0051_SEAICE_PS_N25km_20221129_v2.0.nc']
North,2022,11,30,10.545,0, ['/ecs/DP4/PM/NSIDC-0051.002/2022.11.30/NSIDC0051_SEAICE_PS_N25km_20221130_v2.0.nc']
North,2022,12,1,10.692,0, ['/ecs/DP4/PM/NSIDC-0051.002/2022.12.01/NSIDC0051_SEAICE_PS_N25km_20221201_v2.0.nc']
North,2022,12,2,10.582,0, ['/ecs/DP4/PM/NSIDC-0051.002/2022.12.02/NSIDC0051_SEAICE_PS_N25km_20221202_v2.0.nc']
North,2022,12,3,10.733,0, ['/ecs/DP4/PM/NSIDC-0051.002/2022.12.03/NSIDC0051_SEAICE_PS_N25km_20221203_v2.0.nc']
North,2022,12,4,10.916,0, ['/ecs/DP4/PM/NSIDC-0051.002/2022.12.04/NSIDC0051_SEAICE_PS_N25km_20221204_v2.0.nc']
North,2022,12,5,10.84,0, ['/ecs/DP4/PM/NSIDC-0051.002/2022.12.05/NSIDC0051_SEAICE_PS_N25km_20221205_v2.0.nc']
North,2022,12,6,10.952,0, ['/ecs/DP4/PM/NSIDC-0051.002/2022.12.06/NSIDC0051_SEAICE_PS_N25km_20221206_v2.0.nc']
North,2022,12,7,11.233,0, ['/ecs/DP4/PM/NSIDC-0051.002/2022.12.07/NSIDC0051_SEAICE_PS_N25km_20221207_v2.0.nc']
North,2022,12,8,11.452,0, ['/ecs/DP4/PM/NSIDC-0051.002/2022.12.08/NSIDC0051_SEAICE_PS_N25km_20221208_v2.0.nc']
North,2022,12,9,11.566,0, ['/ecs/DP4/PM/NSIDC-0051.002/2022.12.09/NSIDC0051_SEAICE_PS_N25km_20221209_v2.0.nc']
North,2022,12,10,11.692,0, ['/ecs/DP4/PM/NSIDC-0051.002/2022.12.10/NSIDC0051_SEAICE_PS_N25km_20221210_v2.0.nc']
North,2022,12,11,11.726,0, ['/ecs/DP4/PM/NSIDC-0051.002/2022.12.11/NSIDC0051_SEAICE_PS_N25km_20221211_v2.0.nc']
North,2022,12,12,11.852,0, ['/ecs/DP4/PM/NSIDC-0051.002/2022.12.12/NSIDC0051_SEAICE_PS_N25km_20221212_v2.0.nc']
North,2022,12,13,12.012,0, ['/ecs/DP4/PM/NSIDC-0051.002/2022.12.13/NSIDC0051_SEAICE_PS_N25km_20221213_v2.0.nc']
North,2022,12,14,12.048,0, ['/ecs/DP4/PM/NSIDC-0051.002/2022.12.14/NSIDC0051_SEAICE_PS_N25km_20221214_v2.0.nc']
North,2022,12,15,12.112,0, ['/ecs/DP4/PM/NSIDC-0051.002/2022.12.15/NSIDC0051_SEAICE_PS_N25km_20221215_v2.0.nc']
North,2022,12,16,12,0, ['/ecs/DP4/PM/NSIDC-0051.002/2022.12.16/NSIDC0051_SEAICE_PS_N25km_20221216_v2.0.nc']
North,2022,12,17,12.071,0, ['/ecs/DP4/PM/NSIDC-0051.002/2022.12.17/NSIDC0051_SEAICE_PS_N25km_20221217_v2.0.nc']
North,2022,12,18,12.153,0, ['/ecs/DP4/PM/NSIDC-0051.002/2022.12.18/NSIDC0051_SEAICE_PS_N25km_20221218_v2.0.nc']
North,2022,12,19,12.232,0, ['/ecs/DP4/PM/NSIDC-0051.002/2022.12.19/NSIDC0051_SEAICE_PS_N25km_20221219_v2.0.nc']
North,2022,12,20,12.283,0, ['/ecs/DP4/PM/NSIDC-0051.002/2022.12.20/NSIDC0051_SEAICE_PS_N25km_20221220_v2.0.nc']
North,2022,12,21,12.346,0, ['/ecs/DP4/PM/NSIDC-0051.002/2022.12.21/NSIDC0051_SEAICE_PS_N25km_20221221_v2.0.nc']
North,2022,12,22,12.505,0, ['/ecs/DP4/PM/NSIDC-0051.002/2022.12.22/NSIDC0051_SEAICE_PS_N25km_20221222_v2.0.nc']
North,2022,12,23,12.503,0, ['/ecs/DP4/PM/NSIDC-0051.002/2022.12.23/NSIDC0051_SEAICE_PS_N25km_20221223_v2.0.nc']
North,2022,12,24,12.458,0, ['/ecs/DP4/PM/NSIDC-0051.002/2022.12.24/NSIDC0051_SEAICE_PS_N25km_20221224_v2.0.nc']
North,2022,12,25,12.411,0, ['/ecs/DP4/PM/NSIDC-0051.002/2022.12.25/NSIDC0051_SEAICE_PS_N25km_20221225_v2.0.nc']
North,2022,12,26,12.494,0, ['/ecs/DP4/PM/NSIDC-0051.002/2022.12.26/NSIDC0051_SEAICE_PS_N25km_20221226_v2.0.nc']
North,2022,12,27,12.492,0, ['/ecs/DP4/PM/NSIDC-0051.002/2022.12.27/NSIDC0051_SEAICE_PS_N25km_20221227_v2.0.nc']
North,2022,12,28,12.52,0, ['/ecs/DP4/PM/NSIDC-0051.002/2022.12.28/NSIDC0051_SEAICE_PS_N25km_20221228_v2.0.nc']
North,2022,12,29,12.585,0, ['/ecs/DP4/PM/NSIDC-0051.002/2022.12.29/NSIDC0051_SEAICE_PS_N25km_20221229_v2.0.nc']
North,2022,12,30,12.575,0, ['/ecs/DP4/PM/NSIDC-0051.002/2022.12.30/NSIDC0051_SEAICE_PS_N25km_20221230_v2.0.nc']
North,2022,12,31,12.614,0, ['/ecs/DP4/PM/NSIDC-0051.002/2022.12.31/NSIDC0051_SEAICE_PS_N25km_20221231_v2.0.nc']
North,2023,1,1,12.734,0,"['/ecs/DP4/PM/NSIDC-0081.002/2022.12.31/NSIDC0081_SEAICE_PS_N25km_20221231_v2.0.nc', '/ecs/DP4/PM/NSIDC-0081.002/2023.01.01/NSIDC0081_SEAICE_PS_N25km_20230101_v2.0.nc', '/ecs/DP4/PM/NSIDC-0081.002/2023.01.02/NSIDC0081_SEAICE_PS_N25km_20230102_v2.0.nc']"
North,2023,1,2,12.724,0,"['/ecs/DP4/PM/NSIDC-0081.002/2023.01.01/NSIDC0081_SEAICE_PS_N25km_20230101_v2.0.nc', '/ecs/DP4/PM/NSIDC-0081.002/2023.01.02/NSIDC0081_SEAICE_PS_N25km_20230102_v2.0.nc', '/ecs/DP4/PM/NSIDC-0081.002/2023.01.03/NSIDC0081_SEAICE_PS_N25km_20230103_v2.0.nc']"
North,2023,1,3,12.717,0,"['/ecs/DP4/PM/NSIDC-0081.002/2023.01.02/NSIDC0081_SEAICE_PS_N25km_20230102_v2.0.nc', '/ecs/DP4/PM/NSIDC-0081.002/2023.01.03/NSIDC0081_SEAICE_PS_N25km_20230103_v2.0.nc', '/ecs/DP4/PM/NSIDC-0081.002/2023.01.04/NSIDC0081_SEAICE_PS_N25km_20230104_v2.0.nc']"
North,2023,1,4,12.786,0,"['/ecs/DP4/PM/NSIDC-0081.002/2023.01.03/NSIDC0081_SEAICE_PS_N25km_20230103_v2.0.nc', '/ecs/DP4/PM/NSIDC-0081.002/2023.01.04/NSIDC0081_SEAICE_PS_N25km_20230104_v2.0.nc', '/ecs/DP4/PM/NSIDC-0081.002/2023.01.05/NSIDC0081_SEAICE_PS_N25km_20230105_v2.0.nc']"
North,2023,1,5,12.841,0,"['/ecs/DP4/PM/NSIDC-0081.002/2023.01.04/NSIDC0081_SEAICE_PS_N25km_20230104_v2.0.nc', '/ecs/DP4/PM/NSIDC-0081.002/2023.01.05/NSIDC0081_SEAICE_PS_N25km_20230105_v2.0.nc', '/ecs/DP4/PM/NSIDC-0081.002/2023.01.06/NSIDC0081_SEAICE_PS_N25km_20230106_v2.0.nc']"
North,2023,1,6,12.875,0,"['/ecs/DP4/PM/NSIDC-0081.002/2023.01.05/NSIDC0081_SEAICE_PS_N25km_20230105_v2.0.nc', '/ecs/DP4/PM/NSIDC-0081.002/2023.01.06/NSIDC0081_SEAICE_PS_N25km_20230106_v2.0.nc', '/ecs/DP4/PM/NSIDC-0081.002/2023.01.07/NSIDC0081_SEAICE_PS_N25km_20230107_v2.0.nc']"
North,2023,1,7,12.998,0,"['/ecs/DP4/PM/NSIDC-0081.002/2023.01.06/NSIDC0081_SEAICE_PS_N25km_20230106_v2.0.nc', '/ecs/DP4/PM/NSIDC-0081.002/2023.01.07/NSIDC0081_SEAICE_PS_N25km_20230107_v2.0.nc', '/ecs/DP4/PM/NSIDC-0081.002/2023.01.08/NSIDC0081_SEAICE_PS_N25km_20230108_v2.0.nc']"
North,2023,1,8,13.205,0,"['/ecs/DP4/PM/NSIDC-0081.002/2023.01.07/NSIDC0081_SEAICE_PS_N25km_20230107_v2.0.nc', '/ecs/DP4/PM/NSIDC-0081.002/2023.01.08/NSIDC0081_SEAICE_PS_N25km_20230108_v2.0.nc', '/ecs/DP4/PM/NSIDC-0081.002/2023.01.09/NSIDC0081_SEAICE_PS_N25km_20230109_v2.0.nc']"
North,2023,1,9,13.177,0,"['/ecs/DP4/PM/NSIDC-0081.002/2023.01.08/NSIDC0081_SEAICE_PS_N25km_20230108_v2.0.nc', '/ecs/DP4/PM/NSIDC-0081.002/2023.01.09/NSIDC0081_SEAICE_PS_N25km_20230109_v2.0.nc', '/ecs/DP4/PM/NSIDC-0081.002/2023.01.10/NSIDC0081_SEAICE_PS_N25km_20230110_v2.0.nc']"
North,2023,1,10,13.204,0,"['/ecs/DP4/PM/NSIDC-0081.002/2023.01.09/NSIDC0081_SEAICE_PS_N25km_20230109_v2.0.nc', '/ecs/DP4/PM/NSIDC-0081.002/2023.01.10/NSIDC0081_SEAICE_PS_N25km_20230110_v2.0.nc', '/ecs/DP4/PM/NSIDC-0081.002/2023.01.11/NSIDC0081_SEAICE_PS_N25km_20230111_v2.0.nc']"
North,2023,1,11,13.193,0,"['/ecs/DP4/PM/NSIDC-0081.002/2023.01.10/NSIDC0081_SEAICE_PS_N25km_20230110_v2.0.nc', '/ecs/DP4/PM/NSIDC-0081.002/2023.01.11/NSIDC0081_SEAICE_PS_N25km_20230111_v2.0.nc', '/ecs/DP4/PM/NSIDC-0081.002/2023.01.12/NSIDC0081_SEAICE_PS_N25km_20230112_v2.0.nc']"
North,2023,1,12,13.232,0,"['/ecs/DP4/PM/NSIDC-0081.002/2023.01.11/NSIDC0081_SEAICE_PS_N25km_20230111_v2.0.nc', '/ecs/DP4/PM/NSIDC-0081.002/2023.01.12/NSIDC0081_SEAICE_PS_N25km_20230112_v2.0.nc', '/ecs/DP4/PM/NSIDC-0081.002/2023.01.13/NSIDC0081_SEAICE_PS_N25km_20230113_v2.0.nc']"
North,2023,1,13,13.447,0,"['/ecs/DP4/PM/NSIDC-0081.002/2023.01.12/NSIDC0081_SEAICE_PS_N25km_20230112_v2.0.nc', '/ecs/DP4/PM/NSIDC-0081.002/2023.01.13/NSIDC0081_SEAICE_PS_N25km_20230113_v2.0.nc', '/ecs/DP4/PM/NSIDC-0081.002/2023.01.14/NSIDC0081_SEAICE_PS_N25km_20230114_v2.0.nc']"
North,2023,1,14,13.428,0,"['/ecs/DP4/PM/NSIDC-0081.002/2023.01.13/NSIDC0081_SEAICE_PS_N25km_20230113_v2.0.nc', '/ecs/DP4/PM/NSIDC-0081.002/2023.01.14/NSIDC0081_SEAICE_PS_N25km_20230114_v2.0.nc', '/ecs/DP4/PM/NSIDC-0081.002/2023.01.15/NSIDC0081_SEAICE_PS_N25km_20230115_v2.0.nc']"
North,2023,1,15,13.435,0,"['/ecs/DP4/PM/NSIDC-0081.002/2023.01.14/NSIDC0081_SEAICE_PS_N25km_20230114_v2.0.nc', '/ecs/DP4/PM/NSIDC-0081.002/2023.01.15/NSIDC0081_SEAICE_PS_N25km_20230115_v2.0.nc', '/ecs/DP4/PM/NSIDC-0081.002/2023.01.16/NSIDC0081_SEAICE_PS_N25km_20230116_v2.0.nc']"
North,2023,1,16,13.508,0,"['/ecs/DP4/PM/NSIDC-0081.002/2023.01.15/NSIDC0081_SEAICE_PS_N25km_20230115_v2.0.nc', '/ecs/DP4/PM/NSIDC-0081.002/2023.01.16/NSIDC0081_SEAICE_PS_N25km_20230116_v2.0.nc', '/ecs/DP4/PM/NSIDC-0081.002/2023.01.17/NSIDC0081_SEAICE_PS_N25km_20230117_v2.0.nc']"
North,2023,1,17,13.53,0,"['/ecs/DP4/PM/NSIDC-0081.002/2023.01.16/NSIDC0081_SEAICE_PS_N25km_20230116_v2.0.nc', '/ecs/DP4/PM/NSIDC-0081.002/2023.01.17/NSIDC0081_SEAICE_PS_N25km_20230117_v2.0.nc', '/ecs/DP4/PM/NSIDC-0081.002/2023.01.18/NSIDC0081_SEAICE_PS_N25km_20230118_v2.0.nc']"
North,2023,1,18,13.486,0,"['/ecs/DP4/PM/NSIDC-0081.002/2023.01.17/NSIDC0081_SEAICE_PS_N25km_20230117_v2.0.nc', '/ecs/DP4/PM/NSIDC-0081.002/2023.01.18/NSIDC0081_SEAICE_PS_N25km_20230118_v2.0.nc', '/ecs/DP4/PM/NSIDC-0081.002/2023.01.19/NSIDC0081_SEAICE_PS_N25km_20230119_v2.0.nc']"
North,2023,1,19,13.543,0,"['/ecs/DP4/PM/NSIDC-0081.002/2023.01.18/NSIDC0081_SEAICE_PS_N25km_20230118_v2.0.nc', '/ecs/DP4/PM/NSIDC-0081.002/2023.01.19/NSIDC0081_SEAICE_PS_N25km_20230119_v2.0.nc', '/ecs/DP4/PM/NSIDC-0081.002/2023.01.20/NSIDC0081_SEAICE_PS_N25km_20230120_v2.0.nc']"
North,2023,1,20,13.498,0,"['/ecs/DP4/PM/NSIDC-0081.002/2023.01.19/NSIDC0081_SEAICE_PS_N25km_20230119_v2.0.nc', '/ecs/DP4/PM/NSIDC-0081.002/2023.01.20/NSIDC0081_SEAICE_PS_N25km_20230120_v2.0.nc', '/ecs/DP4/PM/NSIDC-0081.002/2023.01.21/NSIDC0081_SEAICE_PS_N25km_20230121_v2.0.nc']"
North,2023,1,21,13.525,0,"['/ecs/DP4/PM/NSIDC-0081.002/2023.01.20/NSIDC0081_SEAICE_PS_N25km_20230120_v2.0.nc', '/ecs/DP4/PM/NSIDC-0081.002/2023.01.21/NSIDC0081_SEAICE_PS_N25km_20230121_v2.0.nc', '/ecs/DP4/PM/NSIDC-0081.002/2023.01.22/NSIDC0081_SEAICE_PS_N25km_20230122_v2.0.nc']"
North,2023,1,22,13.543,0,"['/ecs/DP4/PM/NSIDC-0081.002/2023.01.21/NSIDC0081_SEAICE_PS_N25km_20230121_v2.0.nc', '/ecs/DP4/PM/NSIDC-0081.002/2023.01.22/NSIDC0081_SEAICE_PS_N25km_20230122_v2.0.nc', '/ecs/DP4/PM/NSIDC-0081.002/2023.01.23/NSIDC0081_SEAICE_PS_N25km_20230123_v2.0.nc']"
North,2023,1,23,13.63,0,"['/ecs/DP4/PM/NSIDC-0081.002/2023.01.22/NSIDC0081_SEAICE_PS_N25km_20230122_v2.0.nc', '/ecs/DP4/PM/NSIDC-0081.002/2023.01.23/NSIDC0081_SEAICE_PS_N25km_20230123_v2.0.nc', '/ecs/DP4/PM/NSIDC-0081.002/2023.01.24/NSIDC0081_SEAICE_PS_N25km_20230124_v2.0.nc']"
North,2023,1,24,13.663,0,"['/ecs/DP4/PM/NSIDC-0081.002/2023.01.23/NSIDC0081_SEAICE_PS_N25km_20230123_v2.0.nc', '/ecs/DP4/PM/NSIDC-0081.002/2023.01.24/NSIDC0081_SEAICE_PS_N25km_20230124_v2.0.nc', '/ecs/DP4/PM/NSIDC-0081.002/2023.01.25/NSIDC0081_SEAICE_PS_N25km_20230125_v2.0.nc']"
North,2023,1,25,13.777,0,"['/ecs/DP4/PM/NSIDC-0081.002/2023.01.24/NSIDC0081_SEAICE_PS_N25km_20230124_v2.0.nc', '/ecs/DP4/PM/NSIDC-0081.002/2023.01.25/NSIDC0081_SEAICE_PS_N25km_20230125_v2.0.nc', '/ecs/DP4/PM/NSIDC-0081.002/2023.01.26/NSIDC0081_SEAICE_PS_N25km_20230126_v2.0.nc']"
North,2023,1,26,13.734,0,"['/ecs/DP4/PM/NSIDC-0081.002/2023.01.25/NSIDC0081_SEAICE_PS_N25km_20230125_v2.0.nc', '/ecs/DP4/PM/NSIDC-0081.002/2023.01.26/NSIDC0081_SEAICE_PS_N25km_20230126_v2.0.nc', '/ecs/DP4/PM/NSIDC-0081.002/2023.01.27/NSIDC0081_SEAICE_PS_N25km_20230127_v2.0.nc']"
North,2023,1,27,13.673,0,"['/ecs/DP4/PM/NSIDC-0081.002/2023.01.26/NSIDC0081_SEAICE_PS_N25km_20230126_v2.0.nc', '/ecs/DP4/PM/NSIDC-0081.002/2023.01.27/NSIDC0081_SEAICE_PS_N25km_20230127_v2.0.nc', '/ecs/DP4/PM/NSIDC-0081.002/2023.01.28/NSIDC0081_SEAICE_PS_N25km_20230128_v2.0.nc']"
North,2023,1,28,13.635,0,"['/ecs/DP4/PM/NSIDC-0081.002/2023.01.27/NSIDC0081_SEAICE_PS_N25km_20230127_v2.0.nc', '/ecs/DP4/PM/NSIDC-0081.002/2023.01.28/NSIDC0081_SEAICE_PS_N25km_20230128_v2.0.nc', '/ecs/DP4/PM/NSIDC-0081.002/2023.01.29/NSIDC0081_SEAICE_PS_N25km_20230129_v2.0.nc']"
North,2023,1,29,13.684,0,"['/ecs/DP4/PM/NSIDC-0081.002/2023.01.28/NSIDC0081_SEAICE_PS_N25km_20230128_v2.0.nc', '/ecs/DP4/PM/NSIDC-0081.002/2023.01.29/NSIDC0081_SEAICE_PS_N25km_20230129_v2.0.nc', '/ecs/DP4/PM/NSIDC-0081.002/2023.01.30/NSIDC0081_SEAICE_PS_N25km_20230130_v2.0.nc']"
North,2023,1,30,13.67,0,"['/ecs/DP4/PM/NSIDC-0081.002/2023.01.29/NSIDC0081_SEAICE_PS_N25km_20230129_v2.0.nc', '/ecs/DP4/PM/NSIDC-0081.002/2023.01.30/NSIDC0081_SEAICE_PS_N25km_20230130_v2.0.nc', '/ecs/DP4/PM/NSIDC-0081.002/2023.01.31/NSIDC0081_SEAICE_PS_N25km_20230131_v2.0.nc']"
North,2023,1,31,13.64,0,"['/ecs/DP4/PM/NSIDC-0081.002/2023.01.30/NSIDC0081_SEAICE_PS_N25km_20230130_v2.0.nc', '/ecs/DP4/PM/NSIDC-0081.002/2023.01.31/NSIDC0081_SEAICE_PS_N25km_20230131_v2.0.nc', '/ecs/DP4/PM/NSIDC-0081.002/2023.02.01/NSIDC0081_SEAICE_PS_N25km_20230201_v2.0.nc']"
North,2023,2,1,13.752,0,"['/ecs/DP4/PM/NSIDC-0081.002/2023.01.31/NSIDC0081_SEAICE_PS_N25km_20230131_v2.0.nc', '/ecs/DP4/PM/NSIDC-0081.002/2023.02.01/NSIDC0081_SEAICE_PS_N25km_20230201_v2.0.nc', '/ecs/DP4/PM/NSIDC-0081.002/2023.02.02/NSIDC0081_SEAICE_PS_N25km_20230202_v2.0.nc']"
North,2023,2,2,13.898,0,"['/ecs/DP4/PM/NSIDC-0081.002/2023.02.01/NSIDC0081_SEAICE_PS_N25km_20230201_v2.0.nc', '/ecs/DP4/PM/NSIDC-0081.002/2023.02.02/NSIDC0081_SEAICE_PS_N25km_20230202_v2.0.nc', '/ecs/DP4/PM/NSIDC-0081.002/2023.02.03/NSIDC0081_SEAICE_PS_N25km_20230203_v2.0.nc']"
North,2023,2,3,13.928,0,"['/ecs/DP4/PM/NSIDC-0081.002/2023.02.02/NSIDC0081_SEAICE_PS_N25km_20230202_v2.0.nc', '/ecs/DP4/PM/NSIDC-0081.002/2023.02.03/NSIDC0081_SEAICE_PS_N25km_20230203_v2.0.nc', '/ecs/DP4/PM/NSIDC-0081.002/2023.02.04/NSIDC0081_SEAICE_PS_N25km_20230204_v2.0.nc']"
North,2023,2,4,13.985,0,"['/ecs/DP4/PM/NSIDC-0081.002/2023.02.03/NSIDC0081_SEAICE_PS_N25km_20230203_v2.0.nc', '/ecs/DP4/PM/NSIDC-0081.002/2023.02.04/NSIDC0081_SEAICE_PS_N25km_20230204_v2.0.nc', '/ecs/DP4/PM/NSIDC-0081.002/2023.02.05/NSIDC0081_SEAICE_PS_N25km_20230205_v2.0.nc']"
North,2023,2,5,14.009,0,"['/ecs/DP4/PM/NSIDC-0081.002/2023.02.04/NSIDC0081_SEAICE_PS_N25km_20230204_v2.0.nc', '/ecs/DP4/PM/NSIDC-0081.002/2023.02.05/NSIDC0081_SEAICE_PS_N25km_20230205_v2.0.nc', '/ecs/DP4/PM/NSIDC-0081.002/2023.02.06/NSIDC0081_SEAICE_PS_N25km_20230206_v2.0.nc']"
North,2023,2,6,14.017,0,"['/ecs/DP4/PM/NSIDC-0081.002/2023.02.05/NSIDC0081_SEAICE_PS_N25km_20230205_v2.0.nc', '/ecs/DP4/PM/NSIDC-0081.002/2023.02.06/NSIDC0081_SEAICE_PS_N25km_20230206_v2.0.nc', '/ecs/DP4/PM/NSIDC-0081.002/2023.02.07/NSIDC0081_SEAICE_PS_N25km_20230207_v2.0.nc']"
North,2023,2,7,14.105,0,"['/ecs/DP4/PM/NSIDC-0081.002/2023.02.06/NSIDC0081_SEAICE_PS_N25km_20230206_v2.0.nc', '/ecs/DP4/PM/NSIDC-0081.002/2023.02.07/NSIDC0081_SEAICE_PS_N25km_20230207_v2.0.nc', '/ecs/DP4/PM/NSIDC-0081.002/2023.02.08/NSIDC0081_SEAICE_PS_N25km_20230208_v2.0.nc']"
North,2023,2,8,14.05,0,"['/ecs/DP4/PM/NSIDC-0081.002/2023.02.07/NSIDC0081_SEAICE_PS_N25km_20230207_v2.0.nc', '/ecs/DP4/PM/NSIDC-0081.002/2023.02.08/NSIDC0081_SEAICE_PS_N25km_20230208_v2.0.nc', '/ecs/DP4/PM/NSIDC-0081.002/2023.02.09/NSIDC0081_SEAICE_PS_N25km_20230209_v2.0.nc']"
North,2023,2,9,14.043,0,"['/ecs/DP4/PM/NSIDC-0081.002/2023.02.08/NSIDC0081_SEAICE_PS_N25km_20230208_v2.0.nc', '/ecs/DP4/PM/NSIDC-0081.002/2023.02.09/NSIDC0081_SEAICE_PS_N25km_20230209_v2.0.nc', '/ecs/DP4/PM/NSIDC-0081.002/2023.02.10/NSIDC0081_SEAICE_PS_N25km_20230210_v2.0.nc']"
North,2023,2,10,13.984,0,"['/ecs/DP4/PM/NSIDC-0081.002/2023.02.09/NSIDC0081_SEAICE_PS_N25km_20230209_v2.0.nc', '/ecs/DP4/PM/NSIDC-0081.002/2023.02.10/NSIDC0081_SEAICE_PS_N25km_20230210_v2.0.nc', '/ecs/DP4/PM/NSIDC-0081.002/2023.02.11/NSIDC0081_SEAICE_PS_N25km_20230211_v2.0.nc']"
North,2023,2,11,14.047,0,"['/ecs/DP4/PM/NSIDC-0081.002/2023.02.10/NSIDC0081_SEAICE_PS_N25km_20230210_v2.0.nc', '/ecs/DP4/PM/NSIDC-0081.002/2023.02.11/NSIDC0081_SEAICE_PS_N25km_20230211_v2.0.nc', '/ecs/DP4/PM/NSIDC-0081.002/2023.02.12/NSIDC0081_SEAICE_PS_N25km_20230212_v2.0.nc']"
North,2023,2,12,14.024,0,"['/ecs/DP4/PM/NSIDC-0081.002/2023.02.11/NSIDC0081_SEAICE_PS_N25km_20230211_v2.0.nc', '/ecs/DP4/PM/NSIDC-0081.002/2023.02.12/NSIDC0081_SEAICE_PS_N25km_20230212_v2.0.nc', '/ecs/DP4/PM/NSIDC-0081.002/2023.02.13/NSIDC0081_SEAICE_PS_N25km_20230213_v2.0.nc']"
North,2023,2,13,14.132,0,"['/ecs/DP4/PM/NSIDC-0081.002/2023.02.12/NSIDC0081_SEAICE_PS_N25km_20230212_v2.0.nc', '/ecs/DP4/PM/NSIDC-0081.002/2023.02.13/NSIDC0081_SEAICE_PS_N25km_20230213_v2.0.nc', '/ecs/DP4/PM/NSIDC-0081.002/2023.02.14/NSIDC0081_SEAICE_PS_N25km_20230214_v2.0.nc']"
North,2023,2,14,14.272,0,"['/ecs/DP4/PM/NSIDC-0081.002/2023.02.13/NSIDC0081_SEAICE_PS_N25km_20230213_v2.0.nc', '/ecs/DP4/PM/NSIDC-0081.002/2023.02.14/NSIDC0081_SEAICE_PS_N25km_20230214_v2.0.nc', '/ecs/DP4/PM/NSIDC-0081.002/2023.02.15/NSIDC0081_SEAICE_PS_N25km_20230215_v2.0.nc']"
North,2023,2,15,14.284,0,"['/ecs/DP4/PM/NSIDC-0081.002/2023.02.14/NSIDC0081_SEAICE_PS_N25km_20230214_v2.0.nc', '/ecs/DP4/PM/NSIDC-0081.002/2023.02.15/NSIDC0081_SEAICE_PS_N25km_20230215_v2.0.nc', '/ecs/DP4/PM/NSIDC-0081.002/2023.02.16/NSIDC0081_SEAICE_PS_N25km_20230216_v2.0.nc']"
North,2023,2,16,14.316,0,"['/ecs/DP4/PM/NSIDC-0081.002/2023.02.15/NSIDC0081_SEAICE_PS_N25km_20230215_v2.0.nc', '/ecs/DP4/PM/NSIDC-0081.002/2023.02.16/NSIDC0081_SEAICE_PS_N25km_20230216_v2.0.nc', '/ecs/DP4/PM/NSIDC-0081.002/2023.02.17/NSIDC0081_SEAICE_PS_N25km_20230217_v2.0.nc']"
North,2023,2,17,14.314,0,"['/ecs/DP4/PM/NSIDC-0081.002/2023.02.16/NSIDC0081_SEAICE_PS_N25km_20230216_v2.0.nc', '/ecs/DP4/PM/NSIDC-0081.002/2023.02.17/NSIDC0081_SEAICE_PS_N25km_20230217_v2.0.nc', '/ecs/DP4/PM/NSIDC-0081.002/2023.02.18/NSIDC0081_SEAICE_PS_N25km_20230218_v2.0.nc']"
North,2023,2,18,14.247,0,"['/ecs/DP4/PM/NSIDC-0081.002/2023.02.17/NSIDC0081_SEAICE_PS_N25km_20230217_v2.0.nc', '/ecs/DP4/PM/NSIDC-0081.002/2023.02.18/NSIDC0081_SEAICE_PS_N25km_20230218_v2.0.nc', '/ecs/DP4/PM/NSIDC-0081.002/2023.02.19/NSIDC0081_SEAICE_PS_N25km_20230219_v2.0.nc']"
North,2023,2,19,14.194,0,"['/ecs/DP4/PM/NSIDC-0081.002/2023.02.18/NSIDC0081_SEAICE_PS_N25km_20230218_v2.0.nc', '/ecs/DP4/PM/NSIDC-0081.002/2023.02.19/NSIDC0081_SEAICE_PS_N25km_20230219_v2.0.nc', '/ecs/DP4/PM/NSIDC-0081.002/2023.02.20/NSIDC0081_SEAICE_PS_N25km_20230220_v2.0.nc']"
North,2023,2,20,14.343,0,"['/ecs/DP4/PM/NSIDC-0081.002/2023.02.19/NSIDC0081_SEAICE_PS_N25km_20230219_v2.0.nc', '/ecs/DP4/PM/NSIDC-0081.002/2023.02.20/NSIDC0081_SEAICE_PS_N25km_20230220_v2.0.nc', '/ecs/DP4/PM/NSIDC-0081.002/2023.02.21/NSIDC0081_SEAICE_PS_N25km_20230221_v2.0.nc']"
North,2023,2,21,14.352,0,"['/ecs/DP4/PM/NSIDC-0081.002/2023.02.20/NSIDC0081_SEAICE_PS_N25km_20230220_v2.0.nc', '/ecs/DP4/PM/NSIDC-0081.002/2023.02.21/NSIDC0081_SEAICE_PS_N25km_20230221_v2.0.nc', '/ecs/DP4/PM/NSIDC-0081.002/2023.02.22/NSIDC0081_SEAICE_PS_N25km_20230222_v2.0.nc']"
North,2023,2,22,14.341,0,"['/ecs/DP4/PM/NSIDC-0081.002/2023.02.21/NSIDC0081_SEAICE_PS_N25km_20230221_v2.0.nc', '/ecs/DP4/PM/NSIDC-0081.002/2023.02.22/NSIDC0081_SEAICE_PS_N25km_20230222_v2.0.nc', '/ecs/DP4/PM/NSIDC-0081.002/2023.02.23/NSIDC0081_SEAICE_PS_N25km_20230223_v2.0.nc']"
North,2023,2,23,14.376,0,"['/ecs/DP4/PM/NSIDC-0081.002/2023.02.22/NSIDC0081_SEAICE_PS_N25km_20230222_v2.0.nc', '/ecs/DP4/PM/NSIDC-0081.002/2023.02.23/NSIDC0081_SEAICE_PS_N25km_20230223_v2.0.nc', '/ecs/DP4/PM/NSIDC-0081.002/2023.02.24/NSIDC0081_SEAICE_PS_N25km_20230224_v2.0.nc']"
North,2023,2,24,14.297,0,"['/ecs/DP4/PM/NSIDC-0081.002/2023.02.23/NSIDC0081_SEAICE_PS_N25km_20230223_v2.0.nc', '/ecs/DP4/PM/NSIDC-0081.002/2023.02.24/NSIDC0081_SEAICE_PS_N25km_20230224_v2.0.nc', '/ecs/DP4/PM/NSIDC-0081.002/2023.02.25/NSIDC0081_SEAICE_PS_N25km_20230225_v2.0.nc']"
North,2023,2,25,14.304,0,"['/ecs/DP4/PM/NSIDC-0081.002/2023.02.24/NSIDC0081_SEAICE_PS_N25km_20230224_v2.0.nc', '/ecs/DP4/PM/NSIDC-0081.002/2023.02.25/NSIDC0081_SEAICE_PS_N25km_20230225_v2.0.nc', '/ecs/DP4/PM/NSIDC-0081.002/2023.02.26/NSIDC0081_SEAICE_PS_N25km_20230226_v2.0.nc']"
North,2023,2,26,14.381,0,"['/ecs/DP4/PM/NSIDC-0081.002/2023.02.25/NSIDC0081_SEAICE_PS_N25km_20230225_v2.0.nc', '/ecs/DP4/PM/NSIDC-0081.002/2023.02.26/NSIDC0081_SEAICE_PS_N25km_20230226_v2.0.nc', '/ecs/DP4/PM/NSIDC-0081.002/2023.02.27/NSIDC0081_SEAICE_PS_N25km_20230227_v2.0.nc']"
North,2023,2,27,14.462,0,"['/ecs/DP4/PM/NSIDC-0081.002/2023.02.26/NSIDC0081_SEAICE_PS_N25km_20230226_v2.0.nc', '/ecs/DP4/PM/NSIDC-0081.002/2023.02.27/NSIDC0081_SEAICE_PS_N25km_20230227_v2.0.nc', '/ecs/DP4/PM/NSIDC-0081.002/2023.02.28/NSIDC0081_SEAICE_PS_N25km_20230228_v2.0.nc']"
North,2023,2,28,14.476,0,"['/ecs/DP4/PM/NSIDC-0081.002/2023.02.27/NSIDC0081_SEAICE_PS_N25km_20230227_v2.0.nc', '/ecs/DP4/PM/NSIDC-0081.002/2023.02.28/NSIDC0081_SEAICE_PS_N25km_20230228_v2.0.nc', '/ecs/DP4/PM/NSIDC-0081.002/2023.03.01/NSIDC0081_SEAICE_PS_N25km_20230301_v2.0.nc']"
North,2023,3,1,14.529,0,"['/ecs/DP4/PM/NSIDC-0081.002/2023.02.28/NSIDC0081_SEAICE_PS_N25km_20230228_v2.0.nc', '/ecs/DP4/PM/NSIDC-0081.002/2023.03.01/NSIDC0081_SEAICE_PS_N25km_20230301_v2.0.nc', '/ecs/DP4/PM/NSIDC-0081.002/2023.03.02/NSIDC0081_SEAICE_PS_N25km_20230302_v2.0.nc']"
North,2023,3,2,14.627,0,"['/ecs/DP4/PM/NSIDC-0081.002/2023.03.01/NSIDC0081_SEAICE_PS_N25km_20230301_v2.0.nc', '/ecs/DP4/PM/NSIDC-0081.002/2023.03.02/NSIDC0081_SEAICE_PS_N25km_20230302_v2.0.nc', '/ecs/DP4/PM/NSIDC-0081.002/2023.03.03/NSIDC0081_SEAICE_PS_N25km_20230303_v2.0.nc']"
North,2023,3,3,14.61,0,"['/ecs/DP4/PM/NSIDC-0081.002/2023.03.02/NSIDC0081_SEAICE_PS_N25km_20230302_v2.0.nc', '/ecs/DP4/PM/NSIDC-0081.002/2023.03.03/NSIDC0081_SEAICE_PS_N25km_20230303_v2.0.nc', '/ecs/DP4/PM/NSIDC-0081.002/2023.03.04/NSIDC0081_SEAICE_PS_N25km_20230304_v2.0.nc']"
North,2023,3,4,14.641,0,"['/ecs/DP4/PM/NSIDC-0081.002/2023.03.03/NSIDC0081_SEAICE_PS_N25km_20230303_v2.0.nc', '/ecs/DP4/PM/NSIDC-0081.002/2023.03.04/NSIDC0081_SEAICE_PS_N25km_20230304_v2.0.nc', '/ecs/DP4/PM/NSIDC-0081.002/2023.03.05/NSIDC0081_SEAICE_PS_N25km_20230305_v2.0.nc']"
North,2023,3,5,14.646,0,"['/ecs/DP4/PM/NSIDC-0081.002/2023.03.04/NSIDC0081_SEAICE_PS_N25km_20230304_v2.0.nc', '/ecs/DP4/PM/NSIDC-0081.002/2023.03.05/NSIDC0081_SEAICE_PS_N25km_20230305_v2.0.nc', '/ecs/DP4/PM/NSIDC-0081.002/2023.03.06/NSIDC0081_SEAICE_PS_N25km_20230306_v2.0.nc']"
North,2023,3,6,14.567,0,"['/ecs/DP4/PM/NSIDC-0081.002/2023.03.05/NSIDC0081_SEAICE_PS_N25km_20230305_v2.0.nc', '/ecs/DP4/PM/NSIDC-0081.002/2023.03.06/NSIDC0081_SEAICE_PS_N25km_20230306_v2.0.nc', '/ecs/DP4/PM/NSIDC-0081.002/2023.03.07/NSIDC0081_SEAICE_PS_N25km_20230307_v2.0.nc']"
North,2023,3,7,14.621,0,"['/ecs/DP4/PM/NSIDC-0081.002/2023.03.06/NSIDC0081_SEAICE_PS_N25km_20230306_v2.0.nc', '/ecs/DP4/PM/NSIDC-0081.002/2023.03.07/NSIDC0081_SEAICE_PS_N25km_20230307_v2.0.nc', '/ecs/DP4/PM/NSIDC-0081.002/2023.03.08/NSIDC0081_SEAICE_PS_N25km_20230308_v2.0.nc']"
North,2023,3,8,14.602,0,"['/ecs/DP4/PM/NSIDC-0081.002/2023.03.07/NSIDC0081_SEAICE_PS_N25km_20230307_v2.0.nc', '/ecs/DP4/PM/NSIDC-0081.002/2023.03.08/NSIDC0081_SEAICE_PS_N25km_20230308_v2.0.nc', '/ecs/DP4/PM/NSIDC-0081.002/2023.03.09/NSIDC0081_SEAICE_PS_N25km_20230309_v2.0.nc']"
North,2023,3,9,14.566,0,"['/ecs/DP4/PM/NSIDC-0081.002/2023.03.08/NSIDC0081_SEAICE_PS_N25km_20230308_v2.0.nc', '/ecs/DP4/PM/NSIDC-0081.002/2023.03.09/NSIDC0081_SEAICE_PS_N25km_20230309_v2.0.nc', '/ecs/DP4/PM/NSIDC-0081.002/2023.03.10/NSIDC0081_SEAICE_PS_N25km_20230310_v2.0.nc']"
North,2023,3,10,14.497,0,"['/ecs/DP4/PM/NSIDC-0081.002/2023.03.09/NSIDC0081_SEAICE_PS_N25km_20230309_v2.0.nc', '/ecs/DP4/PM/NSIDC-0081.002/2023.03.10/NSIDC0081_SEAICE_PS_N25km_20230310_v2.0.nc', '/ecs/DP4/PM/NSIDC-0081.002/2023.03.11/NSIDC0081_SEAICE_PS_N25km_20230311_v2.0.nc']"
North,2023,3,11,14.425,0,"['/ecs/DP4/PM/NSIDC-0081.002/2023.03.10/NSIDC0081_SEAICE_PS_N25km_20230310_v2.0.nc', '/ecs/DP4/PM/NSIDC-0081.002/2023.03.11/NSIDC0081_SEAICE_PS_N25km_20230311_v2.0.nc', '/ecs/DP4/PM/NSIDC-0081.002/2023.03.12/NSIDC0081_SEAICE_PS_N25km_20230312_v2.0.nc']"
North,2023,3,12,14.42,0,"['/ecs/DP4/PM/NSIDC-0081.002/2023.03.11/NSIDC0081_SEAICE_PS_N25km_20230311_v2.0.nc', '/ecs/DP4/PM/NSIDC-0081.002/2023.03.12/NSIDC0081_SEAICE_PS_N25km_20230312_v2.0.nc', '/ecs/DP4/PM/NSIDC-0081.002/2023.03.13/NSIDC0081_SEAICE_PS_N25km_20230313_v2.0.nc']"
North,2023,3,13,14.416,0,"['/ecs/DP4/PM/NSIDC-0081.002/2023.03.12/NSIDC0081_SEAICE_PS_N25km_20230312_v2.0.nc', '/ecs/DP4/PM/NSIDC-0081.002/2023.03.13/NSIDC0081_SEAICE_PS_N25km_20230313_v2.0.nc', '/ecs/DP4/PM/NSIDC-0081.002/2023.03.14/NSIDC0081_SEAICE_PS_N25km_20230314_v2.0.nc']"
North,2023,3,14,14.331,0,"['/ecs/DP4/PM/NSIDC-0081.002/2023.03.13/NSIDC0081_SEAICE_PS_N25km_20230313_v2.0.nc', '/ecs/DP4/PM/NSIDC-0081.002/2023.03.14/NSIDC0081_SEAICE_PS_N25km_20230314_v2.0.nc', '/ecs/DP4/PM/NSIDC-0081.002/2023.03.15/NSIDC0081_SEAICE_PS_N25km_20230315_v2.0.nc']"
North,2023,3,15,14.351,0,"['/ecs/DP4/PM/NSIDC-0081.002/2023.03.14/NSIDC0081_SEAICE_PS_N25km_20230314_v2.0.nc', '/ecs/DP4/PM/NSIDC-0081.002/2023.03.15/NSIDC0081_SEAICE_PS_N25km_20230315_v2.0.nc', '/ecs/DP4/PM/NSIDC-0081.002/2023.03.16/NSIDC0081_SEAICE_PS_N25km_20230316_v2.0.nc']"
North,2023,3,16,14.356,0,"['/ecs/DP4/PM/NSIDC-0081.002/2023.03.15/NSIDC0081_SEAICE_PS_N25km_20230315_v2.0.nc', '/ecs/DP4/PM/NSIDC-0081.002/2023.03.16/NSIDC0081_SEAICE_PS_N25km_20230316_v2.0.nc', '/ecs/DP4/PM/NSIDC-0081.002/2023.03.17/NSIDC0081_SEAICE_PS_N25km_20230317_v2.0.nc']"
North,2023,3,17,14.381,0,"['/ecs/DP4/PM/NSIDC-0081.002/2023.03.16/NSIDC0081_SEAICE_PS_N25km_20230316_v2.0.nc', '/ecs/DP4/PM/NSIDC-0081.002/2023.03.17/NSIDC0081_SEAICE_PS_N25km_20230317_v2.0.nc', '/ecs/DP4/PM/NSIDC-0081.002/2023.03.18/NSIDC0081_SEAICE_PS_N25km_20230318_v2.0.nc']"
North,2023,3,18,14.388,0,"['/ecs/DP4/PM/NSIDC-0081.002/2023.03.17/NSIDC0081_SEAICE_PS_N25km_20230317_v2.0.nc', '/ecs/DP4/PM/NSIDC-0081.002/2023.03.18/NSIDC0081_SEAICE_PS_N25km_20230318_v2.0.nc', '/ecs/DP4/PM/NSIDC-0081.002/2023.03.19/NSIDC0081_SEAICE_PS_N25km_20230319_v2.0.nc']"
North,2023,3,19,14.391,0,"['/ecs/DP4/PM/NSIDC-0081.002/2023.03.18/NSIDC0081_SEAICE_PS_N25km_20230318_v2.0.nc', '/ecs/DP4/PM/NSIDC-0081.002/2023.03.19/NSIDC0081_SEAICE_PS_N25km_20230319_v2.0.nc', '/ecs/DP4/PM/NSIDC-0081.002/2023.03.20/NSIDC0081_SEAICE_PS_N25km_20230320_v2.0.nc']"
North,2023,3,20,14.468,0,"['/ecs/DP4/PM/NSIDC-0081.002/2023.03.19/NSIDC0081_SEAICE_PS_N25km_20230319_v2.0.nc', '/ecs/DP4/PM/NSIDC-0081.002/2023.03.20/NSIDC0081_SEAICE_PS_N25km_20230320_v2.0.nc', '/ecs/DP4/PM/NSIDC-0081.002/2023.03.21/NSIDC0081_SEAICE_PS_N25km_20230321_v2.0.nc']"
North,2023,3,21,14.34,0,"['/ecs/DP4/PM/NSIDC-0081.002/2023.03.20/NSIDC0081_SEAICE_PS_N25km_20230320_v2.0.nc', '/ecs/DP4/PM/NSIDC-0081.002/2023.03.21/NSIDC0081_SEAICE_PS_N25km_20230321_v2.0.nc', '/ecs/DP4/PM/NSIDC-0081.002/2023.03.22/NSIDC0081_SEAICE_PS_N25km_20230322_v2.0.nc']"
North,2023,3,22,14.336,0,"['/ecs/DP4/PM/NSIDC-0081.002/2023.03.21/NSIDC0081_SEAICE_PS_N25km_20230321_v2.0.nc', '/ecs/DP4/PM/NSIDC-0081.002/2023.03.22/NSIDC0081_SEAICE_PS_N25km_20230322_v2.0.nc', '/ecs/DP4/PM/NSIDC-0081.002/2023.03.23/NSIDC0081_SEAICE_PS_N25km_20230323_v2.0.nc']"
North,2023,3,23,14.402,0,"['/ecs/DP4/PM/NSIDC-0081.002/2023.03.22/NSIDC0081_SEAICE_PS_N25km_20230322_v2.0.nc', '/ecs/DP4/PM/NSIDC-0081.002/2023.03.23/NSIDC0081_SEAICE_PS_N25km_20230323_v2.0.nc', '/ecs/DP4/PM/NSIDC-0081.002/2023.03.24/NSIDC0081_SEAICE_PS_N25km_20230324_v2.0.nc']"
North,2023,3,24,14.477,0,"['/ecs/DP4/PM/NSIDC-0081.002/2023.03.23/NSIDC0081_SEAICE_PS_N25km_20230323_v2.0.nc', '/ecs/DP4/PM/NSIDC-0081.002/2023.03.24/NSIDC0081_SEAICE_PS_N25km_20230324_v2.0.nc', '/ecs/DP4/PM/NSIDC-0081.002/2023.03.25/NSIDC0081_SEAICE_PS_N25km_20230325_v2.0.nc']"
North,2023,3,25,14.398,0,"['/ecs/DP4/PM/NSIDC-0081.002/2023.03.24/NSIDC0081_SEAICE_PS_N25km_20230324_v2.0.nc', '/ecs/DP4/PM/NSIDC-0081.002/2023.03.25/NSIDC0081_SEAICE_PS_N25km_20230325_v2.0.nc', '/ecs/DP4/PM/NSIDC-0081.002/2023.03.26/NSIDC0081_SEAICE_PS_N25km_20230326_v2.0.nc']"
North,2023,3,26,14.393,0,"['/ecs/DP4/PM/NSIDC-0081.002/2023.03.25/NSIDC0081_SEAICE_PS_N25km_20230325_v2.0.nc', '/ecs/DP4/PM/NSIDC-0081.002/2023.03.26/NSIDC0081_SEAICE_PS_N25km_20230326_v2.0.nc', '/ecs/DP4/PM/NSIDC-0081.002/2023.03.27/NSIDC0081_SEAICE_PS_N25km_20230327_v2.0.nc']"
North,2023,3,27,14.357,0,"['/ecs/DP4/PM/NSIDC-0081.002/2023.03.26/NSIDC0081_SEAICE_PS_N25km_20230326_v2.0.nc', '/ecs/DP4/PM/NSIDC-0081.002/2023.03.27/NSIDC0081_SEAICE_PS_N25km_20230327_v2.0.nc', '/ecs/DP4/PM/NSIDC-0081.002/2023.03.28/NSIDC0081_SEAICE_PS_N25km_20230328_v2.0.nc']"
North,2023,3,28,14.33,0,"['/ecs/DP4/PM/NSIDC-0081.002/2023.03.27/NSIDC0081_SEAICE_PS_N25km_20230327_v2.0.nc', '/ecs/DP4/PM/NSIDC-0081.002/2023.03.28/NSIDC0081_SEAICE_PS_N25km_20230328_v2.0.nc', '/ecs/DP4/PM/NSIDC-0081.002/2023.03.29/NSIDC0081_SEAICE_PS_N25km_20230329_v2.0.nc']"
North,2023,3,29,14.244,0,"['/ecs/DP4/PM/NSIDC-0081.002/2023.03.28/NSIDC0081_SEAICE_PS_N25km_20230328_v2.0.nc', '/ecs/DP4/PM/NSIDC-0081.002/2023.03.29/NSIDC0081_SEAICE_PS_N25km_20230329_v2.0.nc', '/ecs/DP4/PM/NSIDC-0081.002/2023.03.30/NSIDC0081_SEAICE_PS_N25km_20230330_v2.0.nc']"
North,2023,3,30,14.284,0,"['/ecs/DP4/PM/NSIDC-0081.002/2023.03.29/NSIDC0081_SEAICE_PS_N25km_20230329_v2.0.nc', '/ecs/DP4/PM/NSIDC-0081.002/2023.03.30/NSIDC0081_SEAICE_PS_N25km_20230330_v2.0.nc', '/ecs/DP4/PM/NSIDC-0081.002/2023.03.31/NSIDC0081_SEAICE_PS_N25km_20230331_v2.0.nc']"
North,2023,3,31,14.244,0,"['/ecs/DP4/PM/NSIDC-0081.002/2023.03.30/NSIDC0081_SEAICE_PS_N25km_20230330_v2.0.nc', '/ecs/DP4/PM/NSIDC-0081.002/2023.03.31/NSIDC0081_SEAICE_PS_N25km_20230331_v2.0.nc', '/ecs/DP4/PM/NSIDC-0081.002/2023.04.01/NSIDC0081_SEAICE_PS_N25km_20230401_v2.0.nc']"
North,2023,4,1,14.177,0,"['/ecs/DP4/PM/NSIDC-0081.002/2023.03.31/NSIDC0081_SEAICE_PS_N25km_20230331_v2.0.nc', '/ecs/DP4/PM/NSIDC-0081.002/2023.04.01/NSIDC0081_SEAICE_PS_N25km_20230401_v2.0.nc', '/ecs/DP4/PM/NSIDC-0081.002/2023.04.02/NSIDC0081_SEAICE_PS_N25km_20230402_v2.0.nc']"
North,2023,4,2,14.148,0,"['/ecs/DP4/PM/NSIDC-0081.002/2023.04.01/NSIDC0081_SEAICE_PS_N25km_20230401_v2.0.nc', '/ecs/DP4/PM/NSIDC-0081.002/2023.04.02/NSIDC0081_SEAICE_PS_N25km_20230402_v2.0.nc', '/ecs/DP4/PM/NSIDC-0081.002/2023.04.03/NSIDC0081_SEAICE_PS_N25km_20230403_v2.0.nc']"
North,2023,4,3,14.207,0,"['/ecs/DP4/PM/NSIDC-0081.002/2023.04.02/NSIDC0081_SEAICE_PS_N25km_20230402_v2.0.nc', '/ecs/DP4/PM/NSIDC-0081.002/2023.04.03/NSIDC0081_SEAICE_PS_N25km_20230403_v2.0.nc', '/ecs/DP4/PM/NSIDC-0081.002/2023.04.04/NSIDC0081_SEAICE_PS_N25km_20230404_v2.0.nc']"
North,2023,4,4,14.172,0,"['/ecs/DP4/PM/NSIDC-0081.002/2023.04.03/NSIDC0081_SEAICE_PS_N25km_20230403_v2.0.nc', '/ecs/DP4/PM/NSIDC-0081.002/2023.04.04/NSIDC0081_SEAICE_PS_N25km_20230404_v2.0.nc', '/ecs/DP4/PM/NSIDC-0081.002/2023.04.05/NSIDC0081_SEAICE_PS_N25km_20230405_v2.0.nc']"
North,2023,4,5,14.104,0,"['/ecs/DP4/PM/NSIDC-0081.002/2023.04.04/NSIDC0081_SEAICE_PS_N25km_20230404_v2.0.nc', '/ecs/DP4/PM/NSIDC-0081.002/2023.04.05/NSIDC0081_SEAICE_PS_N25km_20230405_v2.0.nc', '/ecs/DP4/PM/NSIDC-0081.002/2023.04.06/NSIDC0081_SEAICE_PS_N25km_20230406_v2.0.nc']"
North,2023,4,6,14.053,0,"['/ecs/DP4/PM/NSIDC-0081.002/2023.04.05/NSIDC0081_SEAICE_PS_N25km_20230405_v2.0.nc', '/ecs/DP4/PM/NSIDC-0081.002/2023.04.06/NSIDC0081_SEAICE_PS_N25km_20230406_v2.0.nc', '/ecs/DP4/PM/NSIDC-0081.002/2023.04.07/NSIDC0081_SEAICE_PS_N25km_20230407_v2.0.nc']"
North,2023,4,7,14.151,0,"['/ecs/DP4/PM/NSIDC-0081.002/2023.04.06/NSIDC0081_SEAICE_PS_N25km_20230406_v2.0.nc', '/ecs/DP4/PM/NSIDC-0081.002/2023.04.07/NSIDC0081_SEAICE_PS_N25km_20230407_v2.0.nc', '/ecs/DP4/PM/NSIDC-0081.002/2023.04.08/NSIDC0081_SEAICE_PS_N25km_20230408_v2.0.nc']"
North,2023,4,8,14.119,0,"['/ecs/DP4/PM/NSIDC-0081.002/2023.04.07/NSIDC0081_SEAICE_PS_N25km_20230407_v2.0.nc', '/ecs/DP4/PM/NSIDC-0081.002/2023.04.08/NSIDC0081_SEAICE_PS_N25km_20230408_v2.0.nc', '/ecs/DP4/PM/NSIDC-0081.002/2023.04.09/NSIDC0081_SEAICE_PS_N25km_20230409_v2.0.nc']"
North,2023,4,9,14.143,0,"['/ecs/DP4/PM/NSIDC-0081.002/2023.04.08/NSIDC0081_SEAICE_PS_N25km_20230408_v2.0.nc', '/ecs/DP4/PM/NSIDC-0081.002/2023.04.09/NSIDC0081_SEAICE_PS_N25km_20230409_v2.0.nc', '/ecs/DP4/PM/NSIDC-0081.002/2023.04.10/NSIDC0081_SEAICE_PS_N25km_20230410_v2.0.nc']"
North,2023,4,10,14.199,0,"['/ecs/DP4/PM/NSIDC-0081.002/2023.04.09/NSIDC0081_SEAICE_PS_N25km_20230409_v2.0.nc', '/ecs/DP4/PM/NSIDC-0081.002/2023.04.10/NSIDC0081_SEAICE_PS_N25km_20230410_v2.0.nc', '/ecs/DP4/PM/NSIDC-0081.002/2023.04.11/NSIDC0081_SEAICE_PS_N25km_20230411_v2.0.nc']"
North,2023,4,11,14.181,0,"['/ecs/DP4/PM/NSIDC-0081.002/2023.04.10/NSIDC0081_SEAICE_PS_N25km_20230410_v2.0.nc', '/ecs/DP4/PM/NSIDC-0081.002/2023.04.11/NSIDC0081_SEAICE_PS_N25km_20230411_v2.0.nc', '/ecs/DP4/PM/NSIDC-0081.002/2023.04.12/NSIDC0081_SEAICE_PS_N25km_20230412_v2.0.nc']"
North,2023,4,12,14.124,0,"['/ecs/DP4/PM/NSIDC-0081.002/2023.04.11/NSIDC0081_SEAICE_PS_N25km_20230411_v2.0.nc', '/ecs/DP4/PM/NSIDC-0081.002/2023.04.12/NSIDC0081_SEAICE_PS_N25km_20230412_v2.0.nc', '/ecs/DP4/PM/NSIDC-0081.002/2023.04.13/NSIDC0081_SEAICE_PS_N25km_20230413_v2.0.nc']"
North,2023,4,13,14.077,0,"['/ecs/DP4/PM/NSIDC-0081.002/2023.04.12/NSIDC0081_SEAICE_PS_N25km_20230412_v2.0.nc', '/ecs/DP4/PM/NSIDC-0081.002/2023.04.13/NSIDC0081_SEAICE_PS_N25km_20230413_v2.0.nc', '/ecs/DP4/PM/NSIDC-0081.002/2023.04.14/NSIDC0081_SEAICE_PS_N25km_20230414_v2.0.nc']"
North,2023,4,14,14.043,0,"['/ecs/DP4/PM/NSIDC-0081.002/2023.04.13/NSIDC0081_SEAICE_PS_N25km_20230413_v2.0.nc', '/ecs/DP4/PM/NSIDC-0081.002/2023.04.14/NSIDC0081_SEAICE_PS_N25km_20230414_v2.0.nc', '/ecs/DP4/PM/NSIDC-0081.002/2023.04.15/NSIDC0081_SEAICE_PS_N25km_20230415_v2.0.nc']"
North,2023,4,15,14.074,0,"['/ecs/DP4/PM/NSIDC-0081.002/2023.04.14/NSIDC0081_SEAICE_PS_N25km_20230414_v2.0.nc', '/ecs/DP4/PM/NSIDC-0081.002/2023.04.15/NSIDC0081_SEAICE_PS_N25km_20230415_v2.0.nc', '/ecs/DP4/PM/NSIDC-0081.002/2023.04.16/NSIDC0081_SEAICE_PS_N25km_20230416_v2.0.nc']"
North,2023,4,16,14.127,0,"['/ecs/DP4/PM/NSIDC-0081.002/2023.04.15/NSIDC0081_SEAICE_PS_N25km_20230415_v2.0.nc', '/ecs/DP4/PM/NSIDC-0081.002/2023.04.16/NSIDC0081_SEAICE_PS_N25km_20230416_v2.0.nc', '/ecs/DP4/PM/NSIDC-0081.002/2023.04.17/NSIDC0081_SEAICE_PS_N25km_20230417_v2.0.nc']"
North,2023,4,17,14.031,0,"['/ecs/DP4/PM/NSIDC-0081.002/2023.04.16/NSIDC0081_SEAICE_PS_N25km_20230416_v2.0.nc', '/ecs/DP4/PM/NSIDC-0081.002/2023.04.17/NSIDC0081_SEAICE_PS_N25km_20230417_v2.0.nc', '/ecs/DP4/PM/NSIDC-0081.002/2023.04.18/NSIDC0081_SEAICE_PS_N25km_20230418_v2.0.nc']"
North,2023,4,18,14.053,0,"['/ecs/DP4/PM/NSIDC-0081.002/2023.04.17/NSIDC0081_SEAICE_PS_N25km_20230417_v2.0.nc', '/ecs/DP4/PM/NSIDC-0081.002/2023.04.18/NSIDC0081_SEAICE_PS_N25km_20230418_v2.0.nc', '/ecs/DP4/PM/NSIDC-0081.002/2023.04.19/NSIDC0081_SEAICE_PS_N25km_20230419_v2.0.nc']"
North,2023,4,19,14.015,0,"['/ecs/DP4/PM/NSIDC-0081.002/2023.04.18/NSIDC0081_SEAICE_PS_N25km_20230418_v2.0.nc', '/ecs/DP4/PM/NSIDC-0081.002/2023.04.19/NSIDC0081_SEAICE_PS_N25km_20230419_v2.0.nc', '/ecs/DP4/PM/NSIDC-0081.002/2023.04.20/NSIDC0081_SEAICE_PS_N25km_20230420_v2.0.nc']"
North,2023,4,20,14.011,0,"['/ecs/DP4/PM/NSIDC-0081.002/2023.04.19/NSIDC0081_SEAICE_PS_N25km_20230419_v2.0.nc', '/ecs/DP4/PM/NSIDC-0081.002/2023.04.20/NSIDC0081_SEAICE_PS_N25km_20230420_v2.0.nc', '/ecs/DP4/PM/NSIDC-0081.002/2023.04.21/NSIDC0081_SEAICE_PS_N25km_20230421_v2.0.nc']"
North,2023,4,21,13.906,0,"['/ecs/DP4/PM/NSIDC-0081.002/2023.04.20/NSIDC0081_SEAICE_PS_N25km_20230420_v2.0.nc', '/ecs/DP4/PM/NSIDC-0081.002/2023.04.21/NSIDC0081_SEAICE_PS_N25km_20230421_v2.0.nc', '/ecs/DP4/PM/NSIDC-0081.002/2023.04.22/NSIDC0081_SEAICE_PS_N25km_20230422_v2.0.nc']"
North,2023,4,22,13.892,0,"['/ecs/DP4/PM/NSIDC-0081.002/2023.04.21/NSIDC0081_SEAICE_PS_N25km_20230421_v2.0.nc', '/ecs/DP4/PM/NSIDC-0081.002/2023.04.22/NSIDC0081_SEAICE_PS_N25km_20230422_v2.0.nc', '/ecs/DP4/PM/NSIDC-0081.002/2023.04.23/NSIDC0081_SEAICE_PS_N25km_20230423_v2.0.nc']"
North,2023,4,23,13.896,0,"['/ecs/DP4/PM/NSIDC-0081.002/2023.04.22/NSIDC0081_SEAICE_PS_N25km_20230422_v2.0.nc', '/ecs/DP4/PM/NSIDC-0081.002/2023.04.23/NSIDC0081_SEAICE_PS_N25km_20230423_v2.0.nc', '/ecs/DP4/PM/NSIDC-0081.002/2023.04.24/NSIDC0081_SEAICE_PS_N25km_20230424_v2.0.nc']"
North,2023,4,24,13.853,0,"['/ecs/DP4/PM/NSIDC-0081.002/2023.04.23/NSIDC0081_SEAICE_PS_N25km_20230423_v2.0.nc', '/ecs/DP4/PM/NSIDC-0081.002/2023.04.24/NSIDC0081_SEAICE_PS_N25km_20230424_v2.0.nc', '/ecs/DP4/PM/NSIDC-0081.002/2023.04.25/NSIDC0081_SEAICE_PS_N25km_20230425_v2.0.nc']"
North,2023,4,25,13.814,0,"['/ecs/DP4/PM/NSIDC-0081.002/2023.04.24/NSIDC0081_SEAICE_PS_N25km_20230424_v2.0.nc', '/ecs/DP4/PM/NSIDC-0081.002/2023.04.25/NSIDC0081_SEAICE_PS_N25km_20230425_v2.0.nc', '/ecs/DP4/PM/NSIDC-0081.002/2023.04.26/NSIDC0081_SEAICE_PS_N25km_20230426_v2.0.nc']"
North,2023,4,26,13.744,0,"['/ecs/DP4/PM/NSIDC-0081.002/2023.04.25/NSIDC0081_SEAICE_PS_N25km_20230425_v2.0.nc', '/ecs/DP4/PM/NSIDC-0081.002/2023.04.26/NSIDC0081_SEAICE_PS_N25km_20230426_v2.0.nc', '/ecs/DP4/PM/NSIDC-0081.002/2023.04.27/NSIDC0081_SEAICE_PS_N25km_20230427_v2.0.nc']"
North,2023,4,27,13.69,0,"['/ecs/DP4/PM/NSIDC-0081.002/2023.04.26/NSIDC0081_SEAICE_PS_N25km_20230426_v2.0.nc', '/ecs/DP4/PM/NSIDC-0081.002/2023.04.27/NSIDC0081_SEAICE_PS_N25km_20230427_v2.0.nc', '/ecs/DP4/PM/NSIDC-0081.002/2023.04.28/NSIDC0081_SEAICE_PS_N25km_20230428_v2.0.nc']"
North,2023,4,28,13.595,0,"['/ecs/DP4/PM/NSIDC-0081.002/2023.04.27/NSIDC0081_SEAICE_PS_N25km_20230427_v2.0.nc', '/ecs/DP4/PM/NSIDC-0081.002/2023.04.28/NSIDC0081_SEAICE_PS_N25km_20230428_v2.0.nc', '/ecs/DP4/PM/NSIDC-0081.002/2023.04.29/NSIDC0081_SEAICE_PS_N25km_20230429_v2.0.nc']"
North,2023,4,29,13.568,0,"['/ecs/DP4/PM/NSIDC-0081.002/2023.04.28/NSIDC0081_SEAICE_PS_N25km_20230428_v2.0.nc', '/ecs/DP4/PM/NSIDC-0081.002/2023.04.29/NSIDC0081_SEAICE_PS_N25km_20230429_v2.0.nc', '/ecs/DP4/PM/NSIDC-0081.002/2023.04.30/NSIDC0081_SEAICE_PS_N25km_20230430_v2.0.nc']"
North,2023,4,30,13.587,0,"['/ecs/DP4/PM/NSIDC-0081.002/2023.04.29/NSIDC0081_SEAICE_PS_N25km_20230429_v2.0.nc', '/ecs/DP4/PM/NSIDC-0081.002/2023.04.30/NSIDC0081_SEAICE_PS_N25km_20230430_v2.0.nc', '/ecs/DP4/PM/NSIDC-0081.002/2023.05.01/NSIDC0081_SEAICE_PS_N25km_20230501_v2.0.nc']"
North,2023,5,1,13.388,0,"['/ecs/DP4/PM/NSIDC-0081.002/2023.04.30/NSIDC0081_SEAICE_PS_N25km_20230430_v2.0.nc', '/ecs/DP4/PM/NSIDC-0081.002/2023.05.01/NSIDC0081_SEAICE_PS_N25km_20230501_v2.0.nc', '/ecs/DP4/PM/NSIDC-0081.002/2023.05.02/NSIDC0081_SEAICE_PS_N25km_20230502_v2.0.nc']"
North,2023,5,2,13.434,0,"['/ecs/DP4/PM/NSIDC-0081.002/2023.05.01/NSIDC0081_SEAICE_PS_N25km_20230501_v2.0.nc', '/ecs/DP4/PM/NSIDC-0081.002/2023.05.02/NSIDC0081_SEAICE_PS_N25km_20230502_v2.0.nc', '/ecs/DP4/PM/NSIDC-0081.002/2023.05.03/NSIDC0081_SEAICE_PS_N25km_20230503_v2.0.nc']"
North,2023,5,3,13.44,0,"['/ecs/DP4/PM/NSIDC-0081.002/2023.05.02/NSIDC0081_SEAICE_PS_N25km_20230502_v2.0.nc', '/ecs/DP4/PM/NSIDC-0081.002/2023.05.03/NSIDC0081_SEAICE_PS_N25km_20230503_v2.0.nc', '/ecs/DP4/PM/NSIDC-0081.002/2023.05.04/NSIDC0081_SEAICE_PS_N25km_20230504_v2.0.nc']"
North,2023,5,4,13.414,0,"['/ecs/DP4/PM/NSIDC-0081.002/2023.05.03/NSIDC0081_SEAICE_PS_N25km_20230503_v2.0.nc', '/ecs/DP4/PM/NSIDC-0081.002/2023.05.04/NSIDC0081_SEAICE_PS_N25km_20230504_v2.0.nc', '/ecs/DP4/PM/NSIDC-0081.002/2023.05.05/NSIDC0081_SEAICE_PS_N25km_20230505_v2.0.nc']"
North,2023,5,5,13.328,0,"['/ecs/DP4/PM/NSIDC-0081.002/2023.05.04/NSIDC0081_SEAICE_PS_N25km_20230504_v2.0.nc', '/ecs/DP4/PM/NSIDC-0081.002/2023.05.05/NSIDC0081_SEAICE_PS_N25km_20230505_v2.0.nc', '/ecs/DP4/PM/NSIDC-0081.002/2023.05.06/NSIDC0081_SEAICE_PS_N25km_20230506_v2.0.nc']"
North,2023,5,6,13.28,0,"['/ecs/DP4/PM/NSIDC-0081.002/2023.05.05/NSIDC0081_SEAICE_PS_N25km_20230505_v2.0.nc', '/ecs/DP4/PM/NSIDC-0081.002/2023.05.06/NSIDC0081_SEAICE_PS_N25km_20230506_v2.0.nc', '/ecs/DP4/PM/NSIDC-0081.002/2023.05.07/NSIDC0081_SEAICE_PS_N25km_20230507_v2.0.nc']"
North,2023,5,7,13.219,0,"['/ecs/DP4/PM/NSIDC-0081.002/2023.05.06/NSIDC0081_SEAICE_PS_N25km_20230506_v2.0.nc', '/ecs/DP4/PM/NSIDC-0081.002/2023.05.07/NSIDC0081_SEAICE_PS_N25km_20230507_v2.0.nc', '/ecs/DP4/PM/NSIDC-0081.002/2023.05.08/NSIDC0081_SEAICE_PS_N25km_20230508_v2.0.nc']"
North,2023,5,8,13.209,0,"['/ecs/DP4/PM/NSIDC-0081.002/2023.05.07/NSIDC0081_SEAICE_PS_N25km_20230507_v2.0.nc', '/ecs/DP4/PM/NSIDC-0081.002/2023.05.08/NSIDC0081_SEAICE_PS_N25km_20230508_v2.0.nc', '/ecs/DP4/PM/NSIDC-0081.002/2023.05.09/NSIDC0081_SEAICE_PS_N25km_20230509_v2.0.nc']"
North,2023,5,9,13.16,0,"['/ecs/DP4/PM/NSIDC-0081.002/2023.05.08/NSIDC0081_SEAICE_PS_N25km_20230508_v2.0.nc', '/ecs/DP4/PM/NSIDC-0081.002/2023.05.09/NSIDC0081_SEAICE_PS_N25km_20230509_v2.0.nc', '/ecs/DP4/PM/NSIDC-0081.002/2023.05.10/NSIDC0081_SEAICE_PS_N25km_20230510_v2.0.nc']"
North,2023,5,10,13.109,0,"['/ecs/DP4/PM/NSIDC-0081.002/2023.05.09/NSIDC0081_SEAICE_PS_N25km_20230509_v2.0.nc', '/ecs/DP4/PM/NSIDC-0081.002/2023.05.10/NSIDC0081_SEAICE_PS_N25km_20230510_v2.0.nc', '/ecs/DP4/PM/NSIDC-0081.002/2023.05.11/NSIDC0081_SEAICE_PS_N25km_20230511_v2.0.nc']"
North,2023,5,11,13.058,0,"['/ecs/DP4/PM/NSIDC-0081.002/2023.05.10/NSIDC0081_SEAICE_PS_N25km_20230510_v2.0.nc', '/ecs/DP4/PM/NSIDC-0081.002/2023.05.11/NSIDC0081_SEAICE_PS_N25km_20230511_v2.0.nc', '/ecs/DP4/PM/NSIDC-0081.002/2023.05.12/NSIDC0081_SEAICE_PS_N25km_20230512_v2.0.nc']"
North,2023,5,12,12.971,0,"['/ecs/DP4/PM/NSIDC-0081.002/2023.05.11/NSIDC0081_SEAICE_PS_N25km_20230511_v2.0.nc', '/ecs/DP4/PM/NSIDC-0081.002/2023.05.12/NSIDC0081_SEAICE_PS_N25km_20230512_v2.0.nc', '/ecs/DP4/PM/NSIDC-0081.002/2023.05.13/NSIDC0081_SEAICE_PS_N25km_20230513_v2.0.nc']"
North,2023,5,13,13.031,0,"['/ecs/DP4/PM/NSIDC-0081.002/2023.05.12/NSIDC0081_SEAICE_PS_N25km_20230512_v2.0.nc', '/ecs/DP4/PM/NSIDC-0081.002/2023.05.13/NSIDC0081_SEAICE_PS_N25km_20230513_v2.0.nc', '/ecs/DP4/PM/NSIDC-0081.002/2023.05.14/NSIDC0081_SEAICE_PS_N25km_20230514_v2.0.nc']"
North,2023,5,14,13.029,0,"['/ecs/DP4/PM/NSIDC-0081.002/2023.05.13/NSIDC0081_SEAICE_PS_N25km_20230513_v2.0.nc', '/ecs/DP4/PM/NSIDC-0081.002/2023.05.14/NSIDC0081_SEAICE_PS_N25km_20230514_v2.0.nc', '/ecs/DP4/PM/NSIDC-0081.002/2023.05.15/NSIDC0081_SEAICE_PS_N25km_20230515_v2.0.nc']"
North,2023,5,15,12.944,0,"['/ecs/DP4/PM/NSIDC-0081.002/2023.05.14/NSIDC0081_SEAICE_PS_N25km_20230514_v2.0.nc', '/ecs/DP4/PM/NSIDC-0081.002/2023.05.15/NSIDC0081_SEAICE_PS_N25km_20230515_v2.0.nc', '/ecs/DP4/PM/NSIDC-0081.002/2023.05.16/NSIDC0081_SEAICE_PS_N25km_20230516_v2.0.nc']"
North,2023,5,16,12.937,0,"['/ecs/DP4/PM/NSIDC-0081.002/2023.05.15/NSIDC0081_SEAICE_PS_N25km_20230515_v2.0.nc', '/ecs/DP4/PM/NSIDC-0081.002/2023.05.16/NSIDC0081_SEAICE_PS_N25km_20230516_v2.0.nc', '/ecs/DP4/PM/NSIDC-0081.002/2023.05.17/NSIDC0081_SEAICE_PS_N25km_20230517_v2.0.nc']"
North,2023,5,17,12.822,0,"['/ecs/DP4/PM/NSIDC-0081.002/2023.05.16/NSIDC0081_SEAICE_PS_N25km_20230516_v2.0.nc', '/ecs/DP4/PM/NSIDC-0081.002/2023.05.17/NSIDC0081_SEAICE_PS_N25km_20230517_v2.0.nc', '/ecs/DP4/PM/NSIDC-0081.002/2023.05.18/NSIDC0081_SEAICE_PS_N25km_20230518_v2.0.nc']"
North,2023,5,18,12.787,0,"['/ecs/DP4/PM/NSIDC-0081.002/2023.05.17/NSIDC0081_SEAICE_PS_N25km_20230517_v2.0.nc', '/ecs/DP4/PM/NSIDC-0081.002/2023.05.18/NSIDC0081_SEAICE_PS_N25km_20230518_v2.0.nc', '/ecs/DP4/PM/NSIDC-0081.002/2023.05.19/NSIDC0081_SEAICE_PS_N25km_20230519_v2.0.nc']"
North,2023,5,19,12.79,0,"['/ecs/DP4/PM/NSIDC-0081.002/2023.05.18/NSIDC0081_SEAICE_PS_N25km_20230518_v2.0.nc', '/ecs/DP4/PM/NSIDC-0081.002/2023.05.19/NSIDC0081_SEAICE_PS_N25km_20230519_v2.0.nc', '/ecs/DP4/PM/NSIDC-0081.002/2023.05.20/NSIDC0081_SEAICE_PS_N25km_20230520_v2.0.nc']"
North,2023,5,20,12.724,0,"['/ecs/DP4/PM/NSIDC-0081.002/2023.05.19/NSIDC0081_SEAICE_PS_N25km_20230519_v2.0.nc', '/ecs/DP4/PM/NSIDC-0081.002/2023.05.20/NSIDC0081_SEAICE_PS_N25km_20230520_v2.0.nc', '/ecs/DP4/PM/NSIDC-0081.002/2023.05.21/NSIDC0081_SEAICE_PS_N25km_20230521_v2.0.nc']"
North,2023,5,21,12.653,0,"['/ecs/DP4/PM/NSIDC-0081.002/2023.05.20/NSIDC0081_SEAICE_PS_N25km_20230520_v2.0.nc', '/ecs/DP4/PM/NSIDC-0081.002/2023.05.21/NSIDC0081_SEAICE_PS_N25km_20230521_v2.0.nc', '/ecs/DP4/PM/NSIDC-0081.002/2023.05.22/NSIDC0081_SEAICE_PS_N25km_20230522_v2.0.nc']"
North,2023,5,22,12.598,0,"['/ecs/DP4/PM/NSIDC-0081.002/2023.05.21/NSIDC0081_SEAICE_PS_N25km_20230521_v2.0.nc', '/ecs/DP4/PM/NSIDC-0081.002/2023.05.22/NSIDC0081_SEAICE_PS_N25km_20230522_v2.0.nc', '/ecs/DP4/PM/NSIDC-0081.002/2023.05.23/NSIDC0081_SEAICE_PS_N25km_20230523_v2.0.nc']"
North,2023,5,23,12.532,0,"['/ecs/DP4/PM/NSIDC-0081.002/2023.05.22/NSIDC0081_SEAICE_PS_N25km_20230522_v2.0.nc', '/ecs/DP4/PM/NSIDC-0081.002/2023.05.23/NSIDC0081_SEAICE_PS_N25km_20230523_v2.0.nc', '/ecs/DP4/PM/NSIDC-0081.002/2023.05.24/NSIDC0081_SEAICE_PS_N25km_20230524_v2.0.nc']"
North,2023,5,24,12.51,0,"['/ecs/DP4/PM/NSIDC-0081.002/2023.05.23/NSIDC0081_SEAICE_PS_N25km_20230523_v2.0.nc', '/ecs/DP4/PM/NSIDC-0081.002/2023.05.24/NSIDC0081_SEAICE_PS_N25km_20230524_v2.0.nc', '/ecs/DP4/PM/NSIDC-0081.002/2023.05.25/NSIDC0081_SEAICE_PS_N25km_20230525_v2.0.nc']"
North,2023,5,25,12.399,0,"['/ecs/DP4/PM/NSIDC-0081.002/2023.05.24/NSIDC0081_SEAICE_PS_N25km_20230524_v2.0.nc', '/ecs/DP4/PM/NSIDC-0081.002/2023.05.25/NSIDC0081_SEAICE_PS_N25km_20230525_v2.0.nc', '/ecs/DP4/PM/NSIDC-0081.002/2023.05.26/NSIDC0081_SEAICE_PS_N25km_20230526_v2.0.nc']"
North,2023,5,26,12.361,0,"['/ecs/DP4/PM/NSIDC-0081.002/2023.05.25/NSIDC0081_SEAICE_PS_N25km_20230525_v2.0.nc', '/ecs/DP4/PM/NSIDC-0081.002/2023.05.26/NSIDC0081_SEAICE_PS_N25km_20230526_v2.0.nc', '/ecs/DP4/PM/NSIDC-0081.002/2023.05.27/NSIDC0081_SEAICE_PS_N25km_20230527_v2.0.nc']"
North,2023,5,27,12.232,0,"['/ecs/DP4/PM/NSIDC-0081.002/2023.05.26/NSIDC0081_SEAICE_PS_N25km_20230526_v2.0.nc', '/ecs/DP4/PM/NSIDC-0081.002/2023.05.27/NSIDC0081_SEAICE_PS_N25km_20230527_v2.0.nc', '/ecs/DP4/PM/NSIDC-0081.002/2023.05.28/NSIDC0081_SEAICE_PS_N25km_20230528_v2.0.nc']"
North,2023,5,28,12.183,0,"['/ecs/DP4/PM/NSIDC-0081.002/2023.05.27/NSIDC0081_SEAICE_PS_N25km_20230527_v2.0.nc', '/ecs/DP4/PM/NSIDC-0081.002/2023.05.28/NSIDC0081_SEAICE_PS_N25km_20230528_v2.0.nc', '/ecs/DP4/PM/NSIDC-0081.002/2023.05.29/NSIDC0081_SEAICE_PS_N25km_20230529_v2.0.nc']"
North,2023,5,29,12.144,0,"['/ecs/DP4/PM/NSIDC-0081.002/2023.05.28/NSIDC0081_SEAICE_PS_N25km_20230528_v2.0.nc', '/ecs/DP4/PM/NSIDC-0081.002/2023.05.29/NSIDC0081_SEAICE_PS_N25km_20230529_v2.0.nc', '/ecs/DP4/PM/NSIDC-0081.002/2023.05.30/NSIDC0081_SEAICE_PS_N25km_20230530_v2.0.nc']"
North,2023,5,30,12.109,0,"['/ecs/DP4/PM/NSIDC-0081.002/2023.05.29/NSIDC0081_SEAICE_PS_N25km_20230529_v2.0.nc', '/ecs/DP4/PM/NSIDC-0081.002/2023.05.30/NSIDC0081_SEAICE_PS_N25km_20230530_v2.0.nc', '/ecs/DP4/PM/NSIDC-0081.002/2023.05.31/NSIDC0081_SEAICE_PS_N25km_20230531_v2.0.nc']"
North,2023,5,31,12.088,0,"['/ecs/DP4/PM/NSIDC-0081.002/2023.05.30/NSIDC0081_SEAICE_PS_N25km_20230530_v2.0.nc', '/ecs/DP4/PM/NSIDC-0081.002/2023.05.31/NSIDC0081_SEAICE_PS_N25km_20230531_v2.0.nc', '/ecs/DP4/PM/NSIDC-0081.002/2023.06.01/NSIDC0081_SEAICE_PS_N25km_20230601_v2.0.nc']"
North,2023,6,1,11.907,0,"['/ecs/DP4/PM/NSIDC-0081.002/2023.05.31/NSIDC0081_SEAICE_PS_N25km_20230531_v2.0.nc', '/ecs/DP4/PM/NSIDC-0081.002/2023.06.01/NSIDC0081_SEAICE_PS_N25km_20230601_v2.0.nc', '/ecs/DP4/PM/NSIDC-0081.002/2023.06.02/NSIDC0081_SEAICE_PS_N25km_20230602_v2.0.nc']"
North,2023,6,2,11.843,0,"['/ecs/DP4/PM/NSIDC-0081.002/2023.06.01/NSIDC0081_SEAICE_PS_N25km_20230601_v2.0.nc', '/ecs/DP4/PM/NSIDC-0081.002/2023.06.02/NSIDC0081_SEAICE_PS_N25km_20230602_v2.0.nc', '/ecs/DP4/PM/NSIDC-0081.002/2023.06.03/NSIDC0081_SEAICE_PS_N25km_20230603_v2.0.nc']"
North,2023,6,3,11.786,0,"['/ecs/DP4/PM/NSIDC-0081.002/2023.06.02/NSIDC0081_SEAICE_PS_N25km_20230602_v2.0.nc', '/ecs/DP4/PM/NSIDC-0081.002/2023.06.03/NSIDC0081_SEAICE_PS_N25km_20230603_v2.0.nc', '/ecs/DP4/PM/NSIDC-0081.002/2023.06.04/NSIDC0081_SEAICE_PS_N25km_20230604_v2.0.nc']"
North,2023,6,4,11.788,0,"['/ecs/DP4/PM/NSIDC-0081.002/2023.06.03/NSIDC0081_SEAICE_PS_N25km_20230603_v2.0.nc', '/ecs/DP4/PM/NSIDC-0081.002/2023.06.04/NSIDC0081_SEAICE_PS_N25km_20230604_v2.0.nc', '/ecs/DP4/PM/NSIDC-0081.002/2023.06.05/NSIDC0081_SEAICE_PS_N25km_20230605_v2.0.nc']"
North,2023,6,5,11.761,0,"['/ecs/DP4/PM/NSIDC-0081.002/2023.06.04/NSIDC0081_SEAICE_PS_N25km_20230604_v2.0.nc', '/ecs/DP4/PM/NSIDC-0081.002/2023.06.05/NSIDC0081_SEAICE_PS_N25km_20230605_v2.0.nc', '/ecs/DP4/PM/NSIDC-0081.002/2023.06.06/NSIDC0081_SEAICE_PS_N25km_20230606_v2.0.nc']"
North,2023,6,6,11.676,0,"['/ecs/DP4/PM/NSIDC-0081.002/2023.06.05/NSIDC0081_SEAICE_PS_N25km_20230605_v2.0.nc', '/ecs/DP4/PM/NSIDC-0081.002/2023.06.06/NSIDC0081_SEAICE_PS_N25km_20230606_v2.0.nc', '/ecs/DP4/PM/NSIDC-0081.002/2023.06.07/NSIDC0081_SEAICE_PS_N25km_20230607_v2.0.nc']"
North,2023,6,7,11.594,0,"['/ecs/DP4/PM/NSIDC-0081.002/2023.06.06/NSIDC0081_SEAICE_PS_N25km_20230606_v2.0.nc', '/ecs/DP4/PM/NSIDC-0081.002/2023.06.07/NSIDC0081_SEAICE_PS_N25km_20230607_v2.0.nc', '/ecs/DP4/PM/NSIDC-0081.002/2023.06.08/NSIDC0081_SEAICE_PS_N25km_20230608_v2.0.nc']"
North,2023,6,8,11.551,0,"['/ecs/DP4/PM/NSIDC-0081.002/2023.06.07/NSIDC0081_SEAICE_PS_N25km_20230607_v2.0.nc', '/ecs/DP4/PM/NSIDC-0081.002/2023.06.08/NSIDC0081_SEAICE_PS_N25km_20230608_v2.0.nc', '/ecs/DP4/PM/NSIDC-0081.002/2023.06.09/NSIDC0081_SEAICE_PS_N25km_20230609_v2.0.nc']"
North,2023,6,9,11.526,0,"['/ecs/DP4/PM/NSIDC-0081.002/2023.06.08/NSIDC0081_SEAICE_PS_N25km_20230608_v2.0.nc', '/ecs/DP4/PM/NSIDC-0081.002/2023.06.09/NSIDC0081_SEAICE_PS_N25km_20230609_v2.0.nc', '/ecs/DP4/PM/NSIDC-0081.002/2023.06.10/NSIDC0081_SEAICE_PS_N25km_20230610_v2.0.nc']"
North,2023,6,10,11.463,0,"['/ecs/DP4/PM/NSIDC-0081.002/2023.06.09/NSIDC0081_SEAICE_PS_N25km_20230609_v2.0.nc', '/ecs/DP4/PM/NSIDC-0081.002/2023.06.10/NSIDC0081_SEAICE_PS_N25km_20230610_v2.0.nc', '/ecs/DP4/PM/NSIDC-0081.002/2023.06.11/NSIDC0081_SEAICE_PS_N25km_20230611_v2.0.nc']"
North,2023,6,11,11.392,0,"['/ecs/DP4/PM/NSIDC-0081.002/2023.06.10/NSIDC0081_SEAICE_PS_N25km_20230610_v2.0.nc', '/ecs/DP4/PM/NSIDC-0081.002/2023.06.11/NSIDC0081_SEAICE_PS_N25km_20230611_v2.0.nc', '/ecs/DP4/PM/NSIDC-0081.002/2023.06.12/NSIDC0081_SEAICE_PS_N25km_20230612_v2.0.nc']"
North,2023,6,12,11.33,0, ['/ecs/DP4/PM/NSIDC-0081.002/2023.06.12/NSIDC0081_SEAICE_PS_N25km_20230612_v2.0.nc']
North,2023,6,13,11.235,0,"['/ecs/DP4/PM/NSIDC-0081.002/2023.06.12/NSIDC0081_SEAICE_PS_N25km_20230612_v2.0.nc', '/ecs/DP4/PM/NSIDC-0081.002/2023.06.13/NSIDC0081_SEAICE_PS_N25km_20230613_v2.0.nc', '/ecs/DP4/PM/NSIDC-0081.002/2023.06.14/NSIDC0081_SEAICE_PS_N25km_20230614_v2.0.nc']"
North,2023,6,14,11.101,0,"['/ecs/DP4/PM/NSIDC-0081.002/2023.06.13/NSIDC0081_SEAICE_PS_N25km_20230613_v2.0.nc', '/ecs/DP4/PM/NSIDC-0081.002/2023.06.14/NSIDC0081_SEAICE_PS_N25km_20230614_v2.0.nc', '/ecs/DP4/PM/NSIDC-0081.002/2023.06.15/NSIDC0081_SEAICE_PS_N25km_20230615_v2.0.nc']"
North,2023,6,15,10.995,0,"['/ecs/DP4/PM/NSIDC-0081.002/2023.06.14/NSIDC0081_SEAICE_PS_N25km_20230614_v2.0.nc', '/ecs/DP4/PM/NSIDC-0081.002/2023.06.15/NSIDC0081_SEAICE_PS_N25km_20230615_v2.0.nc', '/ecs/DP4/PM/NSIDC-0081.002/2023.06.16/NSIDC0081_SEAICE_PS_N25km_20230616_v2.0.nc']"
North,2023,6,16,11.009,0,"['/ecs/DP4/PM/NSIDC-0081.002/2023.06.15/NSIDC0081_SEAICE_PS_N25km_20230615_v2.0.nc', '/ecs/DP4/PM/NSIDC-0081.002/2023.06.16/NSIDC0081_SEAICE_PS_N25km_20230616_v2.0.nc', '/ecs/DP4/PM/NSIDC-0081.002/2023.06.17/NSIDC0081_SEAICE_PS_N25km_20230617_v2.0.nc']"
North,2023,6,17,11.004,0,"['/ecs/DP4/PM/NSIDC-0081.002/2023.06.16/NSIDC0081_SEAICE_PS_N25km_20230616_v2.0.nc', '/ecs/DP4/PM/NSIDC-0081.002/2023.06.17/NSIDC0081_SEAICE_PS_N25km_20230617_v2.0.nc', '/ecs/DP4/PM/NSIDC-0081.002/2023.06.18/NSIDC0081_SEAICE_PS_N25km_20230618_v2.0.nc']"
North,2023,6,18,10.977,0,"['/ecs/DP4/PM/NSIDC-0081.002/2023.06.17/NSIDC0081_SEAICE_PS_N25km_20230617_v2.0.nc', '/ecs/DP4/PM/NSIDC-0081.002/2023.06.18/NSIDC0081_SEAICE_PS_N25km_20230618_v2.0.nc', '/ecs/DP4/PM/NSIDC-0081.002/2023.06.19/NSIDC0081_SEAICE_PS_N25km_20230619_v2.0.nc']"
North,2023,6,19,10.885,0,"['/ecs/DP4/PM/NSIDC-0081.002/2023.06.18/NSIDC0081_SEAICE_PS_N25km_20230618_v2.0.nc', '/ecs/DP4/PM/NSIDC-0081.002/2023.06.19/NSIDC0081_SEAICE_PS_N25km_20230619_v2.0.nc', '/ecs/DP4/PM/NSIDC-0081.002/2023.06.20/NSIDC0081_SEAICE_PS_N25km_20230620_v2.0.nc']"
North,2023,6,20,10.638,0,"['/ecs/DP4/PM/NSIDC-0081.002/2023.06.19/NSIDC0081_SEAICE_PS_N25km_20230619_v2.0.nc', '/ecs/DP4/PM/NSIDC-0081.002/2023.06.20/NSIDC0081_SEAICE_PS_N25km_20230620_v2.0.nc', '/ecs/DP4/PM/NSIDC-0081.002/2023.06.21/NSIDC0081_SEAICE_PS_N25km_20230621_v2.0.nc']"
North,2023,6,21,10.53,0,"['/ecs/DP4/PM/NSIDC-0081.002/2023.06.20/NSIDC0081_SEAICE_PS_N25km_20230620_v2.0.nc', '/ecs/DP4/PM/NSIDC-0081.002/2023.06.21/NSIDC0081_SEAICE_PS_N25km_20230621_v2.0.nc', '/ecs/DP4/PM/NSIDC-0081.002/2023.06.22/NSIDC0081_SEAICE_PS_N25km_20230622_v2.0.nc']"
North,2023,6,22,10.544,0,"['/ecs/DP4/PM/NSIDC-0081.002/2023.06.21/NSIDC0081_SEAICE_PS_N25km_20230621_v2.0.nc', '/ecs/DP4/PM/NSIDC-0081.002/2023.06.22/NSIDC0081_SEAICE_PS_N25km_20230622_v2.0.nc', '/ecs/DP4/PM/NSIDC-0081.002/2023.06.23/NSIDC0081_SEAICE_PS_N25km_20230623_v2.0.nc']"
North,2023,6,23,10.471,0,"['/ecs/DP4/PM/NSIDC-0081.002/2023.06.22/NSIDC0081_SEAICE_PS_N25km_20230622_v2.0.nc', '/ecs/DP4/PM/NSIDC-0081.002/2023.06.23/NSIDC0081_SEAICE_PS_N25km_20230623_v2.0.nc', '/ecs/DP4/PM/NSIDC-0081.002/2023.06.24/NSIDC0081_SEAICE_PS_N25km_20230624_v2.0.nc']"
North,2023,6,24,10.37,0,"['/ecs/DP4/PM/NSIDC-0081.002/2023.06.23/NSIDC0081_SEAICE_PS_N25km_20230623_v2.0.nc', '/ecs/DP4/PM/NSIDC-0081.002/2023.06.24/NSIDC0081_SEAICE_PS_N25km_20230624_v2.0.nc', '/ecs/DP4/PM/NSIDC-0081.002/2023.06.25/NSIDC0081_SEAICE_PS_N25km_20230625_v2.0.nc']"
North,2023,6,25,10.246,0,"['/ecs/DP4/PM/NSIDC-0081.002/2023.06.24/NSIDC0081_SEAICE_PS_N25km_20230624_v2.0.nc', '/ecs/DP4/PM/NSIDC-0081.002/2023.06.25/NSIDC0081_SEAICE_PS_N25km_20230625_v2.0.nc', '/ecs/DP4/PM/NSIDC-0081.002/2023.06.26/NSIDC0081_SEAICE_PS_N25km_20230626_v2.0.nc']"
North,2023,6,26,10.074,0,"['/ecs/DP4/PM/NSIDC-0081.002/2023.06.25/NSIDC0081_SEAICE_PS_N25km_20230625_v2.0.nc', '/ecs/DP4/PM/NSIDC-0081.002/2023.06.26/NSIDC0081_SEAICE_PS_N25km_20230626_v2.0.nc', '/ecs/DP4/PM/NSIDC-0081.002/2023.06.27/NSIDC0081_SEAICE_PS_N25km_20230627_v2.0.nc']"
North,2023,6,27,9.94,0,"['/ecs/DP4/PM/NSIDC-0081.002/2023.06.26/NSIDC0081_SEAICE_PS_N25km_20230626_v2.0.nc', '/ecs/DP4/PM/NSIDC-0081.002/2023.06.27/NSIDC0081_SEAICE_PS_N25km_20230627_v2.0.nc', '/ecs/DP4/PM/NSIDC-0081.002/2023.06.28/NSIDC0081_SEAICE_PS_N25km_20230628_v2.0.nc']"
North,2023,6,28,9.851,0,"['/ecs/DP4/PM/NSIDC-0081.002/2023.06.27/NSIDC0081_SEAICE_PS_N25km_20230627_v2.0.nc', '/ecs/DP4/PM/NSIDC-0081.002/2023.06.28/NSIDC0081_SEAICE_PS_N25km_20230628_v2.0.nc', '/ecs/DP4/PM/NSIDC-0081.002/2023.06.29/NSIDC0081_SEAICE_PS_N25km_20230629_v2.0.nc']"
North,2023,6,29,9.766,0,"['/ecs/DP4/PM/NSIDC-0081.002/2023.06.28/NSIDC0081_SEAICE_PS_N25km_20230628_v2.0.nc', '/ecs/DP4/PM/NSIDC-0081.002/2023.06.29/NSIDC0081_SEAICE_PS_N25km_20230629_v2.0.nc', '/ecs/DP4/PM/NSIDC-0081.002/2023.06.30/NSIDC0081_SEAICE_PS_N25km_20230630_v2.0.nc']"
North,2023,6,30,9.647,0,"['/ecs/DP4/PM/NSIDC-0081.002/2023.06.29/NSIDC0081_SEAICE_PS_N25km_20230629_v2.0.nc', '/ecs/DP4/PM/NSIDC-0081.002/2023.06.30/NSIDC0081_SEAICE_PS_N25km_20230630_v2.0.nc', '/ecs/DP4/PM/NSIDC-0081.002/2023.07.01/NSIDC0081_SEAICE_PS_N25km_20230701_v2.0.nc']"
North,2023,7,1,9.488,0,"['/ecs/DP4/PM/NSIDC-0081.002/2023.06.30/NSIDC0081_SEAICE_PS_N25km_20230630_v2.0.nc', '/ecs/DP4/PM/NSIDC-0081.002/2023.07.01/NSIDC0081_SEAICE_PS_N25km_20230701_v2.0.nc', '/ecs/DP4/PM/NSIDC-0081.002/2023.07.02/NSIDC0081_SEAICE_PS_N25km_20230702_v2.0.nc']"
North,2023,7,2,9.489,0,"['/ecs/DP4/PM/NSIDC-0081.002/2023.07.01/NSIDC0081_SEAICE_PS_N25km_20230701_v2.0.nc', '/ecs/DP4/PM/NSIDC-0081.002/2023.07.02/NSIDC0081_SEAICE_PS_N25km_20230702_v2.0.nc', '/ecs/DP4/PM/NSIDC-0081.002/2023.07.03/NSIDC0081_SEAICE_PS_N25km_20230703_v2.0.nc']"
North,2023,7,3,9.412,0,"['/ecs/DP4/PM/NSIDC-0081.002/2023.07.02/NSIDC0081_SEAICE_PS_N25km_20230702_v2.0.nc', '/ecs/DP4/PM/NSIDC-0081.002/2023.07.03/NSIDC0081_SEAICE_PS_N25km_20230703_v2.0.nc', '/ecs/DP4/PM/NSIDC-0081.002/2023.07.04/NSIDC0081_SEAICE_PS_N25km_20230704_v2.0.nc']"
North,2023,7,4,9.297,0,"['/ecs/DP4/PM/NSIDC-0081.002/2023.07.03/NSIDC0081_SEAICE_PS_N25km_20230703_v2.0.nc', '/ecs/DP4/PM/NSIDC-0081.002/2023.07.04/NSIDC0081_SEAICE_PS_N25km_20230704_v2.0.nc', '/ecs/DP4/PM/NSIDC-0081.002/2023.07.05/NSIDC0081_SEAICE_PS_N25km_20230705_v2.0.nc']"
North,2023,7,5,9.186,0, ['/ecs/DP4/PM/NSIDC-0081.002/2023.07.05/NSIDC0081_SEAICE_PS_N25km_20230705_v2.0.nc']
North,2023,7,6,9.138,0,"['/ecs/DP4/PM/NSIDC-0081.002/2023.07.05/NSIDC0081_SEAICE_PS_N25km_20230705_v2.0.nc', '/ecs/DP4/PM/NSIDC-0081.002/2023.07.06/NSIDC0081_SEAICE_PS_N25km_20230706_v2.0.nc', '/ecs/DP4/PM/NSIDC-0081.002/2023.07.07/NSIDC0081_SEAICE_PS_N25km_20230707_v2.0.nc']"
North,2023,7,7,9.054,0,"['/ecs/DP4/PM/NSIDC-0081.002/2023.07.06/NSIDC0081_SEAICE_PS_N25km_20230706_v2.0.nc', '/ecs/DP4/PM/NSIDC-0081.002/2023.07.07/NSIDC0081_SEAICE_PS_N25km_20230707_v2.0.nc', '/ecs/DP4/PM/NSIDC-0081.002/2023.07.08/NSIDC0081_SEAICE_PS_N25km_20230708_v2.0.nc']"
North,2023,7,8,9.02,0,"['/ecs/DP4/PM/NSIDC-0081.002/2023.07.07/NSIDC0081_SEAICE_PS_N25km_20230707_v2.0.nc', '/ecs/DP4/PM/NSIDC-0081.002/2023.07.08/NSIDC0081_SEAICE_PS_N25km_20230708_v2.0.nc', '/ecs/DP4/PM/NSIDC-0081.002/2023.07.09/NSIDC0081_SEAICE_PS_N25km_20230709_v2.0.nc']"
North,2023,7,9,8.913,0,"['/ecs/DP4/PM/NSIDC-0081.002/2023.07.08/NSIDC0081_SEAICE_PS_N25km_20230708_v2.0.nc', '/ecs/DP4/PM/NSIDC-0081.002/2023.07.09/NSIDC0081_SEAICE_PS_N25km_20230709_v2.0.nc', '/ecs/DP4/PM/NSIDC-0081.002/2023.07.10/NSIDC0081_SEAICE_PS_N25km_20230710_v2.0.nc']"
North,2023,7,10,8.872,0,"['/ecs/DP4/PM/NSIDC-0081.002/2023.07.09/NSIDC0081_SEAICE_PS_N25km_20230709_v2.0.nc', '/ecs/DP4/PM/NSIDC-0081.002/2023.07.10/NSIDC0081_SEAICE_PS_N25km_20230710_v2.0.nc', '/ecs/DP4/PM/NSIDC-0081.002/2023.07.11/NSIDC0081_SEAICE_PS_N25km_20230711_v2.0.nc']"
North,2023,7,11,8.773,0,"['/ecs/DP4/PM/NSIDC-0081.002/2023.07.10/NSIDC0081_SEAICE_PS_N25km_20230710_v2.0.nc', '/ecs/DP4/PM/NSIDC-0081.002/2023.07.11/NSIDC0081_SEAICE_PS_N25km_20230711_v2.0.nc', '/ecs/DP4/PM/NSIDC-0081.002/2023.07.12/NSIDC0081_SEAICE_PS_N25km_20230712_v2.0.nc']"
North,2023,7,12,8.596,0,"['/ecs/DP4/PM/NSIDC-0081.002/2023.07.11/NSIDC0081_SEAICE_PS_N25km_20230711_v2.0.nc', '/ecs/DP4/PM/NSIDC-0081.002/2023.07.12/NSIDC0081_SEAICE_PS_N25km_20230712_v2.0.nc', '/ecs/DP4/PM/NSIDC-0081.002/2023.07.13/NSIDC0081_SEAICE_PS_N25km_20230713_v2.0.nc']"
North,2023,7,13,8.466,0,"['/ecs/DP4/PM/NSIDC-0081.002/2023.07.12/NSIDC0081_SEAICE_PS_N25km_20230712_v2.0.nc', '/ecs/DP4/PM/NSIDC-0081.002/2023.07.13/NSIDC0081_SEAICE_PS_N25km_20230713_v2.0.nc', '/ecs/DP4/PM/NSIDC-0081.002/2023.07.14/NSIDC0081_SEAICE_PS_N25km_20230714_v2.0.nc']"
North,2023,7,14,8.375,0,"['/ecs/DP4/PM/NSIDC-0081.002/2023.07.13/NSIDC0081_SEAICE_PS_N25km_20230713_v2.0.nc', '/ecs/DP4/PM/NSIDC-0081.002/2023.07.14/NSIDC0081_SEAICE_PS_N25km_20230714_v2.0.nc', '/ecs/DP4/PM/NSIDC-0081.002/2023.07.15/NSIDC0081_SEAICE_PS_N25km_20230715_v2.0.nc']"
North,2023,7,15,8.286,0,"['/ecs/DP4/PM/NSIDC-0081.002/2023.07.14/NSIDC0081_SEAICE_PS_N25km_20230714_v2.0.nc', '/ecs/DP4/PM/NSIDC-0081.002/2023.07.15/NSIDC0081_SEAICE_PS_N25km_20230715_v2.0.nc', '/ecs/DP4/PM/NSIDC-0081.002/2023.07.16/NSIDC0081_SEAICE_PS_N25km_20230716_v2.0.nc']"
North,2023,7,16,8.143,0,"['/ecs/DP4/PM/NSIDC-0081.002/2023.07.15/NSIDC0081_SEAICE_PS_N25km_20230715_v2.0.nc', '/ecs/DP4/PM/NSIDC-0081.002/2023.07.16/NSIDC0081_SEAICE_PS_N25km_20230716_v2.0.nc', '/ecs/DP4/PM/NSIDC-0081.002/2023.07.17/NSIDC0081_SEAICE_PS_N25km_20230717_v2.0.nc']"
North,2023,7,17,8.054,0,"['/ecs/DP4/PM/NSIDC-0081.002/2023.07.16/NSIDC0081_SEAICE_PS_N25km_20230716_v2.0.nc', '/ecs/DP4/PM/NSIDC-0081.002/2023.07.17/NSIDC0081_SEAICE_PS_N25km_20230717_v2.0.nc', '/ecs/DP4/PM/NSIDC-0081.002/2023.07.18/NSIDC0081_SEAICE_PS_N25km_20230718_v2.0.nc']"
North,2023,7,18,8.041,0,"['/ecs/DP4/PM/NSIDC-0081.002/2023.07.17/NSIDC0081_SEAICE_PS_N25km_20230717_v2.0.nc', '/ecs/DP4/PM/NSIDC-0081.002/2023.07.18/NSIDC0081_SEAICE_PS_N25km_20230718_v2.0.nc', '/ecs/DP4/PM/NSIDC-0081.002/2023.07.19/NSIDC0081_SEAICE_PS_N25km_20230719_v2.0.nc']"
North,2023,7,19,7.857,0,"['/ecs/DP4/PM/NSIDC-0081.002/2023.07.18/NSIDC0081_SEAICE_PS_N25km_20230718_v2.0.nc', '/ecs/DP4/PM/NSIDC-0081.002/2023.07.19/NSIDC0081_SEAICE_PS_N25km_20230719_v2.0.nc', '/ecs/DP4/PM/NSIDC-0081.002/2023.07.20/NSIDC0081_SEAICE_PS_N25km_20230720_v2.0.nc']"
North,2023,7,20,7.64,0,"['/ecs/DP4/PM/NSIDC-0081.002/2023.07.19/NSIDC0081_SEAICE_PS_N25km_20230719_v2.0.nc', '/ecs/DP4/PM/NSIDC-0081.002/2023.07.20/NSIDC0081_SEAICE_PS_N25km_20230720_v2.0.nc', '/ecs/DP4/PM/NSIDC-0081.002/2023.07.21/NSIDC0081_SEAICE_PS_N25km_20230721_v2.0.nc']"
North,2023,7,21,7.629,0, ['/ecs/DP4/PM/NSIDC-0081.002/2023.07.21/NSIDC0081_SEAICE_PS_N25km_20230721_v2.0.nc']
North,2023,7,22,7.604,0,"['/ecs/DP4/PM/NSIDC-0081.002/2023.07.21/NSIDC0081_SEAICE_PS_N25km_20230721_v2.0.nc', '/ecs/DP4/PM/NSIDC-0081.002/2023.07.22/NSIDC0081_SEAICE_PS_N25km_20230722_v2.0.nc', '/ecs/DP4/PM/NSIDC-0081.002/2023.07.23/NSIDC0081_SEAICE_PS_N25km_20230723_v2.0.nc']"
North,2023,7,23,7.485,0,"['/ecs/DP4/PM/NSIDC-0081.002/2023.07.22/NSIDC0081_SEAICE_PS_N25km_20230722_v2.0.nc', '/ecs/DP4/PM/NSIDC-0081.002/2023.07.23/NSIDC0081_SEAICE_PS_N25km_20230723_v2.0.nc']"
